1 0 0 0 0.1 0 0.1 0 0 0 0 0 0 0.3 0 0 0 0 0 0 0 0 0 0 0 0 0 0.4 0 0 0 0 0 0 0 0 0 0 0 0.1 0 0 0 0 0 0 0 0 0 0 0 0 0 0 0 0 0 0 0 0 0 0.4 0 0 0 0 0 0.4 0 0 0.1 0 0 0 0 0 0 0 0 0 0 0 0 0 0 0 0.1 0 0 0 0 0 0 0 0 0 0 0 0 0 0 
1 0 0 0 0 0 0 0.0555556 0 0.0555556 0 0 0 0 0 0.166667 0 0 0 0 0 0 0 0 0 0 0 0 0.222222 0 0.277778 0 0 0 0 0 0 0 0 0.166667 0 0 0 0 0 0.0555556 0 0 0 0 0 0 0.0555556 0 0 0.0555556 0 0 0 0 0 0 0 0 0 0.222222 0 0.111111 0 0 0 0 0 0 0.0555556 0.0555556 0 0 0 0.111111 0 0 0.0555556 0 0 0 0.111111 0 0 0 0.0555556 0 0.0555556 0 0 0.0555556 0 0 0 0 0 
1 0 0 0 0.166667 0 0 0 0 0 0 0 0 0 0 0 0 0 0 0 0 0 0 0 0 0 0 0.833333 0 0 0 0 0 0 0 0 0 0 0 0 0 0 0 0 0 0 0 0 0 0 0 0 0 0 0 0 0 0 0 0 0 0.5 0 0 0 0 0 0.166667 0 0 0 0 0 0 0 0 0 0 0 0 0 0 0 0 0 0 0.333333 0 0 0 0 0 0 0 0 0 0 0 0 0 0 
1 0 0 0 0 0 0.047619 0 0 0 0 0 0.0952381 0.428571 0 0 0 0 0 0 0 0 0 0 0 0 0 0 0 0 0.142857 0 0 0 0 0 0.142857 0 0 0.142857 0 0 0 0 0 0 0 0 0 0 0 0 0 0 0 0 0 0 0 0 0 0 0.0952381 0.047619 0.190476 0 0 0.142857 0 0 0.142857 0 0 0 0 0 0 0 0 0 0 0 0 0.047619 0 0 0.190476 0 0 0 0.047619 0 0 0 0 0.0952381 0 0 0 0 0 
1 0 0 0 0 0 0.3 0 0 0 0 0 0 0 0.4 0 0 0 0 0 0 0 0 0 0 0 0 0.3 0 0 0 0 0 0 0 0 0 0 0 0 0 0 0 0 0 0 0 0 0 0 0 0 0.1 0.1 0 0.1 0 0 0.3 0 0 0.1 0 0.1 0 0 0 0 0 0 0 0 0 0 0 0 0 0 0 0 0 0 0 0 0.1 0 0 0 0 0 0 0 0 0 0 0 0 0.1 0 0 0 
1 0 0 0 0.181818 0 0.0909091 0 0 0.0909091 0 0 0 0 0.272727 0 0 0 0 0 0 0 0 0 0 0 0 0.0909091 0 0 0.181818 0 0 0 0 0 0.0909091 0 0 0 0 0 0 0 0 0 0 0 0 0 0 0.0909091 0.0909091 0 0.0909091 0 0 0 0 0 0 0.0909091 0 0 0 0 0 0.181818 0 0 0.0909091 0 0 0 0 0.181818 0 0 0 0.0909091 0 0 0 0 0 0 0 0 0 0 0 0 0 0 0.0909091 0 0 0 0 0 0 
1 0 0 0 0 0 0 0 0 0 0 0 0 0 0.25 0 0 0 0 0.125 0 0 0 0 0 0 0 0.5 0 0 0 0 0 0 0 0 0 0 0 0 0 0 0 0.125 0 0 0 0 0 0 0 0 0 0 0 0.125 0 0 0.125 0 0 0.5 0 0.125 0 0 0 0 0 0 0 0.125 0 0 0 0 0 0 0 0 0 0 0 0 0 0 0 0 0 0 0 0 0 0 0 0 0 0 0 0 0 
1 0 0 0 0 0 0.0833333 0 0 0.333333 0 0 0 0 0.0833333 0 0 0 0 0 0 0 0 0 0 0 0 0.416667 0 0 0 0 0 0 0 0.0833333 0 0 0 0 0 0 0 0 0 0 0 0 0 0 0 0 0 0 0 0.0833333 0 0 0 0 0 0.25 0.0833333 0 0 0 0.0833333 0.166667 0 0 0 0.0833333 0 0 0 0.0833333 0 0 0 0 0 0 0 0 0 0 0.166667 0 0 0 0 0 0 0 0 0 0 0 0 0 0 
1 0 0 0 0.142857 0 0 0 0 0.571429 0 0 0 0 0 0 0 0 0 0 0 0 0 0 0 0 0 0 0 0 0 0 0 0 0 0 0 0 0 0.142857 0 0 0 0 0 0 0.142857 0 0 0 0 0.142857 0 0 0 0 0 0 0 0 0 0.142857 0 0 0 0 0 0 0 0 0 0 0 0 0 0 0 0 0 0 0 0 0 0 0 0 0.142857 0.571429 0 0 0 0 0 0 0 0 0 0 0 0 0 
1 0 0 0.08 0.04 0 0 0 0 0 0 0 0 0 0 0 0 0 0 0.4 0.08 0 0 0 0 0 0 0 0 0 0.04 0 0 0 0 0 0 0 0 0.08 0 0 0 0 0 0 0.16 0 0 0 0.12 0.32 0 0 0 0.08 0 0.04 0 0 0 0.04 0.04 0 0 0 0.04 0.08 0 0 0.08 0 0.04 0.08 0 0 0 0 0 0.04 0 0 0.04 0 0 0 0 0 0.04 0.04 0 0 0 0 0 0 0 0 0 0 0 
1 0.0909091 0 0 0 0 0 0 0 0.181818 0 0 0 0 0.0909091 0 0 0 0 0.0909091 0 0 0 0 0 0 0 0.0909091 0 0.181818 0.0909091 0 0 0 0 0 0 0 0 0.0909091 0 0 0 0 0 0 0 0 0 0.0909091 0 0 0 0 0 0 0 0 0 0 0 0.0909091 0 0.0909091 0 0 0.181818 0.0909091 0 0 0 0 0 0 0 0 0 0 0 0.0909091 0 0 0 0.0909091 0.0909091 0 0.0909091 0 0 0.0909091 0 0 0 0 0 0 0 0.0909091 0 0 0 
1 0 0 0 0 0 0 0 0.111111 0.222222 0 0 0 0 0 0 0 0 0 0 0 0 0 0 0 0 0 0.555556 0 0 0 0 0 0 0 0.111111 0 0 0 0 0 0 0 0 0 0 0 0 0 0 0 0 0 0 0 0 0 0 0 0 0 0.333333 0 0 0 0 0.111111 0.222222 0 0 0 0 0 0 0 0 0 0 0 0 0 0 0 0 0.111111 0 0 0 0 0.222222 0 0 0 0 0 0 0 0 0 0 0 
1 0 0 0 0.111111 0 0.111111 0 0 0 0 0 0 0 0.111111 0 0 0 0 0 0 0 0 0 0 0 0 0.555556 0 0 0.111111 0 0 0 0 0 0 0 0 0 0 0 0 0 0 0 0 0 0 0 0 0 0 0 0 0.111111 0 0.111111 0 0 0 0.555556 0 0 0 0 0 0 0 0 0 0.111111 0 0 0 0 0 0 0 0 0 0 0 0 0 0 0 0 0 0 0 0 0 0 0 0 0 0.111111 0 0 0 
1 0 0 0 0 0 0.0769231 0 0 0 0 0 0 0 0 0 0 0 0 0 0 0 0 0 0 0 0 0.307692 0 0 0.461538 0 0 0 0 0 0.153846 0 0 0 0 0 0 0 0 0 0 0 0 0 0 0 0 0 0 0 0 0 0 0 0 0.307692 0 0 0 0 0 0.307692 0 0 0.0769231 0 0 0 0 0.0769231 0 0 0 0 0 0 0 0 0 0 0 0 0 0 0 0 0 0 0.153846 0.0769231 0 0 0 0 0 
2 0 0 0 0 0 0 0.125 0 0.125 0 0 0 0 0.125 0 0 0 0 0 0 0 0 0 0 0 0 0.5 0 0 0.125 0 0 0 0 0 0 0 0 0 0 0 0 0 0 0 0 0 0 0 0 0 0 0 0 0 0 0 0 0 0 0.25 0 0 0 0 0 0.25 0 0 0 0 0 0 0 0 0 0 0 0.125 0 0 0 0 0.125 0 0.125 0.125 0 0 0 0 0 0 0 0 0 0 0 0 0 
2 0 0 0 0.16129 0 0 0 0 0 0 0 0 0.16129 0 0 0 0 0 0 0.0645161 0 0 0 0 0 0 0 0 0 0.0645161 0 0 0 0 0.0967742 0 0 0 0.322581 0.0645161 0 0 0 0 0 0 0 0.0322581 0 0.0322581 0.0322581 0 0 0 0.0322581 0 0 0 0 0 0 0 0 0.0645161 0 0 0.129032 0 0.0645161 0.16129 0 0.0322581 0 0.0322581 0.0322581 0 0 0 0 0.193548 0 0 0 0 0 0.0322581 0 0 0.0645161 0.0322581 0 0 0 0.0645161 0.0322581 0 0 0 0 0 
2 0 0 0 0.111111 0 0.111111 0 0.111111 0 0 0 0 0.111111 0.111111 0 0 0 0 0 0 0 0 0 0 0 0 0.111111 0 0 0.111111 0 0 0 0 0 0 0 0 0 0 0 0 0 0.111111 0 0.111111 0 0 0 0 0 0 0 0 0 0 0 0 0 0 0.333333 0 0.111111 0 0 0.222222 0 0 0 0 0.111111 0 0 0 0 0 0 0 0 0 0 0 0 0 0 0 0.222222 0 0 0 0 0 0 0 0 0 0 0 0 0 
2 0 0 0 0.368421 0 0 0 0 0.0526316 0 0 0 0 0 0 0 0 0 0.157895 0 0 0 0 0.210526 0 0 0.0526316 0 0 0.0526316 0 0 0 0 0 0 0 0 0.0526316 0 0 0 0 0 0 0.0526316 0 0 0 0 0.0526316 0 0 0 0.105263 0 0 0 0 0 0.0526316 0 0.105263 0 0 0 0 0 0 0.0526316 0 0.0526316 0.263158 0 0.0526316 0 0 0 0 0 0 0 0 0 0 0 0.105263 0 0.105263 0 0 0 0 0 0.0526316 0 0 0 0 0 
2 0.0526316 0 0 0 0 0.263158 0 0.157895 0.0526316 0 0 0 0 0.263158 0 0 0 0 0 0 0 0 0 0 0 0 0.105263 0 0 0.105263 0 0 0 0 0 0 0 0 0 0 0 0 0 0 0 0 0 0 0 0 0 0.0526316 0 0 0.0526316 0 0.210526 0.157895 0 0.105263 0.105263 0 0.0526316 0 0 0 0.0526316 0 0 0 0 0.0526316 0 0 0 0 0 0 0 0 0 0 0 0.0526316 0 0.0526316 0 0 0 0 0 0 0 0.0526316 0 0 0 0 0 0 
2 0 0 0 0.166667 0 0.111111 0.222222 0 0 0 0 0 0 0 0 0 0 0 0 0 0 0 0 0 0 0 0 0 0 0.277778 0 0 0 0 0.111111 0 0 0 0.0555556 0 0 0 0 0 0 0 0 0 0 0.0555556 0.0555556 0.111111 0.0555556 0 0 0 0 0 0 0 0.0555556 0 0 0 0 0 0.166667 0 0 0.0555556 0.111111 0 0 0.0555556 0 0 0 0 0 0 0 0 0 0 0 0.0555556 0 0 0.166667 0 0 0 0 0.111111 0 0 0 0 0 0 
2 0 0 0 0.2 0 0 0 0 0.1 0 0 0 0 0.2 0 0 0 0 0 0.1 0 0 0 0 0 0 0.2 0 0.1 0.1 0 0 0 0 0 0 0 0 0 0 0 0 0 0 0 0 0 0 0 0 0 0.1 0.1 0 0 0 0 0.1 0 0 0.3 0 0.1 0 0 0.1 0.1 0 0 0 0.1 0 0 0 0 0 0 0 0 0 0 0 0 0 0 0 0 0 0 0 0 0 0 0 0 0 0 0 0 0 
2 0 0 0.037037 0.222222 0 0 0.037037 0 0.037037 0 0 0 0.0740741 0 0 0 0 0 0.0740741 0.185185 0 0 0 0 0 0 0 0 0 0.037037 0.037037 0 0 0 0 0 0 0 0.0740741 0 0 0 0 0 0.0740741 0 0 0.111111 0 0 0.037037 0.0740741 0 0 0 0 0 0 0 0 0 0 0 0.111111 0 0 0.037037 0 0.111111 0.037037 0 0.0740741 0 0.037037 0 0 0 0 0.037037 0.037037 0 0.037037 0 0 0 0.0740741 0 0 0.0740741 0 0 0.037037 0 0.111111 0.037037 0.037037 0 0 0 0 
2 0 0 0.133333 0.133333 0 0 0.0666667 0 0.2 0 0 0 0 0.2 0 0 0 0 0 0 0 0 0.0666667 0 0 0 0 0 0 0.0666667 0 0 0 0 0 0 0 0 0.133333 0 0 0 0 0 0 0 0 0 0 0 0 0 0 0 0 0 0 0.0666667 0 0 0 0 0 0 0 0 0.2 0 0.0666667 0.0666667 0.0666667 0 0 0 0 0 0 0 0.133333 0 0 0 0 0.133333 0 0.133333 0 0 0 0 0 0 0 0 0.133333 0 0 0 0 0 
2 0 0 0 0.190476 0 0 0.190476 0 0.047619 0 0 0 0.047619 0 0 0 0 0 0.047619 0 0 0 0 0 0 0 0 0 0 0.190476 0 0 0 0 0.190476 0 0 0 0.0952381 0 0 0 0 0 0 0 0 0 0 0 0 0.142857 0 0 0.0952381 0 0 0 0 0 0.0952381 0 0 0.047619 0 0.047619 0.238095 0 0 0.047619 0 0 0 0 0.047619 0 0 0 0 0 0 0 0 0 0 0 0.047619 0 0.047619 0 0 0 0 0.0952381 0.047619 0 0 0 0 0 
2 0.111111 0 0 0 0 0 0 0.111111 0 0 0 0 0 0.111111 0 0 0 0 0 0 0 0 0 0 0 0 0.444444 0 0 0.111111 0 0 0 0 0 0 0 0 0 0 0 0 0 0 0 0 0 0 0.111111 0 0 0 0 0 0.111111 0 0 0 0 0 0.444444 0 0 0 0 0 0.111111 0 0 0 0.111111 0 0 0 0 0 0 0 0.111111 0 0 0 0 0 0 0 0 0 0 0 0 0 0 0 0 0 0 0 0 0.111111 
2 0 0 0 0 0 0.0714286 0.0714286 0 0.0714286 0 0 0 0 0 0 0 0 0 0 0 0 0 0 0 0 0 0.571429 0 0.0714286 0.142857 0 0 0 0 0 0 0 0 0 0 0 0 0 0 0 0 0 0 0 0 0 0.0714286 0 0 0.0714286 0 0 0 0 0 0.642857 0 0 0 0 0 0 0 0 0.142857 0 0 0 0 0 0 0 0 0 0 0 0 0 0 0 0 0 0 0 0 0 0 0 0.0714286 0 0 0 0 0 0 
2 0.2 0 0 0.0666667 0 0.266667 0 0 0 0 0 0 0 0.266667 0 0 0 0 0 0 0 0 0 0 0 0 0.0666667 0 0 0.133333 0 0 0 0 0 0 0 0 0 0 0 0 0 0 0 0 0 0 0 0 0.133333 0 0 0 0 0 0 0.0666667 0 0 0.133333 0 0.133333 0 0 0 0.266667 0 0 0 0 0 0 0 0 0 0 0 0 0 0 0 0 0.0666667 0 0 0 0 0.0666667 0 0 0 0 0.0666667 0 0 0 0 0 0.0666667 
2 0 0 0 0.142857 0 0.0714286 0 0 0 0 0 0 0 0 0 0 0 0 0 0 0 0 0 0 0 0 0.214286 0 0 0.214286 0 0 0 0 0.214286 0 0 0 0.142857 0 0 0 0 0 0 0 0 0 0 0 0 0 0 0 0 0 0 0 0 0 0 0 0 0 0 0.0714286 0.5 0 0 0.142857 0.0714286 0 0 0 0.142857 0 0 0 0 0 0 0 0 0 0 0 0 0 0 0 0 0 0 0.0714286 0 0 0 0 0 0 
3 0 0 0 0.117647 0 0.0588235 0 0 0 0 0 0 0 0.0588235 0 0 0 0 0 0 0 0 0 0.0588235 0 0 0.117647 0 0 0.176471 0 0 0 0 0 0 0 0 0 0 0 0 0.235294 0 0 0.176471 0 0 0 0 0 0.0588235 0 0 0 0 0 0 0 0 0.176471 0 0.117647 0 0 0 0.0588235 0 0 0 0 0 0 0.0588235 0 0 0 0 0.0588235 0 0 0 0 0 0 0 0.176471 0 0 0 0 0.0588235 0 0 0 0 0.235294 0 0 0 
3 0 0 0 0 0 0 0.08 0 0.12 0 0 0 0 0 0 0 0 0 0.04 0.08 0 0 0 0.08 0 0 0.08 0 0 0.16 0 0 0 0 0.08 0 0 0 0.12 0.16 0 0 0 0 0 0 0 0 0 0 0 0.04 0 0 0.2 0 0 0 0 0 0 0.08 0.04 0 0 0 0 0 0 0 0 0.12 0.04 0 0.12 0 0 0 0 0.04 0 0 0 0 0 0 0 0 0.12 0 0.04 0.16 0 0 0 0 0 0 0 0 
3 0 0 0 0 0 0 0 0 0.0909091 0 0 0 0 0 0 0 0 0 0 0 0 0 0 0 0 0 0 0 0 0 0.0909091 0 0 0 0 0 0 0 0 0 0 0 0.272727 0.0909091 0 0.454545 0 0 0 0 0.0909091 0 0 0 0 0 0 0 0 0 0 0 0 0 0 0 0 0 0 0 0 0 0 0 0 0 0 0 0 0 0 0 0 0 0 0 0.181818 0 0 0 0.181818 0 0 0 0 0 0.545455 0 0 0 
3 0 0 0 0.0689655 0 0 0 0 0 0 0 0 0 0 0 0 0 0 0.0689655 0 0 0 0 0 0 0 0 0 0 0 0 0 0 0 0 0 0 0 0 0 0 0 0 0.137931 0 0.724138 0 0 0 0 0.413793 0 0 0 0 0 0 0 0 0 0 0.0344828 0 0 0 0 0 0 0 0 0 0 0 0 0.0344828 0 0 0 0 0 0 0 0 0 0 0 0.37931 0 0 0 0 0 0 0 0 0.0344828 0.103448 0 0 0 
3 0 0 0 0.153846 0 0.0769231 0 0 0 0 0 0 0 0.153846 0 0 0 0 0 0 0 0 0 0 0 0 0.230769 0 0 0.0769231 0 0 0 0 0.153846 0 0 0 0 0 0 0 0 0.0769231 0 0.0769231 0 0 0 0 0.0769231 0 0 0 0 0 0 0 0.0769231 0 0.153846 0 0.0769231 0 0 0.0769231 0 0 0 0 0 0 0 0 0.0769231 0 0 0 0 0 0 0 0 0.0769231 0 0 0.0769231 0 0 0 0 0.0769231 0 0 0 0 0.230769 0 0 0 
3 0 0 0 0.0689655 0 0 0.0344828 0 0.0689655 0 0 0 0 0.137931 0 0 0 0 0.0344828 0 0 0.0344828 0 0.0344828 0 0 0 0 0 0 0 0.0344828 0 0 0 0 0 0 0 0 0 0 0 0.137931 0 0.413793 0 0 0 0 0.275862 0.0689655 0 0 0 0 0 0 0 0 0 0 0.0344828 0 0 0.0344828 0 0 0 0.0344828 0.0344828 0 0 0 0.0689655 0 0.0344828 0 0 0 0 0 0 0.103448 0 0 0.206897 0 0 0 0 0.0344828 0 0 0 0.0344828 0 0 0 0.0344828 
3 0 0 0 0 0 0 0 0 0 0 0 0 0 0.363636 0 0 0 0 0 0 0 0 0 0 0 0 0 0 0 0 0 0 0.0909091 0 0 0 0 0 0 0 0 0 0.181818 0.181818 0 0.181818 0 0 0 0 0 0 0 0 0 0 0 0 0 0 0 0.0909091 0.0909091 0 0 0.0909091 0 0 0 0 0 0 0 0 0 0 0 0.181818 0 0 0 0 0 0.0909091 0 0 0.181818 0 0 0 0.0909091 0 0 0 0 0.0909091 0.0909091 0 0 0 
3 0 0 0 0 0 0 0 0 0 0 0 0 0 0.5 0 0 0.1 0 0 0 0.2 0 0 0 0 0 0 0 0 0 0 0 0 0 0 0 0 0 0 0 0 0 0.1 0 0 0.1 0 0 0 0 0 0 0 0 0 0 0 0.1 0 0 0 0 0.1 0 0 0 0 0 0 0 0.2 0 0 0 0.1 0 0 0 0 0 0 0 0 0.4 0 0 0.1 0 0 0 0 0 0 0 0 0 0 0 0 0 
3 0 0 0 0 0 0.0769231 0 0 0 0 0 0 0 0.0769231 0 0.0769231 0 0 0 0 0 0 0 0.0769231 0 0 0 0 0 0 0 0 0 0 0 0 0 0 0 0 0 0 0.615385 0 0 0.0769231 0 0 0 0 0 0 0 0 0 0 0 0.0769231 0 0 0.0769231 0 0.153846 0 0 0 0 0 0 0 0 0 0.0769231 0 0 0 0 0 0 0 0 0 0 0 0 0 0.230769 0 0 0 0 0 0 0 0 0 0.384615 0 0 0 
3 0 0 0 0.0588235 0 0.235294 0 0 0 0 0 0 0.117647 0 0 0.0588235 0 0 0 0 0.0588235 0 0 0 0 0 0 0.235294 0 0 0 0 0 0 0.117647 0 0 0 0.0588235 0 0 0 0.0588235 0 0 0 0 0 0 0 0 0 0 0 0.117647 0 0.0588235 0 0 0 0 0 0 0 0.0588235 0 0.117647 0 0 0 0.176471 0 0.0588235 0.176471 0.0588235 0 0 0 0.0588235 0 0 0 0 0 0 0 0.117647 0 0 0 0 0 0 0 0 0 0 0 0 0 
3 0 0 0 0.0714286 0 0 0 0 0.0714286 0 0 0 0 0.5 0 0 0 0 0 0 0 0 0 0 0 0 0 0 0 0 0 0 0 0 0 0 0 0 0 0 0 0 0.285714 0.0714286 0 0 0 0 0 0 0.0714286 0.0714286 0 0 0 0 0.0714286 0.214286 0 0 0.0714286 0 0 0 0 0 0 0 0 0 0 0 0 0 0.0714286 0 0 0 0 0 0 0 0 0.142857 0 0 0.142857 0 0 0 0 0 0 0 0 0 0.142857 0 0 0 
3 0 0 0 0 0 0 0 0 0 0 0 0 0 0.583333 0 0.166667 0 0 0 0 0.0833333 0 0 0.0833333 0 0 0 0 0 0 0 0 0 0 0 0 0 0 0 0 0 0 0 0 0 0.0833333 0 0 0 0 0 0.0833333 0 0 0.0833333 0 0 0.166667 0 0 0 0 0 0 0 0 0 0 0 0 0 0.0833333 0 0 0 0.0833333 0 0 0.0833333 0 0 0 0 0.25 0 0 0.0833333 0 0 0 0 0 0 0.0833333 0 0 0 0 0 0 
3 0 0 0 0 0 0 0 0.166667 0 0 0 0 0 0.333333 0 0 0 0 0 0 0.25 0 0 0 0 0 0 0 0 0 0 0 0 0 0 0 0 0 0 0 0 0 0.166667 0 0 0.0833333 0 0 0 0 0.166667 0 0 0 0 0 0 0.0833333 0 0 0 0 0 0 0 0.0833333 0 0 0 0 0.0833333 0 0 0 0 0 0 0 0 0 0 0 0 0.333333 0 0 0.166667 0 0 0 0 0 0 0 0 0 0.0833333 0 0 0 
3 0 0 0 0 0 0 0 0 0 0 0 0 0 0.230769 0 0.0769231 0 0 0 0 0.307692 0 0 0 0 0 0 0 0 0 0.0769231 0 0 0 0 0 0 0 0 0 0 0 0 0 0 0.307692 0 0 0 0 0.0769231 0.0769231 0 0 0.0769231 0 0 0.0769231 0 0 0 0 0 0 0 0.0769231 0 0 0 0 0.153846 0.0769231 0 0 0.0769231 0 0 0 0 0 0 0 0 0 0 0 0.153846 0 0 0 0 0 0 0 0 0 0.0769231 0 0 0.0769231 
4 0 0 0 0.294118 0 0 0.0588235 0 0.0588235 0 0 0 0 0 0 0 0 0 0 0 0 0 0 0 0 0 0.117647 0 0 0.411765 0 0 0 0 0.0588235 0 0 0 0 0 0 0 0 0 0 0 0 0 0 0 0 0.0588235 0 0 0.0588235 0 0.0588235 0 0 0 0.411765 0.0588235 0 0.0588235 0 0 0.0588235 0 0 0 0 0 0.0588235 0 0.0588235 0 0 0 0 0 0 0 0 0 0 0 0 0 0.0588235 0 0 0 0 0 0.0588235 0 0 0 0 0 
4 0 0.522727 0 0 0.372727 0 0 0 0 0.00909091 0 0 0 0 0.05 0 0.00909091 0 0 0 0 0 0 0 0 0 0 0.00909091 0 0 0 0 0.00454545 0 0 0 0 0 0 0 0.00909091 0.0136364 0 0 0 0 0 0 0 0 0 0.0318182 0 0.159091 0 0 0 0 0.0318182 0.00909091 0 0 0 0 0.272727 0 0 0 0 0.00454545 0.00454545 0 0 0.0136364 0 0.0181818 0 0 0.0409091 0.00454545 0.222727 0.00454545 0.00909091 0 0 0 0 0 0 0.0136364 0 0 0.136364 0 0.00909091 0 0 0.0136364 0 0 
4 0 0 0 0 0 0 0 0 0.125 0 0 0 0 0.5 0 0 0 0 0 0 0 0 0 0 0 0.25 0 0 0 0.125 0 0 0 0 0 0 0 0 0 0 0 0 0 0 0 0 0 0 0 0 0 0 0 0 0 0 0 0.125 0 0 0.125 0 0 0 0.125 0 0 0 0 0 0 0 0 0 0 0 0 0 0 0 0 0 0 0.25 0 0 0 0 0 0.125 0 0.125 0 0 0 0 0 0 0 0.125 
4 0 0.0238095 0 0 0 0 0 0.0119048 0 0 0 0 0 0 0.0119048 0 0 0 0 0 0 0 0.047619 0 0 0 0 0.0238095 0.130952 0 0 0.0119048 0 0 0 0.0357143 0.154762 0 0 0 0.0595238 0.345238 0 0 0.047619 0 0.0595238 0.0357143 0 0 0.0119048 0 0 0 0.0357143 0 0.0238095 0 0 0.0119048 0 0.0119048 0 0.130952 0 0 0 0 0.261905 0.0119048 0 0 0 0 0 0 0 0.0119048 0.0119048 0.047619 0 0.047619 0.0714286 0 0.047619 0.0119048 0 0 0 0.0714286 0 0.0238095 0 0 0.130952 0.0119048 0 0 0.0119048 0 
4 0 0 0 0 0 0.111111 0 0.222222 0 0 0 0 0 0.111111 0 0 0 0 0 0 0 0 0 0 0 0 0.222222 0 0 0.111111 0 0 0 0 0.222222 0 0 0 0 0 0 0 0 0 0 0 0 0 0 0 0 0 0 0 0 0 0 0.333333 0 0 0.111111 0 0 0 0 0 0.111111 0 0 0 0 0.111111 0 0 0 0 0 0 0 0 0 0 0 0 0 0.111111 0 0 0 0 0 0 0 0 0 0.111111 0.111111 0 0 0 
4 0 0 0 0 0 0 0.0416667 0 0 0 0 0 0 0.0416667 0 0 0 0 0 0 0 0 0 0 0 0 0 0 0 0.0833333 0 0 0 0 0 0.25 0 0 0.125 0 0 0 0 0 0.458333 0 0 0 0 0 0 0 0 0 0.0416667 0 0 0 0 0 0 0 0 0 0 0 0.0416667 0 0.166667 0.0833333 0 0.0833333 0.0833333 0 0.0416667 0 0 0 0 0 0 0.208333 0 0.0416667 0 0 0 0 0 0 0 0 0 0.208333 0 0 0 0 0 0 
4 0 0 0 0 0 0 0 0.142857 0 0 0 0 0 0.285714 0 0 0 0 0 0 0 0 0 0 0 0.142857 0.142857 0 0 0.142857 0 0 0 0 0.142857 0 0 0 0 0 0 0 0 0 0 0 0 0 0 0 0 0.285714 0 0 0 0 0 0.428571 0 0 0 0 0 0 0 0 0 0 0 0.142857 0 0 0 0 0 0 0 0 0 0 0 0 0 0 0 0.142857 0 0 0 0 0 0 0 0 0 0 0 0 0 0 
4 0 0.0833333 0 0.0833333 0 0 0.25 0 0.0833333 0 0 0 0 0.166667 0 0 0.0833333 0 0 0 0 0 0 0 0 0 0 0 0 0.0833333 0 0 0 0 0 0 0 0 0 0 0 0 0 0 0.0833333 0.0833333 0 0 0 0 0 0.25 0 0 0.0833333 0 0 0.0833333 0 0 0 0 0 0 0 0 0 0 0 0.25 0 0 0 0 0.166667 0 0 0 0 0 0 0 0 0.166667 0 0 0 0 0 0 0 0 0 0 0 0 0 0 0 0 
4 0 0 0.0555556 0.0555556 0 0 0.0555556 0 0.166667 0 0 0 0 0.0555556 0 0 0 0 0 0 0 0 0 0 0 0.0555556 0.0555556 0 0 0.0555556 0 0 0 0 0.0555556 0 0 0 0.277778 0 0 0 0 0 0.0555556 0.0555556 0 0 0 0 0.0555556 0.0555556 0 0 0 0 0 0 0 0 0 0 0 0 0 0.0555556 0.0555556 0 0.0555556 0.0555556 0 0.0555556 0 0 0.0555556 0 0 0 0 0.0555556 0 0 0 0.111111 0 0.222222 0 0 0 0 0 0.0555556 0 0.0555556 0 0 0.0555556 0 0 0 
4 0 0.207207 0 0.018018 0.18018 0 0.018018 0 0 0 0 0 0.027027 0 0.243243 0 0 0 0.108108 0.00900901 0 0 0 0 0 0 0 0.018018 0 0 0 0 0 0 0 0 0 0 0.0630631 0 0.0540541 0.018018 0 0 0.00900901 0 0 0.018018 0 0.00900901 0.018018 0 0 0.306306 0.027027 0 0 0 0 0 0 0 0 0.00900901 0.027027 0.00900901 0 0.00900901 0 0.045045 0 0 0.018018 0.207207 0 0 0 0 0.027027 0.027027 0.00900901 0.0630631 0.027027 0 0.018018 0.018018 0 0 0 0.0540541 0 0 0.00900901 0.00900901 0 0.00900901 0 0.045045 0.00900901 0 
4 0 0 0 0.181818 0 0 0.0909091 0 0.0909091 0 0 0 0 0.181818 0 0 0 0 0 0 0 0 0 0 0 0 0 0 0 0.0909091 0 0 0 0 0.0909091 0 0 0 0.181818 0 0 0 0 0 0 0 0 0.0909091 0 0 0.0909091 0.181818 0 0 0 0 0 0 0 0 0 0 0 0 0 0 0.0909091 0 0.0909091 0 0.0909091 0 0 0 0.0909091 0 0 0 0 0 0 0.0909091 0 0 0 0 0 0 0 0 0 0 0 0.272727 0 0 0 0 0 0 
4 0 0 0 0 0 0 0 0 0 0 0 0 0 0 0.3125 0.0625 0 0 0 0 0 0 0 0 0 0 0 0.1875 0 0 0 0 0 0 0 0.0625 0 0 0.375 0 0 0 0 0 0 0 0 0 0 0 0 0 0 0 0.3125 0 0 0 0 0 0 0 0 0 0 0 0 0 0 0.0625 0 0 0 0.25 0.0625 0 0 0 0 0 0 0 0 0 0 0 0 0 0 0.25 0 0 0 0.0625 0 0 0 0 0 0 
4 0 0 0 0 0 0 0.230769 0.153846 0 0 0 0 0 0.538462 0 0 0 0 0 0 0 0 0 0 0 0 0 0 0 0.0769231 0 0 0 0 0 0 0 0 0 0 0 0 0 0 0 0 0 0 0 0 0 0.0769231 0 0 0.0769231 0 0 0.153846 0 0 0.0769231 0 0 0 0 0.0769231 0 0 0 0 0 0 0 0 0 0.0769231 0.0769231 0 0 0 0 0 0 0.230769 0 0 0 0 0 0.0769231 0 0 0 0 0 0 0 0 0 0.0769231 
4 0 0 0 0 0 0 0.0714286 0 0.214286 0 0 0.0714286 0 0 0 0 0 0 0.0714286 0 0 0 0 0 0 0 0 0 0 0.285714 0 0 0 0 0 0.0714286 0 0 0.142857 0.0714286 0 0 0 0 0 0 0 0 0 0 0 0.0714286 0 0 0.214286 0 0 0 0 0 0 0 0 0 0 0 0 0 0 0.0714286 0 0.0714286 0.142857 0 0 0 0 0 0 0.142857 0 0 0 0 0 0 0 0 0 0.142857 0 0 0 0.142857 0 0 0 0 0 0 
5 0 0 0 0.272727 0 0 0.0909091 0 0 0 0 0 0 0 0 0.272727 0 0 0 0 0 0 0 0.181818 0 0 0.0909091 0 0 0.0909091 0 0 0 0 0 0 0 0 0 0 0 0 0 0 0 0 0 0 0 0 0 0 0.181818 0 0 0 0 0 0 0 0.0909091 0 0 0 0 0 0 0 0 0 0 0.0909091 0 0 0.181818 0 0 0 0 0 0 0 0 0 0 0 0 0 0 0 0 0 0 0.0909091 0 0 0.363636 0 0 0 
5 0 0 0 0.0357143 0 0.0357143 0.0357143 0 0.0357143 0 0 0 0.178571 0.0357143 0 0 0 0 0.0357143 0.0357143 0 0 0 0.0357143 0 0 0.214286 0 0 0.142857 0 0 0 0 0 0 0 0 0.107143 0.0714286 0 0 0 0 0 0 0 0 0 0 0 0.0357143 0 0 0.107143 0 0.0357143 0 0 0 0 0 0 0.0357143 0 0 0.25 0 0 0.142857 0 0 0.0357143 0 0.0714286 0 0 0 0 0.0357143 0 0 0.0357143 0.0357143 0 0 0 0 0.107143 0 0 0 0 0.0357143 0.0357143 0 0 0 0 0 
5 0 0 0 0 0 0 0 0 0 0 0 0 0 0 0 0 0 0 0 0 0.333333 0 0 0 0 0 0 0 0 0 0 0 0 0 0 0 0 0 0 0 0 0 0.5 0 0 0.166667 0 0 0 0 0 0 0 0 0 0 0 0 0 0 0 0 0.166667 0 0 0 0 0 0 0 0 0 0 0 0 0 0 0 0 0 0 0 0 0 0 0 0.166667 0 0 0 0.166667 0 0 0 0 0 0.5 0 0 0 
5 0 0 0 0 0 0 0 0 0.125 0 0 0 0 0 0 0 0 0 0 0 0.5 0 0 0.125 0 0 0 0 0 0 0 0.125 0 0 0 0 0 0 0 0 0 0 0.125 0 0 0 0 0 0 0 0 0 0 0 0 0 0 0 0 0 0.125 0 0.5 0 0 0 0 0 0 0 0 0 0 0 0 0 0 0 0 0 0 0 0 0 0 0 0 0 0 0 0 0 0 0 0 0 0.375 0 0 0 
5 0.0714286 0 0.0714286 0 0 0 0 0 0 0 0 0.0714286 0 0.285714 0 0 0 0 0.0714286 0 0 0 0 0 0 0 0 0 0 0.285714 0.0714286 0 0 0 0.0714286 0 0 0 0 0 0 0 0 0 0 0 0 0 0 0 0 0.0714286 0 0 0 0 0.0714286 0 0 0 0.214286 0 0 0.0714286 0.0714286 0.0714286 0.0714286 0 0 0 0 0 0 0 0.0714286 0 0 0 0.0714286 0.0714286 0 0 0 0.0714286 0 0 0.0714286 0 0 0 0 0 0 0 0 0 0 0 0 0 
5 0 0 0.3 0.1 0 0 0.2 0 0.1 0 0 0 0 0.2 0 0 0 0 0 0 0 0 0 0 0 0 0 0 0 0.1 0 0 0 0 0 0 0 0 0 0 0 0 0 0 0 0 0 0 0 0 0 0 0.1 0 0 0 0 0 0 0 0 0 0.2 0 0 0.2 0 0 0 0 0.2 0 0 0 0 0 0 0 0 0 0 0 0 0 0 0 0.2 0 0 0 0 0 0 0 0 0.1 0 0 0 0 
5 0 0 0 0.111111 0 0 0 0 0 0 0 0 0 0.222222 0 0.222222 0 0 0 0 0 0 0 0.111111 0 0 0 0 0 0 0 0.111111 0 0 0.111111 0 0 0 0 0 0 0 0 0 0 0.111111 0 0 0 0 0 0 0.222222 0 0.222222 0 0 0 0 0 0 0 0 0 0 0.111111 0 0 0 0.111111 0.111111 0 0 0 0 0 0 0 0 0.111111 0 0 0 0 0 0 0 0 0 0 0 0 0 0.111111 0 0 0 0 0 0 
5 0.1 0 0 0 0 0 0.1 0 0 0 0 0 0 0.4 0 0 0 0 0 0 0 0 0 0.1 0 0 0 0 0 0.2 0 0 0 0 0 0 0 0 0 0 0.1 0 0 0 0 0 0 0 0 0 0 0.1 0.2 0 0.1 0 0 0 0 0 0 0 0 0 0 0.1 0 0 0 0 0.1 0 0 0 0 0 0 0 0 0 0 0 0 0.2 0 0.1 0 0 0 0 0 0.1 0 0 0 0 0 0 0 0 
5 0 0 0 0.111111 0 0.111111 0 0 0 0 0 0 0 0.111111 0 0 0 0 0 0 0 0 0 0.111111 0 0 0.111111 0 0 0 0 0 0 0 0.111111 0 0 0 0 0 0 0 0.333333 0 0 0 0 0 0 0 0 0.111111 0 0 0.111111 0 0 0 0 0 0.333333 0 0.111111 0 0 0 0 0 0 0 0 0 0 0 0 0 0 0 0 0 0 0 0 0.111111 0 0 0 0 0 0 0 0 0 0.111111 0 0 0.111111 0 0 0 
5 0 0 0 0.25 0 0 0 0 0 0 0 0 0 0.416667 0 0 0 0 0 0 0 0.25 0 0 0 0 0 0 0 0 0 0 0 0 0.0833333 0 0 0 0 0 0 0 0 0 0 0 0 0 0 0 0 0.0833333 0 0 0 0 0 0.166667 0 0 0 0 0 0 0 0.0833333 0 0 0 0 0 0.0833333 0 0 0 0 0.25 0 0.166667 0 0 0 0 0.0833333 0 0 0 0 0 0 0 0 0 0 0.0833333 0 0 0 0 0 
5 0 0 0 0.181818 0 0 0.0909091 0 0 0 0 0 0 0.363636 0 0.0909091 0 0 0 0 0 0 0 0 0 0.0909091 0 0 0 0 0 0 0 0 0 0 0 0 0 0 0 0 0 0.181818 0 0 0 0 0 0 0.272727 0 0 0 0 0 0.0909091 0 0 0.0909091 0 0 0 0 0 0 0 0 0 0.0909091 0 0 0 0 0.0909091 0 0 0 0 0 0 0 0.0909091 0.0909091 0 0 0 0 0 0 0 0 0 0.181818 0 0 0 0 0 0 
5 0 0 0 0 0 0 0 0 0.0714286 0 0 0 0 0.0714286 0 0 0 0 0 0 0.357143 0 0 0 0 0 0 0 0 0 0 0.0714286 0 0 0.0714286 0.0714286 0.0714286 0 0.0714286 0 0 0 0.0714286 0 0 0.0714286 0 0 0 0 0 0 0.214286 0 0 0 0 0 0 0 0 0 0.0714286 0.0714286 0 0 0.214286 0 0.0714286 0 0 0 0 0 0.0714286 0 0 0 0 0.0714286 0 0 0 0.0714286 0 0 0.142857 0 0 0 0 0 0 0 0 0 0 0 0 0 
5 0 0 0 0 0 0.142857 0 0 0 0 0 0 0 0 0 0 0 0 0 0 0 0 0 0 0 0 0 0 0 0 0 0 0 0 0.142857 0.142857 0 0 0.571429 0 0 0 0 0 0 0 0 0 0 0 0.142857 0 0 0 0 0 0 0 0 0 0 0 0 0 0 0 0 0 0 0.142857 0 0 0 0.142857 0 0 0 0 0.142857 0 0 0 0 0 0 0 0 0 0 0 0 0 0 0.285714 0 0 0 0 0.142857 0 
5 0.142857 0 0 0 0 0.285714 0 0 0 0 0 0 0 0 0 0 0 0 0 0 0 0 0 0 0 0 0 0 0 0.142857 0 0 0 0 0.285714 0 0 0 0.142857 0 0 0 0 0 0 0 0 0 0 0 0 0 0 0 0 0 0.285714 0 0 0 0.285714 0 0.142857 0 0 0 0.142857 0 0 0.142857 0 0 0 0 0 0 0 0 0 0 0 0 0 0 0 0 0 0 0 0 0 0 0 0 0 0 0 0 0 0 
6 0 0 0 0.166667 0 0 0.333333 0 0 0 0 0 0 0 0 0 0 0 0 0 0 0 0 0 0 0 0 0 0 0 0 0 0 0 0.166667 0 0 0 0.333333 0 0 0 0 0 0 0 0 0 0 0 0 0.166667 0 0 0 0 0 0 0 0 0.166667 0 0 0 0.166667 0 0 0 0 0 0 0 0 0 0 0 0 0 0.166667 0 0 0 0 0.333333 0 0 0 0 0 0 0 0 0 0 0 0 0 0 0 0 
6 0 0.188776 0 0 0.44898 0 0 0 0 0 0 0 0 0 0.0408163 0 0.0255102 0 0 0.0153061 0 0 0.00510204 0 0.0153061 0 0 0.19898 0.00510204 0 0 0 0 0 0.00510204 0 0 0 0.00510204 0 0.0204082 0 0 0 0.0102041 0 0 0.0102041 0 0.00510204 0 0 0 0.173469 0.0306122 0 0 0 0 0 0 0 0 0.00510204 0.265306 0 0 0.00510204 0.0153061 0 0 0 0 0.0816327 0 0.0255102 0 0.0255102 0.0306122 0.0459184 0.122449 0.00510204 0.0102041 0 0.0102041 0 0 0 0.00510204 0.0255102 0 0 0.0459184 0.00510204 0.0408163 0 0 0.00510204 0.0204082 0 
6 0 0 0 0 0 0 0 0 0 0 0 0 0 0 0 0.111111 0 0 0 0 0.111111 0 0 0 0 0 0 0 0 0.111111 0 0 0 0 0 0 0 0 0 0 0 0 0.555556 0 0 0.111111 0 0 0 0 0 0 0.111111 0 0 0 0 0 0 0 0 0.111111 0 0 0 0 0 0 0 0 0 0 0 0 0.111111 0 0 0 0 0 0 0 0 0 0 0 0.444444 0 0 0 0.111111 0 0 0.111111 0 0 0 0 0 0 
6 0 0 0 0 0 0 0 0 0 0 0 0 0 0 0 0 0 0 0 0.0821918 0 0 0.123288 0 0 0 0 0.0410959 0 0 0 0 0 0 0 0 0.246575 0 0 0.0136986 0.0684932 0.191781 0 0 0.0273973 0 0.0958904 0.0684932 0 0.0410959 0 0 0 0.0136986 0 0.0547945 0 0 0 0.0273973 0 0.0136986 0 0 0 0 0 0 0.178082 0 0 0.0136986 0 0 0 0 0 0 0 0.0273973 0 0.0958904 0.0410959 0 0.232877 0.0410959 0 0 0 0.0410959 0 0 0.0273973 0 0.0410959 0 0 0.150685 0 0 
6 0 0 0 0 0 0 0 0.125 0 0 0 0 0 0.6875 0.0625 0.0625 0 0 0 0 0 0 0 0 0 0 0 0.0625 0 0 0 0 0 0 0 0 0 0 0 0 0 0 0 0 0 0 0 0 0 0 0 0.0625 0.0625 0 0 0 0.0625 0.25 0 0 0 0 0 0 0 0 0 0 0 0 0.125 0 0 0 0.0625 0 0 0 0 0 0 0 0 0.3125 0 0 0 0 0 0 0 0 0 0 0 0 0 0 0 0.0625 
6 0 0 0 0 0 0.0465116 0 0 0.0232558 0 0 0.139535 0.255814 0 0.0232558 0 0 0 0 0 0 0 0.0697674 0 0 0 0 0 0.0232558 0.0465116 0 0 0 0 0.0232558 0.0697674 0 0 0.0232558 0 0 0.0465116 0 0 0.0697674 0 0.139535 0 0 0 0 0 0 0 0.0232558 0.0232558 0.0465116 0 0 0.0232558 0.0232558 0.0232558 0 0.162791 0 0 0.0232558 0 0.0697674 0 0 0.0697674 0 0 0 0 0 0 0 0.0697674 0 0.0465116 0 0 0.139535 0.0930233 0 0 0.0232558 0 0.0930233 0 0 0.0232558 0.0232558 0 0 0 0 0 
6 0 0 0 0 0 0 0 0 0 0 0 0 0 0.4 0 0.1 0 0 0 0 0.3 0 0 0 0 0 0 0 0 0 0 0 0 0 0 0 0 0.2 0 0 0 0 0 0 0 0 0 0 0 0 0 0 0.3 0 0 0 0 0.2 0 0 0 0 0 0 0 0 0 0 0 0 0.1 0 0 0 0 0 0 0 0 0 0 0 0 0.1 0 0 0 0 0 0 0 0.1 0 0 0 0 0 0 0 0.2 
6 0 0 0 0 0 0 0.0322581 0 0 0 0 0 0.0483871 0 0.016129 0 0 0 0.016129 0.016129 0 0 0.370968 0 0 0 0 0.0967742 0 0 0.016129 0 0 0 0.016129 0 0 0 0 0 0.129032 0.0645161 0 0 0.016129 0 0.0967742 0.0322581 0 0.0322581 0 0.0322581 0 0.0322581 0.112903 0 0 0 0 0.016129 0 0.0967742 0 0 0.0483871 0 0 0 0.0322581 0.016129 0.016129 0.016129 0.0322581 0.0483871 0 0.0322581 0 0 0.112903 0.0645161 0 0.016129 0.0322581 0 0 0.016129 0 0 0.016129 0 0 0 0 0 0.177419 0 0 0 0.0322581 0 
6 0 0 0 0 0 0 0 0.272727 0 0 0 0 0 0.727273 0 0 0 0 0 0 0 0 0 0 0 0 0 0 0 0 0 0 0 0 0 0 0 0 0 0 0 0 0 0 0 0 0 0 0 0 0 0 0 0 0 0 0 0.454545 0 0 0 0 0 0 0 0 0 0 0 0 0 0 0 0 0 0 0 0 0.0909091 0 0 0 0 0.454545 0 0 0 0 0 0 0 0 0 0 0 0 0 0 0 0 
6 0 0 0 0.0714286 0 0 0.285714 0 0 0 0 0 0 0 0 0.0714286 0 0 0 0 0 0 0 0.0714286 0 0 0 0 0 0 0 0 0 0 0.428571 0 0 0 0.0714286 0 0 0 0 0 0 0 0 0 0 0 0 0.214286 0.0714286 0 0 0 0 0 0 0 0 0 0 0 0 0 0 0 0 0 0 0 0 0.0714286 0 0 0 0 0.142857 0 0 0 0.0714286 0 0 0 0 0 0 0 0 0 0 0.428571 0 0 0 0 0 0 
6 0 0 0 0 0 0 0.153846 0 0 0 0 0 0 0.846154 0 0 0 0 0 0 0 0 0 0 0 0 0 0 0 0 0 0 0 0 0 0 0 0 0 0 0 0 0 0 0 0 0 0 0 0 0 0.153846 0.0769231 0 0.0769231 0 0 0.0769231 0.0769231 0 0 0 0 0 0 0 0 0 0 0 0.153846 0 0 0 0 0.0769231 0 0 0 0 0 0 0 0.153846 0 0 0 0 0 0 0 0 0 0 0 0 0 0 0 0.153846 
6 0 0 0 0 0 0 0 0 0 0 0 0 0 0.75 0 0.0833333 0 0 0 0 0 0 0 0 0 0 0 0 0 0 0 0 0 0 0 0.0833333 0 0 0 0 0 0.0833333 0 0 0 0 0 0 0 0 0 0.0833333 0.0833333 0 0 0 0 0.0833333 0 0 0 0 0 0 0 0 0 0 0 0.0833333 0.0833333 0 0 0 0 0 0 0 0 0 0 0 0 0.416667 0 0 0 0 0 0 0 0 0 0 0 0 0 0 0.0833333 0.0833333 
6 0 0 0 0 0 0 0 0.111111 0 0 0 0 0 0.777778 0 0 0 0 0 0 0 0 0 0 0 0 0 0 0 0 0 0 0 0 0.111111 0 0 0 0 0 0 0 0 0 0 0 0 0 0 0 0 0.111111 0.111111 0 0 0 0 0.222222 0 0 0 0 0 0 0 0 0 0 0 0 0.111111 0 0 0 0 0 0 0 0.111111 0 0 0 0 0.222222 0 0 0 0 0 0 0 0 0 0.111111 0 0 0 0 0 0 
6 0 0 0 0 0 0 0.181818 0 0 0 0 0 0 0 0 0.272727 0 0 0 0 0.181818 0 0 0 0 0 0 0 0.0909091 0 0 0 0 0 0.0909091 0 0 0.0909091 0 0 0.0909091 0 0 0 0 0 0 0 0 0 0 0.0909091 0.0909091 0 0 0 0 0 0 0 0 0 0 0 0 0 0 0 0 0 0.727273 0 0 0 0 0 0 0 0 0 0 0 0 0 0 0 0 0 0 0 0 0 0 0.0909091 0 0 0 0 0 0 
7 0 0 0 0 0 0 0 0 0 0 0 0 0.0754717 0 0 0 0 0 0 0.169811 0 0 0 0.0754717 0 0 0 0 0 0.0566038 0 0 0 0 0 0 0 0 0.0188679 0.603774 0 0 0 0 0 0 0 0 0 0 0 0 0 0 0.150943 0 0 0 0 0 0 0.0943396 0.0377358 0.0188679 0 0 0 0 0 0 0 0.0754717 0 0 0 0 0 0 0.0377358 0.0377358 0 0 0 0 0 0 0 0 0.528302 0 0 0 0 0.0188679 0 0 0 0 0 0 
7 0 0 0 0.0461538 0 0 0 0 0 0 0 0.0461538 0.0153846 0 0 0 0 0 0.0769231 0.323077 0 0 0 0 0 0 0 0.0769231 0 0.0461538 0 0 0 0 0 0.0153846 0 0 0.0153846 0.292308 0 0 0 0 0 0.0461538 0 0 0 0 0 0 0 0 0.2 0 0 0 0 0 0 0.107692 0.0307692 0 0 0 0.0461538 0 0 0 0.0153846 0.0923077 0.0153846 0.0153846 0.0307692 0 0 0 0.0153846 0.261538 0 0 0 0 0 0 0 0 0.0769231 0.0153846 0.0153846 0 0 0 0.0153846 0 0.0153846 0 0.0307692 0 
7 0 0 0 0 0 0.0181818 0 0 0.0545455 0 0 0.0545455 0.272727 0 0 0 0 0 0 0.0181818 0 0 0.0727273 0 0 0 0 0.0181818 0.0181818 0.0181818 0 0.0181818 0 0 0 0.0545455 0 0 0 0 0.0363636 0 0 0 0.181818 0 0.0545455 0.0727273 0 0.0363636 0 0 0 0 0.0181818 0.181818 0.0545455 0 0 0 0 0.0909091 0.0181818 0.254545 0 0 0.0363636 0 0.0545455 0.0181818 0 0.0363636 0 0 0 0 0 0 0 0 0 0.0363636 0.0545455 0 0 0.0363636 0 0 0 0.0181818 0.0545455 0 0 0 0 0 0 0 0.0363636 0 
7 0 0 0.238095 0 0 0 0 0 0.0714286 0 0 0.047619 0 0 0 0 0 0.0238095 0.142857 0.0238095 0 0 0 0 0 0 0 0 0 0 0 0 0 0 0 0 0 0 0 0 0 0 0 0.119048 0.0238095 0.285714 0 0.0238095 0 0 0.285714 0 0 0 0 0.0238095 0 0 0 0 0.0238095 0.047619 0.047619 0 0 0 0 0 0.0238095 0 0 0.0238095 0.0952381 0 0 0 0 0 0 0 0 0 0 0 0 0 0.047619 0 0 0 0.0714286 0.0238095 0 0 0 0.285714 0 0 0 0 
7 0 0 0 0 0 0 0 0 0.0238095 0 0 0.619048 0 0 0 0 0 0 0.0238095 0 0 0 0.0238095 0.0238095 0 0 0 0 0 0 0.0714286 0.0238095 0 0 0 0 0.0952381 0 0 0 0 0 0 0 0.0952381 0 0 0 0 0 0 0 0 0 0 0 0 0 0 0 0 0.0714286 0.0714286 0.214286 0 0.0238095 0.047619 0 0 0.0238095 0 0.0238095 0.0238095 0 0 0 0 0 0 0.047619 0 0 0.0238095 0 0 0.0952381 0 0 0 0 0.309524 0 0 0 0.0238095 0 0 0 0 0 
7 0 0 0 0 0 0 0 0 0.075 0 0 0.025 0.05 0 0 0 0 0 0.275 0.15 0 0 0 0 0 0 0 0 0 0.05 0 0.125 0 0 0 0 0 0 0 0.025 0 0 0.025 0 0 0.2 0 0 0 0 0.15 0 0 0 0 0 0 0 0 0 0 0.025 0.05 0 0 0 0 0 0 0 0 0.25 0.2 0 0.025 0 0 0 0 0.05 0 0 0 0 0 0 0.125 0 0.025 0 0 0.025 0 0 0.025 0 0.025 0 0.025 0 
7 0 0 0 0.0428571 0 0 0 0 0 0 0 0 0 0 0 0 0 0 0.1 0.0142857 0 0 0 0.0428571 0 0 0 0 0 0.0142857 0 0 0 0 0.0142857 0 0 0 0 0.0714286 0 0 0 0.642857 0.0142857 0.0428571 0 0 0 0 0.0285714 0 0 0 0.0571429 0 0 0 0 0 0 0 0.0142857 0 0 0.157143 0 0 0.0142857 0.0285714 0 0.342857 0.0142857 0.0428571 0.0571429 0 0 0 0.0285714 0.0571429 0 0.0428571 0 0 0 0 0 0 0.0428571 0 0 0 0 0.0142857 0 0.0571429 0 0 0 0 
7 0 0 0 0.0144928 0 0 0 0 0.0144928 0.0869565 0 0.057971 0.130435 0 0 0 0 0.0144928 0.0289855 0.130435 0 0 0.0289855 0.057971 0 0 0 0.0144928 0 0.144928 0 0.0144928 0 0 0 0 0 0 0.0289855 0.231884 0 0 0 0 0 0 0 0 0 0 0.0144928 0 0 0 0.0724638 0 0.0289855 0 0.0144928 0.0144928 0.0289855 0.130435 0.0289855 0.0434783 0 0.0144928 0.0724638 0.0144928 0 0.0144928 0 0.0289855 0.0144928 0.0289855 0 0.0289855 0 0.0289855 0.0289855 0.0869565 0 0.0144928 0.0289855 0 0 0.0289855 0 0 0 0.057971 0.0289855 0.0144928 0 0 0.0289855 0.0144928 0 0 0.0434783 0 
7 0 0 0 0.111111 0 0 0 0 0.222222 0 0 0 0 0 0 0 0 0 0 0 0 0 0 0 0 0.111111 0 0 0 0.111111 0.222222 0 0 0 0.111111 0 0 0 0 0 0 0 0 0 0 0 0 0 0.111111 0 0 0 0 0 0 0 0 0 0 0 0.333333 0 0 0 0 0 0.222222 0 0 0 0.111111 0 0 0 0 0 0 0 0 0 0 0 0 0 0 0.333333 0 0 0 0 0 0 0 0 0 0 0 0 0 0 
7 0 0 0 0.030303 0 0 0.030303 0 0.0606061 0 0 0.030303 0 0 0.212121 0 0 0 0 0 0 0 0 0 0 0 0 0 0 0 0 0 0 0 0 0.212121 0.0909091 0 0.0909091 0 0 0 0 0 0.181818 0 0.0606061 0 0 0 0.030303 0 0 0 0 0.030303 0 0 0 0 0.030303 0 0 0 0 0 0.151515 0 0.121212 0 0 0.0909091 0 0 0 0 0 0 0.030303 0.030303 0 0.121212 0.151515 0 0.030303 0 0 0 0 0 0 0.030303 0 0 0.151515 0 0 0 0 0 
7 0.0769231 0 0 0.0384615 0 0 0 0 0 0 0 0.0576923 0.192308 0 0 0 0 0 0.0192308 0.0769231 0 0 0.0384615 0.0576923 0 0 0 0.0769231 0 0.0576923 0 0 0 0 0 0.0192308 0.0192308 0 0.0769231 0.0192308 0.134615 0 0 0 0.0192308 0 0 0 0 0.0192308 0 0 0 0 0 0.0192308 0 0 0 0 0 0.0769231 0 0.0769231 0 0 0.0192308 0 0 0 0 0 0.0192308 0.0576923 0.0576923 0 0 0 0.0384615 0.115385 0 0 0.192308 0 0 0 0 0 0.0961538 0.0769231 0.0576923 0 0 0 0.0769231 0 0 0.0192308 0 0 
7 0 0 0 0.0222222 0 0 0 0 0.0222222 0 0 0.0888889 0 0.0888889 0 0 0 0 0.177778 0.0666667 0 0 0.0222222 0 0 0 0 0 0 0 0.155556 0.133333 0 0 0 0 0.0222222 0 0 0.0888889 0 0 0.0222222 0 0.0222222 0.0666667 0 0 0 0 0 0 0 0 0 0 0 0.0444444 0 0 0 0.2 0 0 0 0 0.0444444 0 0.0222222 0 0 0.288889 0.111111 0 0.0222222 0 0 0 0 0.0444444 0 0 0 0 0.0222222 0 0.0222222 0 0.0222222 0 0.0222222 0.0444444 0 0 0.0666667 0 0.0222222 0 0 0 
7 0 0 0 0 0 0 0 0 0.0652174 0 0 0.0217391 0 0 0 0 0 0 0 0 0 0 0 0 0 0 0 0 0.0217391 0.0434783 0 0.108696 0 0 0 0.0869565 0 0 0 0 0.130435 0.130435 0 0 0.282609 0 0 0.108696 0 0 0 0 0 0 0 0.0217391 0 0 0 0 0 0.173913 0 0.0217391 0 0 0.0652174 0 0.130435 0.0434783 0 0.0217391 0.0217391 0.0217391 0 0 0 0 0 0 0 0.0217391 0.282609 0 0 0.108696 0 0 0 0 0.0217391 0 0 0 0.0217391 0 0 0 0.0217391 0 
7 0 0 0 0 0 0 0 0 0.285714 0 0 0 0.0714286 0 0 0 0 0 0 0 0 0 0 0 0 0 0.357143 0 0 0.285714 0 0 0 0 0 0 0 0 0 0 0 0 0 0 0 0 0 0 0 0 0 0 0 0 0 0 0 0 0 0 0.285714 0 0.0714286 0 0 0 0.214286 0 0 0 0 0 0 0 0 0 0 0 0 0 0 0 0 0 0 0.0714286 0 0 0 0 0 0.0714286 0 0.0714286 0.142857 0 0.0714286 0 0 0 
8 0 0 0 0 0.0909091 0 0 0 0 0 0 0 0 0 0 0 0 0.0909091 0 0.236364 0 0 0.0181818 0 0 0 0 0.127273 0.109091 0 0 0 0.145455 0.0181818 0 0 0 0 0 0.0181818 0.0363636 0 0 0 0 0 0 0.0909091 0 0.0181818 0 0 0 0 0.0545455 0 0 0 0.0181818 0 0 0 0 0.0181818 0.127273 0 0 0.0181818 0 0 0 0 0.0363636 0.0363636 0 0.145455 0 0.0363636 0.0363636 0.254545 0.0181818 0.0545455 0.0181818 0 0.0181818 0 0 0 0 0.0545455 0 0 0.0181818 0 0.0181818 0 0 0 0.0181818 0 
8 0 0.0208333 0 0 0.194444 0 0 0 0 0.0555556 0 0 0 0 0.00694444 0 0.0555556 0.0833333 0 0 0 0 0 0 0 0.138889 0 0.00694444 0 0 0 0 0.298611 0.118056 0 0 0 0 0.00694444 0 0 0.0138889 0 0 0 0 0 0 0 0 0 0 0 0.00694444 0.00694444 0 0 0 0.0902778 0 0 0 0 0 0 0 0 0.131944 0 0 0 0 0 0 0 0.201389 0 0.0416667 0 0.00694444 0.263889 0 0.0138889 0 0 0 0 0 0 0 0 0 0.194444 0 0 0 0 0.0347222 0.00694444 0 
8 0 0 0.117647 0 0 0 0 0 0 0 0 0 0.0588235 0 0 0 0 0 0.470588 0 0 0 0 0 0 0 0 0 0 0 0 0 0 0 0 0 0 0 0 0 0 0 0 0 0 0 0 0 0 0.352941 0 0 0 0 0.0588235 0 0 0 0 0 0 0 0 0.0588235 0 0 0.0588235 0 0 0 0 0.0588235 0.176471 0.117647 0 0 0 0 0 0 0 0 0 0 0 0 0 0 0 0 0 0 0 0 0.0588235 0.0588235 0 0 0.352941 0 
8 0 0 0.125 0 0 0 0 0 0 0.015625 0 0 0 0 0 0 0.015625 0 0.015625 0 0 0 0.046875 0 0 0 0 0 0.359375 0 0 0 0.03125 0 0 0.015625 0 0 0 0 0.171875 0.015625 0 0 0.015625 0 0 0 0 0.171875 0 0 0 0 0 0 0.046875 0 0 0.015625 0 0 0 0.015625 0 0.046875 0 0.015625 0.015625 0 0 0.0625 0.09375 0 0 0.03125 0 0.015625 0 0.09375 0 0.015625 0 0 0.015625 0 0 0.015625 0.015625 0 0 0 0 0 0.046875 0.078125 0 0 0.359375 0 
8 0 0 0 0.0322581 0 0 0 0.0322581 0.0967742 0 0 0 0.354839 0 0 0 0 0 0.0645161 0.0967742 0 0 0 0.0322581 0 0 0.0322581 0 0 0.16129 0 0 0 0 0 0 0 0 0 0 0 0 0 0 0 0 0 0 0 0.0967742 0 0 0 0 0.0322581 0 0.0645161 0 0 0.0322581 0 0.0322581 0.16129 0.0322581 0 0 0.0322581 0 0 0 0 0 0.16129 0 0.0322581 0 0 0 0 0.0322581 0 0 0.0322581 0.0322581 0 0 0.0322581 0 0.0645161 0 0 0.0322581 0 0 0.0322581 0.0322581 0.0322581 0 0.0967742 0 
8 0 0 0.0149254 0 0 0 0 0 0.0149254 0 0 0 0.0447761 0 0.0298507 0 0 0 0.0149254 0.119403 0 0 0 0 0 0.0895522 0 0.0597015 0.0149254 0.0298507 0 0 0 0.0149254 0 0.0597015 0 0 0 0 0.164179 0.0298507 0 0 0.0597015 0 0.0298507 0.149254 0 0.0597015 0 0 0 0 0 0.0447761 0.0447761 0 0 0.0298507 0 0 0 0.0149254 0 0.0149254 0.0149254 0.0746269 0.0149254 0.0149254 0 0.0149254 0 0.0298507 0 0.0149254 0 0.0447761 0.0149254 0.0298507 0 0.119403 0.0149254 0 0 0 0 0 0.0597015 0.0298507 0 0 0.0746269 0.0149254 0.104478 0 0 0.0149254 0.149254 0 
8 0 0 0 0 0 0 0 0 0.0208333 0 0 0 0 0 0 0 0 0.0416667 0.0625 0.229167 0 0 0 0.25 0 0 0 0 0.0208333 0 0 0 0.0416667 0 0 0 0 0 0 0.0833333 0 0 0 0 0 0.0416667 0 0 0 0.208333 0.0208333 0 0 0 0.0416667 0 0 0 0.0208333 0 0.0416667 0.0833333 0.0416667 0 0 0 0 0.0208333 0 0 0 0.0625 0.104167 0.0208333 0 0.0416667 0 0 0.0208333 0.104167 0.0208333 0.0208333 0 0 0 0.0208333 0 0 0.0625 0 0 0.0833333 0 0 0.0625 0.0208333 0 0 0.0833333 0 
8 0 0 0 0.00653595 0.0849673 0 0 0 0 0.20915 0 0 0 0 0 0 0.0261438 0.326797 0 0.0784314 0 0 0.00653595 0 0 0.0130719 0 0 0 0 0 0 0.176471 0.0261438 0 0 0 0 0 0 0.0130719 0 0 0 0 0 0 0 0 0.0326797 0 0 0 0.0326797 0 0 0 0 0.248366 0.0261438 0 0.00653595 0 0 0.0130719 0 0.00653595 0.0849673 0.0130719 0 0 0.0196078 0.0196078 0.00653595 0 0.0849673 0 0.0457516 0 0.00653595 0.137255 0.0130719 0 0 0 0 0 0 0 0 0 0 0.150327 0 0.0326797 0 0 0.0392157 0.0130719 0 
8 0 0 0.0344828 0 0 0 0 0 0 0 0 0 0.0344828 0 0 0 0 0 0.0689655 0.241379 0 0 0 0 0 0 0 0 0.103448 0 0 0 0 0 0 0 0 0 0 0 0.0344828 0 0 0 0 0 0 0 0 0.482759 0 0 0 0 0.0689655 0 0.0344828 0 0 0.0344828 0 0 0.0344828 0 0 0 0 0 0 0 0 0.103448 0.103448 0.0344828 0.0344828 0.0344828 0 0 0 0.172414 0 0.0689655 0 0 0 0 0 0 0 0 0 0 0 0 0 0 0 0 0.275862 0 
8 0 0.0958904 0 0 0.363014 0 0 0 0 0.0205479 0 0 0 0 0.00684932 0 0.212329 0 0 0 0 0 0 0 0.0684932 0.0205479 0 0 0.0273973 0 0 0 0.123288 0.0273973 0 0 0 0 0 0 0.00684932 0 0 0 0 0 0 0.0136986 0 0.0136986 0 0 0 0.109589 0.00684932 0 0 0 0.0136986 0 0 0 0 0 0.0547945 0 0 0.130137 0 0 0 0 0 0.0205479 0 0.143836 0 0.164384 0.0205479 0.00684932 0.157534 0 0 0 0 0 0 0.0273973 0 0.00684932 0 0 0.0890411 0 0 0 0 0.0479452 0 0 
8 0 0 0 0.133333 0 0 0 0 0 0 0 0 0 0 0 0 0 0 0.133333 0 0 0 0 0 0 0 0.0666667 0 0 0.2 0 0 0 0 0 0 0 0 0.266667 0.0666667 0.133333 0 0 0 0 0 0 0 0 0 0 0 0 0 0.0666667 0 0 0 0 0 0.0666667 0 0 0 0 0 0 0 0.0666667 0.0666667 0 0 0 0.0666667 0.0666667 0 0 0 0 0 0 0.133333 0 0 0 0.0666667 0.0666667 0 0.0666667 0 0 0 0 0.0666667 0.2 0 0 0 0 0 
8 0 0.152778 0.0138889 0 0.0138889 0.0138889 0 0 0 0 0 0 0.0277778 0 0.138889 0 0.0138889 0 0.0138889 0.0416667 0 0 0.0277778 0.0138889 0 0 0 0.0277778 0.0277778 0 0 0 0 0 0 0.0138889 0 0 0.0416667 0 0.0833333 0.138889 0 0 0 0 0 0.111111 0 0.0833333 0 0 0 0.0972222 0.0277778 0 0 0 0 0 0 0 0 0 0.0277778 0 0 0 0 0.0138889 0 0.0138889 0.0277778 0.0972222 0 0.0138889 0 0.0277778 0.0138889 0.0555556 0.0694444 0.111111 0.125 0 0 0 0 0 0.0277778 0.194444 0.0138889 0 0 0 0 0 0 0 0.0416667 0 
8 0.0384615 0 0 0 0 0 0 0 0 0 0 0 0.115385 0 0 0 0 0 0.346154 0.0384615 0 0 0 0 0 0 0 0.0384615 0 0 0 0 0 0 0 0 0 0.0384615 0.0384615 0.0384615 0 0 0 0 0.0769231 0 0 0.115385 0 0.115385 0 0 0 0 0.0769231 0 0.0384615 0 0 0 0.0384615 0 0 0.0384615 0 0.0384615 0 0 0.0769231 0 0 0.0769231 0.115385 0.0384615 0 0 0 0 0 0.0769231 0 0.0384615 0 0 0 0 0 0 0 0 0 0 0 0 0.115385 0 0 0 0.192308 0.0384615 
8 0.0102041 0.0408163 0 0 0.0408163 0 0 0 0 0 0 0 0 0 0 0 0.0204082 0 0 0 0 0 0 0 0 0.153061 0 0 0.0714286 0 0 0 0.102041 0.336735 0 0 0 0 0 0 0.132653 0.0102041 0 0 0 0 0.0306122 0 0 0.0510204 0 0 0 0.0510204 0 0 0 0 0 0.122449 0 0 0 0.0102041 0.0204082 0 0 0.0408163 0.0102041 0 0 0 0.0204082 0.0102041 0 0.214286 0 0.0510204 0 0.0102041 0.0408163 0 0.0102041 0 0 0 0 0.0102041 0 0.0408163 0 0 0.183673 0 0.0102041 0 0 0 0.142857 0 
9 0 0 0 0 0 0 0 0.2 0 0 0 0 0 0.3 0 0 0 0 0 0 0 0 0 0 0 0.4 0 0 0 0 0 0 0 0 0 0 0 0 0 0 0 0 0 0 0 0 0 0 0 0.1 0 0 0 0 0 0 0 0.5 0 0 0 0 0 0 0 0 0 0 0 0 0 0 0 0 0 0 0 0 0 0 0 0 0 0.5 0 0 0 0 0 0 0 0 0 0 0 0 0 0 0 0 
9 0 0 0 0 0 0 0.2 0.4 0 0 0 0 0 0.4 0 0 0 0 0 0 0 0 0 0 0 0 0 0 0 0 0 0 0 0 0 0 0 0 0 0 0 0 0 0 0 0 0 0 0 0 0 0 0 0 0 0 0 0 0 0.2 0 0 0 0 0 0 0 0 0 0 0 0 0 0 0 0 0 0 0 0 0 0 0 0.8 0 0 0 0 0 0 0 0 0 0 0 0 0 0 0 0 
9 0 0 0 0 0 0 0 0.5 0 0 0 0 0 0.5 0 0 0 0 0 0 0 0 0 0 0 0 0 0 0 0 0 0 0 0 0 0 0 0 0 0 0 0 0 0 0 0 0 0 0 0 0 0 0 0 0 0 0 0.666667 0 0 0 0 0 0 0 0 0 0 0 0 0 0 0 0 0 0 0 0 0 0 0 0 0 0.333333 0 0 0 0 0 0 0 0 0 0 0 0 0 0 0 0 
9 0 0 0 0 0 0 0 0 0 0 0 0 0 0.714286 0 0 0 0 0 0 0 0 0 0 0 0 0 0 0 0 0 0 0 0 0 0.142857 0 0 0.142857 0 0 0 0 0 0 0 0 0 0 0 0 0 0 0 0 0 0 0.285714 0 0 0 0 0 0 0 0 0.142857 0 0 0.142857 0 0 0 0 0 0 0 0 0 0 0 0 0 0.285714 0 0 0 0 0 0 0 0 0 0.142857 0 0 0 0 0 0 
9 0 0 0 0 0 0 0 0.25 0 0 0 0 0 0.625 0 0 0 0.125 0 0 0 0 0 0 0 0 0 0 0 0 0 0 0 0 0 0 0 0 0 0 0 0 0 0 0 0 0 0 0 0 0 0 0 0 0 0 0 0.75 0 0 0 0 0 0 0.125 0 0 0 0 0 0 0 0 0 0 0 0 0 0 0 0 0 0 0.125 0 0 0 0 0 0 0 0 0 0 0 0 0 0 0 0 
9 0 0 0 0 0 0 0 0.0434783 0 0 0 0 0 0.130435 0 0 0 0 0 0 0 0 0 0 0 0.0434783 0 0 0.0434783 0 0 0 0 0 0 0.0869565 0.0869565 0 0.0434783 0 0.0869565 0.434783 0 0 0 0 0 0 0 0 0 0.0434783 0 0 0.0434783 0.130435 0 0.0869565 0 0 0 0 0 0.173913 0 0 0 0 0 0.0434783 0 0 0.0434783 0 0 0 0 0 0 0 0 0 0.26087 0.0434783 0 0 0 0 0 0 0 0 0 0 0.0869565 0 0 0.0434783 0 0 
9 0 0 0 0 0 0 0 0.5 0 0 0 0 0 0.25 0 0.25 0 0 0 0 0 0 0 0 0 0 0 0 0 0 0 0 0 0 0 0 0 0 0 0 0 0 0 0 0 0 0 0 0 0 0 0 0.25 0 0 0 0 0.25 0 0 0 0 0 0 0 0 0 0 0 0 0 0 0 0 0 0 0 0 0 0 0 0 0 0.5 0 0 0 0 0 0 0 0 0 0 0 0 0 0 0 0 
9 0 0 0 0 0 0 0 0.125 0 0 0 0 0 0.625 0 0 0 0 0 0 0 0 0 0 0.125 0 0 0 0 0 0 0 0 0 0 0 0 0 0 0 0.125 0 0 0 0 0 0 0 0 0 0 0.25 0 0 0 0 0 0.375 0 0 0 0 0 0 0 0 0 0 0 0 0.125 0 0 0 0 0 0 0 0 0 0 0 0 0.25 0 0 0 0 0 0 0 0 0 0 0 0 0 0 0 0 
9 0 0 0 0 0 0 0 0.285714 0 0 0 0 0 0.714286 0 0 0 0 0 0 0 0 0 0 0 0 0 0 0 0 0 0 0 0 0 0 0 0 0 0 0 0 0 0 0 0 0 0 0 0 0 0 0 0 0 0 0 0.285714 0 0 0 0 0 0 0 0 0 0 0 0 0 0 0 0 0 0 0 0 0 0 0 0 0 0.428571 0 0 0 0 0 0.142857 0 0 0 0 0 0 0 0 0 0.142857 
9 0 0 0 0 0 0 0 0.125 0 0 0 0 0 0.75 0 0 0 0 0 0 0 0 0 0 0 0.125 0 0 0 0 0 0 0 0 0 0 0 0 0 0 0 0 0 0 0 0 0 0 0 0 0 0.25 0 0 0 0 0 0 0 0 0 0 0 0 0 0 0 0 0 0 0 0 0 0 0 0 0 0 0 0 0 0 0 0.75 0 0 0 0 0 0 0 0 0 0 0 0 0 0 0 0 
9 0 0 0 0 0 0 0 0.222222 0 0 0 0 0 0.111111 0 0.111111 0 0 0 0 0 0 0 0 0 0 0 0 0 0 0 0 0 0 0 0 0 0.555556 0 0 0 0 0 0 0 0 0 0 0 0 0 0 0.333333 0 0 0 0 0.222222 0 0 0 0 0 0 0 0 0 0 0 0 0 0 0 0 0 0 0 0 0 0 0 0 0 0 0 0 0 0 0 0 0 0 0 0 0 0 0 0 0 0.444444 
9 0 0 0 0 0 0 0 0 0 0 0 0 0 0 0 0.636364 0 0.0909091 0 0 0 0 0 0 0.0909091 0 0 0 0.0909091 0 0 0 0 0 0 0 0 0 0.0909091 0 0 0 0 0 0 0 0 0 0 0 0 0 0.727273 0 0 0 0 0 0 0 0 0 0 0 0.0909091 0 0 0 0 0 0.0909091 0 0 0 0 0 0 0 0 0 0 0 0 0 0 0 0 0 0 0.0909091 0 0 0 0 0 0 0 0 0 0 
9 0 0 0 0 0 0 0 0.888889 0 0 0 0 0 0.111111 0 0 0 0 0 0 0 0 0 0 0 0 0 0 0 0 0 0 0 0 0 0 0 0 0 0 0 0 0 0 0 0 0 0 0 0 0 0 0 0 0 0 0 0.888889 0 0 0 0 0 0 0 0 0 0 0 0 0 0 0 0 0 0 0 0 0 0 0 0 0 0.111111 0 0 0 0 0 0 0 0 0 0 0 0 0 0 0 0 
9 0.0909091 0 0 0 0 0 0 0 0 0 0 0 0 0.545455 0.0909091 0 0 0 0 0 0 0 0 0 0 0 0 0 0 0 0 0 0 0 0 0.181818 0 0 0 0 0 0 0 0 0.0909091 0 0 0 0 0 0 0 0 0 0 0 0 0.0909091 0 0 0 0 0 0 0.0909091 0 0 0 0.0909091 0 0 0 0 0.0909091 0 0 0 0 0.0909091 0 0 0 0 0.363636 0 0.0909091 0 0 0 0 0 0 0 0 0 0 0 0.0909091 0 0 
10 0 0 0 0 0 0 0 0 0 0 0 0 0.153846 0 0 0 0 0 0.0769231 0.0769231 0 0 0 0 0 0 0 0 0.0769231 0 0 0 0 0 0.153846 0 0 0 0.0769231 0.153846 0 0 0 0 0 0 0 0.0769231 0 0.153846 0 0 0 0 0.0769231 0 0 0 0 0 0 0 0 0.0769231 0 0 0.0769231 0 0 0.0769231 0.0769231 0 0.153846 0.0769231 0 0 0 0 0 0.153846 0 0 0 0 0 0 0 0 0.153846 0 0 0 0 0 0.0769231 0 0 0 0 0 
10 0 0 0 0 0 0 0 0 0 0 0 0 0.0714286 0 0 0 0 0 0.0714286 0 0 0 0 0 0 0 0.0714286 0.0714286 0 0 0 0 0 0 0 0.0714286 0 0 0.214286 0 0 0 0 0 0.428571 0 0 0 0 0 0 0 0 0 0 0 0 0 0 0 0.0714286 0 0 0 0 0 0.0714286 0 0.142857 0.0714286 0 0 0 0 0 0 0 0 0.0714286 0 0 0.0714286 0 0 0 0.142857 0 0 0 0 0 0 0 0.0714286 0.285714 0 0 0 0 0 
10 0 0 0 0.5 0 0 0 0 0 0 0 0 0.5 0 0 0 0 0 0 0 0 0 0 0 0 0 0 0 0 0 0 0 0 0 0 0 0 0 0 0 0 0 0 0 0 0 0 0 0 0 0 0 0 0 0 0 0 0 0 0 0.5 0 0 0 0 0 0 0 0 0 0 0 0 0 0 0 0 0 0 0 0 0 0 0 0 0 0 0 0.5 0 0 0 0 0 0 0 0 0 0 0 
10 0.166667 0 0.0833333 0 0 0 0 0 0 0 0 0 0.0833333 0 0 0 0 0 0.0833333 0 0 0.0833333 0 0 0 0 0 0 0.0833333 0 0 0.0833333 0 0 0 0 0 0 0 0 0.0833333 0 0 0 0.0833333 0 0 0.0833333 0 0.0833333 0 0 0 0 0 0 0.166667 0 0 0 0 0.0833333 0 0 0 0.0833333 0 0 0.0833333 0 0 0.0833333 0 0 0 0 0 0 0 0 0 0.166667 0.0833333 0 0 0 0 0.0833333 0 0 0 0 0 0 0.0833333 0 0 0 0.0833333 0 
10 0 0 0.25 0 0 0 0 0 0.125 0 0 0 0 0 0 0 0 0 0 0 0 0 0 0 0 0 0.125 0 0 0.125 0 0 0 0 0.125 0 0 0 0.125 0 0 0 0 0 0.125 0 0 0 0 0 0 0 0 0 0 0 0.125 0 0 0 0.375 0 0 0.125 0 0 0 0 0 0 0 0 0 0 0.125 0 0 0 0 0 0 0 0 0 0 0 0 0 0 0 0 0.125 0 0 0 0 0 0 0.125 0 
10 0 0 0.0588235 0 0 0 0 0 0.0588235 0 0 0 0 0 0.117647 0 0 0 0.0588235 0 0 0 0.0588235 0 0 0 0 0.235294 0 0.117647 0 0 0 0 0 0 0 0 0.0588235 0 0 0 0 0 0.235294 0 0 0 0 0 0 0 0 0 0 0 0 0 0 0 0 0 0 0 0 0 0.117647 0 0.0588235 0 0 0 0.0588235 0 0 0 0 0 0 0.176471 0 0.117647 0 0 0 0.0588235 0 0 0 0.117647 0 0 0 0 0.176471 0 0 0 0.117647 0 
10 0 0 0 0 0 0 0 0.111111 0.555556 0 0 0 0 0 0 0 0 0 0 0.111111 0 0 0 0.222222 0 0 0 0 0 0 0 0 0 0 0 0 0 0 0 0 0 0 0 0 0 0 0 0 0 0 0 0 0 0 0 0 0 0 0 0 0.333333 0 0 0 0 0 0.111111 0 0 0 0.111111 0 0 0 0.111111 0 0 0 0 0.111111 0 0.111111 0 0 0 0 0.111111 0 0 0 0 0 0 0 0 0 0 0 0 0 
10 0 0 0 0 0 0 0 0 0 0 0 0 0.181818 0 0 0 0 0 0 0 0 0 0 0 0 0 0.272727 0 0 0 0 0 0 0 0.0909091 0 0 0 0.181818 0.0909091 0 0 0 0 0 0 0 0 0 0.181818 0 0 0 0 0.0909091 0 0 0 0 0 0.0909091 0 0 0 0 0 0.181818 0 0 0 0 0 0 0 0 0 0 0 0 0.0909091 0 0 0.0909091 0 0 0.181818 0 0 0.181818 0 0 0 0 0.0909091 0 0 0 0 0 0 
10 0 0 0.0666667 0.133333 0 0 0 0 0 0 0 0 0.133333 0 0 0.0666667 0 0 0 0 0 0 0 0 0 0 0 0 0.133333 0.133333 0 0 0 0 0 0 0 0 0.2 0 0 0 0 0 0 0 0 0.133333 0 0 0.0666667 0 0 0 0 0 0 0 0 0 0.0666667 0.133333 0 0.0666667 0 0 0.266667 0 0 0.133333 0.0666667 0 0.0666667 0 0.0666667 0 0 0 0 0 0 0.0666667 0 0 0 0 0 0 0 0 0 0 0 0 0 0 0 0 0 0 
10 0 0.0227273 0.0227273 0 0.295455 0 0 0 0 0 0 0 0.0681818 0 0.0681818 0 0 0 0.0454545 0.0227273 0 0 0 0 0 0.0681818 0 0 0.0681818 0 0 0 0 0 0 0 0 0 0 0 0.0227273 0.0681818 0 0 0.0454545 0 0 0.113636 0 0.0681818 0.0454545 0 0 0.204545 0 0 0.0227273 0 0 0 0 0 0 0.0454545 0 0 0 0.0227273 0 0.0227273 0 0 0.0227273 0 0 0 0 0 0 0.0681818 0 0.0454545 0 0 0.0681818 0 0 0.0227273 0.0227273 0.0681818 0 0 0 0 0.0227273 0 0 0.204545 0.0909091 0 
10 0 0 0 0.166667 0 0 0 0 0 0 0 0 0 0 0 0 0 0 0 0 0 0 0 0 0 0 0.166667 0 0 0.166667 0 0 0 0.166667 0.166667 0 0 0 0 0 0 0 0 0 0 0.166667 0 0 0 0 0 0 0 0 0 0 0 0 0 0 0.166667 0.166667 0 0 0 0 0 0 0 0 0 0 0 0 0.166667 0 0 0 0 0 0 0 0 0.166667 0 0 0 0 0 0 0 0.166667 0 0 0 0 0.166667 0 0 0 
10 0 0 0 0 0 0 0 0 0 0 0 0 0.117647 0 0.323529 0 0 0 0 0 0 0 0 0 0 0 0 0.0588235 0 0 0 0 0 0 0.0294118 0.0882353 0 0 0 0 0.176471 0.205882 0 0 0 0 0 0 0 0 0 0 0 0 0 0 0 0 0 0 0 0.0294118 0 0 0 0 0 0 0 0.0882353 0 0 0 0.0294118 0 0 0 0 0 0.0882353 0 0.0294118 0.323529 0 0 0 0 0 0 0.352941 0 0 0 0 0.0294118 0 0 0 0.0294118 0 
10 0 0 0.133333 0 0 0 0 0 0 0 0 0 0.0666667 0 0 0 0 0 0 0.0666667 0 0 0 0 0 0 0 0 0.0666667 0.133333 0 0 0 0 0.0666667 0 0 0 0.133333 0 0 0 0 0.133333 0 0 0 0.133333 0 0.0666667 0 0 0 0 0 0 0 0 0 0 0.0666667 0 0 0.133333 0 0 0 0 0.133333 0.133333 0 0 0.0666667 0 0 0 0 0 0 0 0 0.2 0 0 0 0 0 0.133333 0 0 0 0 0 0 0 0.133333 0 0 0 0 
10 0 0 0.184211 0 0.0789474 0 0 0 0 0 0 0 0 0 0 0 0.0789474 0 0 0 0 0 0.0263158 0 0.0263158 0 0 0 0.131579 0 0 0 0 0.0263158 0 0.0263158 0 0 0.0263158 0 0.0526316 0.157895 0 0 0.0789474 0 0 0.0789474 0 0.0263158 0 0 0 0 0 0 0.0526316 0 0 0 0 0.0526316 0 0.0263158 0 0.0263158 0 0 0.184211 0 0 0 0.0263158 0 0 0 0 0 0 0 0 0.157895 0.0263158 0 0.0526316 0.0789474 0 0 0 0 0 0 0.184211 0 0 0.0789474 0 0 0.0526316 0 
11 0 0 0 0.2 0 0 0 0 0 0 0 0 0 0 0 0 0 0 0 0.466667 0 0 0 0 0 0.0666667 0 0 0 0.0666667 0 0 0 0 0 0 0 0 0.0666667 0.0666667 0 0 0 0 0 0 0 0 0 0.0666667 0 0 0 0 0 0 0 0.0666667 0 0 0.0666667 0 0 0 0 0 0 0 0 0 0 0.0666667 0 0 0.2 0 0 0.0666667 0 0 0 0 0 0 0 0 0.0666667 0 0.4 0 0 0 0 0 0 0 0 0 0.0666667 0 
11 0 0.0238095 0 0.0238095 0.190476 0 0 0 0 0.0357143 0 0 0 0 0 0 0.0238095 0.130952 0 0.154762 0 0 0.0119048 0 0.0238095 0 0 0.0595238 0.0119048 0 0 0 0.107143 0.0238095 0.0119048 0 0 0 0.0357143 0.119048 0 0 0 0 0 0 0 0.0119048 0 0 0 0 0 0 0.0714286 0 0 0 0.142857 0 0 0.0238095 0 0 0.0238095 0 0.0119048 0 0 0 0 0.047619 0.0119048 0.0357143 0 0.0833333 0 0.202381 0.047619 0.047619 0.0952381 0.0119048 0 0 0 0 0 0 0.0119048 0 0 0 0 0.0357143 0.0833333 0 0 0 0.0119048 0 
11 0 0 0 0 0 0.0909091 0 0 0 0 0 0 0 0 0 0 0 0 0 0 0 0 0 0 0 0 0.454545 0 0 0 0 0 0 0 0 0 0 0 0 0 0 0 0.454545 0 0 0 0 0 0 0 0 0 0 0 0 0 0 0 0 0 0 0 0 0 0 0 0 0 0 0 0 0 0 0 0 0 0 0 0 0 0 0 0 0 0 0 0 0 0 0 0 0 0 0.0909091 0 0 0.909091 0 0 0 
11 0 0 0 0 0 0 0 0 0 0 0 0.0135135 0.0810811 0 0 0 0 0 0.0135135 0 0 0 0.0945946 0 0 0 0 0.0405405 0 0.027027 0 0 0 0 0 0 0.027027 0 0.0135135 0 0.202703 0.027027 0 0 0.0810811 0 0 0.378378 0 0 0 0 0 0 0.0135135 0 0 0 0 0 0 0.0810811 0 0.121622 0 0 0.0135135 0 0.0135135 0.0540541 0 0.135135 0.175676 0.0135135 0 0 0 0 0 0.0945946 0 0.0810811 0 0 0 0 0 0 0.0405405 0 0 0 0 0 0.0945946 0 0 0 0.0675676 0 
11 0 0 0 0 0 0 0 0.222222 0 0 0 0 0 0.666667 0 0 0 0 0 0 0 0 0 0 0 0 0 0 0 0 0 0 0 0 0.111111 0 0 0 0 0 0 0 0 0 0 0 0 0 0 0 0 0.333333 0.111111 0 0 0 0 0.111111 0 0 0 0 0 0 0 0 0 0 0 0 0 0 0 0.111111 0 0 0 0 0.111111 0 0 0 0 0.222222 0 0 0 0 0 0 0 0 0 0 0 0 0 0 0 0 
11 0 0 0 0.0909091 0 0 0.454545 0 0 0 0 0 0 0.0909091 0 0 0 0 0 0 0 0 0 0 0 0 0 0 0 0.0909091 0 0 0 0 0.272727 0 0 0 0 0 0 0 0 0 0 0 0 0 0 0 0 0.181818 0 0 0 0 0 0 0 0 0 0 0 0 0 0 0 0 0 0 0.0909091 0.0909091 0 0 0 0 0 0.0909091 0.0909091 0.0909091 0 0 0 0 0 0 0 0 0 0 0 0 0 0.363636 0 0 0 0 0 0 
11 0 0 0 0.222222 0 0.111111 0 0 0 0 0 0 0 0.222222 0 0.111111 0 0 0 0 0 0 0 0.222222 0 0 0 0 0 0 0 0 0 0 0 0 0 0 0 0 0 0 0 0 0 0.111111 0 0 0 0 0.111111 0.111111 0 0 0 0 0.111111 0 0 0 0 0.111111 0 0 0 0.111111 0.111111 0 0 0 0 0 0 0 0.111111 0 0 0 0 0 0 0 0 0 0 0 0 0 0.111111 0 0 0 0 0.111111 0 0 0 0 0 0 
11 0 0 0.0909091 0 0 0 0.181818 0 0 0 0 0 0 0.181818 0 0 0 0 0 0.0909091 0 0 0 0 0 0 0 0 0 0 0 0 0 0 0.454545 0 0 0 0 0 0 0 0 0 0 0 0 0 0 0 0 0.0909091 0.0909091 0 0 0 0 0 0 0 0 0 0 0 0 0.272727 0 0 0 0 0.272727 0 0 0 0.0909091 0 0 0 0.181818 0 0 0 0 0 0 0 0 0 0 0 0 0 0 0 0 0 0 0 0 0 
11 0 0 0 0.222222 0 0 0 0 0 0 0 0 0 0.111111 0 0.333333 0 0 0 0 0.222222 0 0 0 0 0 0 0 0.111111 0 0 0 0 0 0 0 0 0 0 0 0 0 0 0 0 0 0 0 0 0 0 0.111111 0.444444 0 0.222222 0 0 0 0 0 0 0 0 0 0 0 0 0 0 0 0 0 0 0 0 0 0 0 0 0 0 0 0 0 0 0 0 0 0.111111 0 0 0 0 0.111111 0 0 0 0 0 0 
11 0 0 0 0.454545 0 0 0 0 0 0 0 0 0 0 0 0 0 0 0 0 0 0 0 0.181818 0 0 0 0 0 0 0 0 0 0 0.272727 0 0 0 0.0909091 0 0 0 0 0 0 0 0 0 0 0 0 0 0.0909091 0 0 0 0 0 0 0 0 0 0.272727 0 0 0.0909091 0.0909091 0 0 0 0.0909091 0 0 0 0.0909091 0 0 0 0 0.0909091 0 0 0 0 0 0 0 0 0 0 0 0 0 0.181818 0 0 0 0 0 0 
11 0 0 0 0.0967742 0 0 0.0645161 0 0 0 0 0 0.0645161 0 0 0 0 0 0 0 0 0 0 0 0 0 0 0 0 0.0322581 0 0 0 0 0.0967742 0 0.0645161 0 0.0967742 0 0.16129 0.290323 0 0 0 0 0 0.0322581 0 0 0 0 0 0 0.0322581 0.354839 0 0 0 0 0 0 0 0.0322581 0 0 0.129032 0 0 0 0.0322581 0 0 0 0.0967742 0 0 0 0 0 0 0.0322581 0.129032 0 0 0 0 0 0 0.0322581 0 0 0 0.0967742 0 0 0 0.0322581 0 0 
11 0 0 0 0.2 0 0 0 0 0 0 0 0.1 0 0 0.1 0.2 0 0 0 0 0 0 0 0 0 0 0 0 0 0 0 0 0 0 0.3 0.1 0 0 0 0 0 0 0 0 0 0 0 0 0 0 0 0 0.4 0 0.1 0 0 0 0 0 0 0 0 0 0 0 0.1 0 0 0 0 0 0 0 0.1 0 0 0 0 0 0 0 0 0 0 0 0.1 0 0 0 0 0 0 0.2 0 0 0 0 0 0 
11 0 0 0 0.125 0 0 0.125 0.25 0 0 0 0 0 0.25 0 0 0 0 0 0 0 0 0 0 0 0 0 0 0 0 0 0 0 0 0.125 0 0 0.125 0 0 0 0 0 0 0 0 0 0 0 0 0 0.25 0.25 0 0 0 0 0 0 0.125 0 0 0 0 0 0.125 0.125 0 0 0 0 0 0 0 0 0 0 0 0 0 0 0 0 0 0 0 0 0 0 0 0 0 0 0 0 0 0 0 0 0.125 
11 0 0 0 0.166667 0 0 0 0 0 0 0 0.0555556 0 0 0 0 0 0 0.111111 0 0 0 0 0 0 0 0 0 0 0 0 0 0 0 0.0555556 0 0 0 0.222222 0 0 0 0 0 0.222222 0 0 0.166667 0 0 0 0 0 0 0.0555556 0 0 0 0 0 0 0.0555556 0 0 0 0 0 0 0.0555556 0.111111 0 0.222222 0.0555556 0 0.277778 0 0 0 0 0.0555556 0 0.111111 0 0 0 0 0 0 0 0 0 0 0 0 0 0 0 0 0 0 
12 0 0 0 0 0 0 0 0 0 0 0 0 0.0769231 0.0512821 0 0 0 0 0 0.153846 0 0 0 0.102564 0 0 0 0.230769 0 0 0 0 0 0 0 0 0 0.025641 0.025641 0.230769 0.0512821 0 0 0 0 0.025641 0 0 0 0.025641 0 0.025641 0 0 0.102564 0 0.025641 0.025641 0 0 0 0.0769231 0.0512821 0 0 0.025641 0 0 0 0 0.025641 0.102564 0.025641 0.128205 0 0 0 0 0.0512821 0.102564 0 0.102564 0 0 0 0 0 0 0.0512821 0 0 0.025641 0 0 0.0512821 0 0 0 0 0 
12 0.0307692 0.123077 0 0 0.246154 0 0.0153846 0 0 0 0 0 0 0.0153846 0.0307692 0 0.0153846 0 0.0153846 0.0615385 0 0 0 0.0461538 0 0 0 0.0615385 0 0 0 0 0.0461538 0 0.0153846 0 0 0 0.0153846 0.261538 0 0 0 0 0 0 0 0 0 0 0.0153846 0.0769231 0 0.0153846 0.0615385 0 0 0.0153846 0.0153846 0.0307692 0 0.0153846 0 0 0.0307692 0 0 0.0153846 0 0 0 0.0923077 0.0153846 0.0153846 0 0.0615385 0 0.0769231 0.0461538 0.0153846 0.169231 0.0307692 0.0153846 0 0 0 0 0 0.0923077 0 0 0 0 0 0 0 0 0 0.0769231 0 
12 0 0 0 0 0 0.272727 0 0 0.0909091 0 0 0 0 0.0909091 0 0 0 0 0 0 0 0 0 0.363636 0 0 0 0 0 0 0 0.0909091 0 0 0.0909091 0 0 0 0 0 0 0 0 0 0 0 0 0 0 0 0 0 0.0909091 0 0 0 0 0.0909091 0 0 0 0.272727 0.454545 0 0 0 0.0909091 0 0 0 0 0 0 0 0 0 0 0 0 0 0 0 0 0 0 0 0 0 0 0 0 0 0 0 0 0 0 0 0 0 
12 0 0 0.148148 0 0 0 0 0 0 0 0 0 0.037037 0.111111 0 0 0 0 0 0 0 0 0.0740741 0 0 0 0 0 0.111111 0 0 0 0 0 0.037037 0.0740741 0 0 0 0 0.0740741 0 0 0 0 0 0.148148 0.037037 0 0.148148 0 0 0 0 0 0 0.037037 0.111111 0 0 0 0 0 0.222222 0 0.037037 0 0 0 0 0 0 0.0740741 0 0 0 0 0 0 0.037037 0 0.037037 0.0740741 0 0 0 0 0 0 0.0740741 0 0 0 0 0 0.148148 0 0 0.148148 0 
12 0 0 0.217391 0 0 0 0 0 0 0 0 0.0434783 0.0869565 0.0434783 0 0.0434783 0 0 0.173913 0 0 0 0 0.0434783 0 0 0 0.0434783 0 0 0.0434783 0 0 0 0 0.0434783 0 0 0 0.0434783 0 0 0 0 0 0.0869565 0 0 0 0.0869565 0.26087 0 0 0 0.0434783 0 0 0 0 0 0 0.0434783 0.0434783 0.173913 0 0 0 0 0 0 0 0 0.130435 0 0 0 0 0 0 0 0 0 0.0434783 0 0 0 0 0 0 0 0 0 0 0 0.0434783 0.173913 0 0 0 0.0434783 
12 0.0487805 0 0 0.0243902 0 0 0 0 0.0243902 0 0 0.0487805 0.146341 0 0 0 0 0 0.0731707 0.219512 0 0 0.0487805 0.0731707 0 0 0 0 0.0243902 0.0243902 0 0 0 0 0 0 0 0 0 0 0 0 0 0 0 0 0 0.0731707 0 0.170732 0.0243902 0 0 0 0 0 0.0243902 0 0 0.0243902 0 0.0243902 0.243902 0.0487805 0 0 0 0 0 0.0487805 0 0.0243902 0.0487805 0 0 0 0 0 0 0.0243902 0 0.0487805 0.146341 0 0 0 0 0 0 0.0243902 0 0 0 0 0.0731707 0 0 0.097561 0.0731707 0 
12 0.106383 0 0 0 0 0.0212766 0 0 0 0 0 0 0.0638298 0 0 0.0425532 0 0 0.0425532 0.212766 0.0212766 0 0 0.234043 0 0 0 0 0 0 0 0 0 0 0 0 0 0 0 0 0 0 0 0 0 0 0 0 0 0.255319 0 0 0 0 0.0212766 0 0.106383 0 0 0 0 0.12766 0.0638298 0.0425532 0 0.0212766 0 0 0 0 0.0212766 0.12766 0.106383 0.0212766 0 0 0 0 0 0.0212766 0 0 0.0851064 0 0 0 0 0 0.106383 0 0 0 0 0 0 0.0212766 0 0 0.106383 0 
12 0.0735294 0 0.0147059 0 0 0 0 0 0 0 0 0 0.0294118 0 0 0 0 0.161765 0.0147059 0.205882 0 0 0.0441176 0.279412 0 0 0 0 0 0 0 0 0.102941 0 0 0 0 0 0 0.0294118 0.0147059 0 0 0 0 0 0 0 0 0.0294118 0.0294118 0 0 0 0.0147059 0 0.0735294 0 0.0588235 0 0 0.0882353 0 0.0441176 0.0882353 0.0294118 0 0 0 0 0.0147059 0.0294118 0.0294118 0.0294118 0 0.147059 0 0 0.0294118 0.0588235 0 0.0147059 0.0147059 0 0 0 0 0 0.102941 0 0 0 0 0 0.0147059 0 0 0 0.0882353 0 
12 0.46875 0 0 0.03125 0 0.03125 0 0 0 0 0 0 0.03125 0.03125 0 0 0 0 0 0 0 0 0 0.15625 0 0 0 0 0 0 0 0 0 0 0 0 0 0 0 0 0.21875 0 0.03125 0 0 0 0 0 0 0 0.03125 0 0 0 0.03125 0 0.375 0.03125 0 0 0 0 0.0625 0.09375 0 0 0 0 0.03125 0 0 0.0625 0.03125 0 0 0 0 0 0 0 0 0 0 0 0 0.0625 0 0 0.03125 0 0 0 0 0 0.03125 0 0 0 0.125 0 
12 0.234375 0.140625 0 0 0.03125 0 0 0 0 0 0 0 0.0625 0.015625 0 0 0.015625 0 0.015625 0.015625 0 0 0.078125 0.015625 0 0.0625 0 0 0 0 0 0 0.015625 0.015625 0 0 0 0 0 0 0.0625 0.078125 0.03125 0 0 0.015625 0.03125 0 0 0.0625 0.015625 0 0.015625 0.09375 0 0 0.203125 0 0 0.078125 0.015625 0 0.03125 0.015625 0.09375 0 0 0 0 0 0 0 0.03125 0 0 0.078125 0 0.015625 0.046875 0.03125 0 0.015625 0.03125 0 0 0 0 0 0.03125 0.015625 0 0 0.015625 0.015625 0 0 0 0.0625 0.046875 0 
12 0.37037 0 0 0 0 0 0 0 0 0 0 0 0.185185 0.0740741 0 0 0 0 0 0 0.0740741 0 0 0.0740741 0 0 0 0.0740741 0 0 0 0 0 0 0 0.037037 0 0 0 0 0.0740741 0 0.037037 0 0 0 0 0 0 0 0 0 0 0 0 0 0.444444 0.0740741 0 0 0 0.0740741 0.111111 0.037037 0 0 0 0 0 0 0 0.037037 0 0 0 0 0 0 0 0.037037 0 0 0 0 0 0 0 0 0.037037 0 0 0 0 0 0.111111 0 0 0 0.037037 0 
12 0.209302 0 0 0 0 0.0232558 0 0 0 0 0 0 0.0465116 0 0.116279 0 0 0 0.0465116 0 0 0 0 0.0697674 0 0 0 0.0465116 0.0232558 0 0 0 0 0 0 0.0232558 0 0 0.0232558 0 0.0465116 0.116279 0 0 0.0465116 0.116279 0 0.0232558 0 0.0232558 0 0 0 0 0 0 0.209302 0 0 0 0 0 0.0930233 0.0232558 0 0 0 0 0 0.0232558 0 0.0232558 0.0232558 0.139535 0 0 0 0.0232558 0 0.0697674 0 0.116279 0.116279 0 0 0 0 0 0 0.0465116 0.0232558 0 0 0.0232558 0 0 0 0 0.0465116 0 
12 0.0869565 0 0 0 0 0.0434783 0.0434783 0 0 0 0 0 0.217391 0 0 0 0 0 0.130435 0.0434783 0 0 0 0.0869565 0 0 0.0434783 0 0 0.0869565 0 0.0434783 0 0 0 0 0 0 0 0 0 0 0.0434783 0 0.0869565 0 0 0 0 0.0434783 0.0869565 0 0 0 0 0 0.0434783 0 0 0 0.0434783 0.217391 0.26087 0.0869565 0 0 0.0434783 0 0.0869565 0 0 0 0.0434783 0 0 0 0 0 0.0434783 0 0 0.0434783 0 0 0 0 0 0 0 0 0 0 0 0 0 0 0 0 0 0 
12 0 0 0.275862 0 0 0.0344828 0 0.0344828 0 0 0 0.0344828 0.0344828 0 0 0 0 0 0.103448 0.0344828 0 0 0.0344828 0.172414 0 0 0 0 0 0 0 0 0 0 0 0.0689655 0 0 0 0 0 0 0 0 0.103448 0 0.0344828 0.0344828 0 0 0 0 0 0 0 0 0 0 0 0 0 0.0689655 0.103448 0.0344828 0 0 0 0 0.0344828 0 0 0 0.0689655 0 0 0 0 0 0 0 0 0.103448 0 0.0344828 0.137931 0 0 0 0.0689655 0.0689655 0 0 0 0 0.0344828 0.206897 0 0 0.0344828 0 
13 0 0.43038 0 0 0.223629 0 0 0 0 0.0168776 0 0 0 0 0.0168776 0 0.0970464 0.0506329 0 0 0 0.00843882 0.00843882 0 0.00421941 0.0126582 0 0.0168776 0 0 0 0 0.0421941 0.0506329 0 0 0 0 0 0 0 0.0168776 0 0 0 0 0 0.00421941 0 0 0 0 0 0.172996 0.00843882 0.00843882 0 0 0.135021 0.00421941 0 0 0 0 0.0379747 0 0 0.0886076 0 0 0 0 0.00421941 0.0126582 0 0.0506329 0 0.0464135 0.0126582 0.00843882 0.0843882 0 0 0 0 0.00421941 0 0.0168776 0 0.00421941 0 0.00421941 0.130802 0 0 0 0 0.164557 0 0 
13 0 0 0 0 0 0 0 0 0.08 0 0 0.1 0.06 0.02 0 0 0 0 0.02 0.02 0 0 0 0.02 0 0 0 0.06 0 0.04 0.02 0.16 0 0 0 0.04 0 0 0 0.08 0.02 0 0 0 0.26 0 0 0 0 0 0.04 0 0 0 0 0.08 0 0.02 0 0 0 0.18 0.02 0.04 0 0 0 0 0.08 0 0 0.02 0.04 0 0 0.02 0 0 0 0 0 0.02 0.04 0 0 0.08 0 0 0 0 0.1 0.12 0 0 0.08 0.02 0 0 0 0 
13 0.0493827 0 0.197531 0 0.0123457 0 0 0 0 0 0 0.0246914 0 0.0123457 0 0 0 0 0.0123457 0.0123457 0 0 0.0493827 0.0123457 0 0.0493827 0 0 0.185185 0 0 0 0 0.0246914 0 0 0.0123457 0 0.0123457 0 0.209877 0.037037 0 0 0 0 0.0123457 0.0493827 0 0.0246914 0.0123457 0 0 0 0 0.0246914 0.037037 0.0123457 0 0 0 0 0 0.185185 0 0 0 0.0246914 0.0740741 0 0 0 0 0 0 0.0123457 0 0 0 0 0 0.0493827 0.111111 0 0.160494 0 0 0.0123457 0 0.0246914 0 0 0.0123457 0 0 0.160494 0 0.0617284 0.0246914 0 
13 0 0 0 0 0 0 0 0 0 0 0 0.0666667 0.111111 0 0 0 0 0 0 0 0 0 0.0222222 0 0 0 0 0 0.0222222 0 0.0444444 0.2 0 0 0 0.0222222 0.355556 0 0 0 0 0 0 0 0.133333 0 0.0222222 0 0 0 0.0222222 0 0 0 0 0.111111 0 0 0 0.0222222 0 0.133333 0 0.133333 0 0 0.0222222 0 0.0666667 0 0 0.0666667 0 0 0 0 0 0 0 0.0222222 0 0 0 0 0 0.0444444 0 0 0 0 0.2 0.0666667 0 0 0.0666667 0 0 0 0 0.0222222 
13 0 0 0.0222222 0 0 0 0 0 0.0333333 0 0 0.0666667 0 0 0.0222222 0 0.0555556 0 0 0 0 0 0.0777778 0 0 0.1 0 0 0.0888889 0 0.0111111 0 0 0 0 0.0111111 0.0111111 0 0.0111111 0 0.177778 0.155556 0 0 0.0444444 0 0.0111111 0.0888889 0 0.0111111 0.0444444 0 0 0 0.0222222 0 0 0 0.0444444 0.0111111 0 0.0777778 0 0.0777778 0 0 0 0.0555556 0.0777778 0 0 0.0333333 0.1 0.0111111 0 0.0666667 0 0 0 0.0222222 0 0.0666667 0.0444444 0 0.0444444 0 0 0 0.0111111 0.0444444 0 0.0555556 0 0.0111111 0.0333333 0.0111111 0 0 0.0333333 0 
13 0 0 0 0 0 0 0 0 0.037037 0 0.037037 0.111111 0 0 0 0 0 0 0 0 0 0 0 0 0 0 0 0 0 0 0.296296 0.444444 0 0 0 0 0.037037 0 0 0 0 0 0 0 0.037037 0 0 0 0 0 0 0 0 0 0 0.0740741 0 0 0 0 0 0 0 0 0 0 0.037037 0 0.037037 0 0 0 0 0 0 0 0 0 0 0 0 0 0 0 0.037037 0.037037 0 0 0 0 0.333333 0.444444 0 0 0 0 0 0 0 0 
13 0.0138889 0 0 0 0.0763889 0 0 0 0 0.159722 0.0138889 0 0.0138889 0 0 0 0.0902778 0.0138889 0 0.0625 0 0.0138889 0 0 0.00694444 0.0208333 0 0.00694444 0 0 0.0138889 0 0.0416667 0.277778 0 0 0 0 0 0 0.0625 0.00694444 0 0.0208333 0 0 0.0208333 0.0625 0 0 0 0.00694444 0 0.00694444 0 0 0 0 0.145833 0 0 0.0347222 0 0 0.0138889 0 0 0.131944 0.0416667 0.00694444 0 0 0.0208333 0.0277778 0 0.0138889 0 0.0486111 0.0138889 0.0277778 0.0972222 0.0416667 0.0138889 0.00694444 0.00694444 0 0 0 0 0.0138889 0 0.0138889 0.138889 0 0.0138889 0 0 0.104167 0.00694444 0 
13 0 0 0 0 0 0 0 0 0.0681818 0 0 0.181818 0 0 0 0 0 0 0 0 0 0 0 0 0 0 0.0454545 0 0 0 0.295455 0.409091 0 0 0 0 0 0 0 0 0 0 0 0 0 0 0 0 0 0 0.136364 0 0 0 0 0.0454545 0 0 0 0 0 0.0454545 0.0227273 0.0227273 0 0 0.0454545 0 0 0 0 0 0.0227273 0 0 0 0 0 0 0.0227273 0 0 0 0 0 0.0454545 0 0 0.0227273 0 0.227273 0.272727 0 0 0.0454545 0 0.0227273 0 0 0 
13 0 0 0 0 0 0 0 0.0263158 0 0.157895 0.0263158 0 0 0.0263158 0.0175439 0 0.280702 0 0 0.00877193 0 0 0.105263 0 0.00877193 0.131579 0 0.00877193 0.0175439 0 0 0 0.0614035 0.0175439 0 0 0 0 0 0 0.00877193 0.0350877 0 0 0.00877193 0 0.00877193 0.0438596 0 0 0 0.00877193 0 0.0175439 0 0.0175439 0 0.0263158 0.00877193 0 0 0 0 0 0 0 0 0.438596 0.0350877 0 0.00877193 0 0 0.0175439 0 0.00877193 0 0.00877193 0 0.0175439 0.0701754 0.0175439 0.0263158 0.0175439 0.0701754 0 0 0.00877193 0 0.00877193 0 0.0175439 0.0877193 0 0 0.00877193 0 0.0438596 0 0.00877193 
13 0 0 0 0 0 0 0 0 0 0 0 0.047619 0 0.0238095 0 0 0 0 0 0 0 0 0.0238095 0 0 0 0 0 0 0 0.047619 0.309524 0 0 0 0 0.357143 0 0.0238095 0 0 0.0238095 0 0 0.142857 0 0 0 0 0 0.0238095 0 0 0 0 0.309524 0 0 0 0 0 0.0952381 0.0238095 0.0238095 0 0 0 0 0 0 0 0.0238095 0 0 0 0 0 0 0 0 0 0 0.0238095 0 0 0.0238095 0 0 0 0.0238095 0.142857 0.285714 0 0 0 0 0 0 0 0 
13 0 0.00757576 0.00757576 0 0.0757576 0 0 0 0 0.0454545 0.0227273 0 0.0151515 0.0151515 0.00757576 0 0.212121 0 0 0 0 0 0.0530303 0 0 0.325758 0 0.00757576 0.0227273 0 0 0 0.030303 0.0151515 0 0 0 0 0 0 0.0757576 0 0 0 0 0 0 0.0606061 0 0 0 0 0 0.0151515 0 0 0 0.0151515 0.0984849 0.00757576 0 0 0 0.0227273 0.00757576 0 0 0.280303 0.0151515 0 0 0 0 0.0227273 0 0.030303 0 0.0454545 0.0151515 0.0151515 0.030303 0 0.0227273 0 0.00757576 0 0 0.0378788 0 0.0530303 0 0.00757576 0.189394 0 0.030303 0.00757576 0 0.00757576 0.0151515 0 
13 0 0 0 0 0 0 0 0 0 0 0 0.222222 0 0.037037 0 0 0 0 0.037037 0.0185185 0 0 0.0740741 0 0 0 0 0 0 0 0.185185 0.185185 0 0 0 0.0185185 0.037037 0 0 0 0 0 0 0 0.12963 0 0.037037 0.0185185 0 0 0.037037 0.0185185 0 0 0 0.0925926 0 0.037037 0 0 0 0.0185185 0 0 0 0 0 0 0.111111 0 0 0.0185185 0 0.0185185 0 0 0 0 0 0 0 0.037037 0 0 0 0.12963 0 0 0 0.0185185 0.203704 0.148148 0 0 0.0555556 0.037037 0 0 0.0185185 0 
13 0 0.0594059 0.00990099 0 0.00990099 0 0 0 0.00990099 0.00990099 0 0 0 0 0 0 0.128713 0.00990099 0 0 0 0 0.0594059 0 0 0.178218 0 0 0.00990099 0 0 0 0 0.0594059 0 0 0.00990099 0 0 0 0.138614 0.138614 0 0 0 0 0.00990099 0.158416 0 0 0 0 0 0.00990099 0 0 0.00990099 0 0 0.0693069 0 0 0 0.0594059 0 0.00990099 0 0.039604 0.227723 0 0 0 0 0 0 0.118812 0 0.00990099 0.00990099 0 0 0.049505 0.049505 0 0.039604 0 0 0 0 0.029703 0 0.029703 0.178218 0 0.00990099 0 0 0.029703 0.00990099 0.00990099 
13 0 0 0 0 0 0 0 0 0.0277778 0 0 0.0277778 0 0 0.0277778 0 0 0 0.0277778 0 0 0 0 0 0 0 0 0 0 0 0.0277778 0.277778 0 0 0 0.0833333 0.277778 0 0 0 0 0 0 0 0.138889 0 0.0833333 0 0 0 0 0 0 0 0 0.0277778 0 0 0 0 0 0.0555556 0 0.111111 0 0 0 0 0.138889 0 0 0 0 0 0 0 0 0 0 0 0 0.0277778 0 0 0 0.0833333 0 0 0 0 0.222222 0.305556 0 0 0 0.0277778 0 0 0 0 
14 0.06 0 0 0.02 0 0.02 0 0 0 0 0 0 0 0 0 0.06 0 0 0.06 0.34 0 0 0 0.22 0 0 0 0 0 0.02 0 0 0 0 0 0 0 0 0 0.16 0 0 0 0 0 0 0 0 0 0.04 0.04 0 0.02 0 0 0 0.1 0 0 0 0 0.1 0.16 0 0 0 0 0 0 0 0 0.08 0.12 0 0.1 0 0 0 0 0 0 0 0 0 0 0.02 0 0 0.22 0 0 0 0 0 0 0.02 0 0 0.02 0 
14 0 0.0327869 0.0710383 0 0.114754 0 0 0 0 0.0928962 0 0 0.00546448 0 0.00546448 0 0.0273224 0.010929 0 0.0327869 0 0.0546448 0 0 0.0327869 0.0601093 0 0.0327869 0.0163934 0 0 0 0.180328 0.218579 0 0 0 0 0 0 0.010929 0 0 0 0 0 0 0 0 0 0 0 0 0.00546448 0.0491803 0 0 0 0.0928962 0.142077 0 0 0 0 0.103825 0.00546448 0 0.103825 0 0 0 0 0 0.0327869 0 0.131148 0 0.0928962 0.0218579 0.0327869 0.0273224 0.00546448 0 0 0 0 0 0.0655738 0.00546448 0.010929 0 0 0.0710383 0 0 0 0 0 0 0 
14 0 0 0 0 0 0 0 0 0 0 0 0 0 0 0 0 0 0 0 0 0 0 0 0 0 0 0 0 0 0 0 0 0 0 0 0 0 0 0 0 0 0 1 0 0 0 0 0 0 0 0 0 0 0 0 0 0 0 0 0 0.111111 0 0 0 0 0 0 0 0 0 0 0 0 0 0.111111 0 0 0 0 0 0 0 0 0 0 0 0 0 0 0 0 0 0 0 0 0 0.777778 0 0 0 
14 0 0 0.371212 0.00757576 0 0 0 0 0 0.0681818 0 0 0 0 0 0 0 0 0.00757576 0.00757576 0 0.507576 0 0 0 0 0 0 0.00757576 0 0 0 0.00757576 0 0 0 0 0 0 0 0 0 0 0.00757576 0 0 0 0 0 0.00757576 0.00757576 0 0 0 0 0 0 0 0.0378788 0 0 0 0 0 0 0.0606061 0 0.128788 0 0 0 0.0227273 0.0227273 0.0378788 0.00757576 0 0 0.0454545 0 0.0227273 0 0.030303 0 0 0 0 0 0.378788 0.00757576 0 0 0 0.00757576 0 0 0.128788 0 0 0.0530303 0 
14 0 0 0 0 0 0 0 0.166667 0 0 0 0 0 0.666667 0 0 0 0 0 0 0 0 0 0 0 0 0 0 0 0 0 0 0 0 0.0833333 0 0 0 0 0 0 0 0 0.0833333 0 0 0 0 0 0 0 0.0833333 0 0 0.166667 0 0 0.0833333 0 0 0 0 0 0 0 0.166667 0 0 0 0 0 0 0 0 0 0 0 0 0.166667 0 0 0 0 0.333333 0 0 0 0 0 0 0 0 0 0 0 0 0 0 0 0 
14 0 0 0 0.0588235 0 0 0.235294 0 0 0 0 0.0588235 0.0588235 0 0 0 0 0 0 0 0 0 0 0 0 0 0 0 0 0 0 0 0 0 0.117647 0.117647 0.0588235 0 0.117647 0 0.117647 0 0 0 0 0 0 0 0 0.0588235 0 0 0 0.0588235 0.117647 0.235294 0 0 0 0 0 0 0 0.176471 0 0 0 0 0 0 0.0588235 0 0 0.0588235 0 0 0 0 0.117647 0 0 0 0 0 0 0 0 0 0 0 0 0 0 0.0588235 0.117647 0 0 0 0 0 
14 0 0 0 0.222222 0 0 0 0 0 0 0 0 0 0 0 0 0 0 0 0 0 0 0 0 0 0 0 0 0 0 0 0 0 0 0 0 0 0 0 0 0 0 0.333333 0.111111 0 0.333333 0 0 0 0 0 0 0 0 0 0 0 0 0 0 0 0 0 0 0 0 0 0 0 0 0 0.111111 0 0 0.111111 0 0 0 0 0 0 0 0 0 0 0 0.666667 0 0 0 0 0 0 0 0 0 0.111111 0 0 0 
14 0 0 0 0.375 0 0.25 0 0 0 0 0 0 0 0 0 0 0 0 0 0 0 0 0 0.125 0 0 0 0 0 0.125 0 0 0 0 0.125 0 0 0 0 0 0 0 0 0 0 0 0 0 0 0 0 0 0 0 0.125 0 0 0 0 0 0 0 0 0 0 0 0 0 0 0 0 0 0 0 0.5 0 0 0 0 0 0 0 0 0 0 0 0 0 0 0 0 0 0 0.375 0 0 0 0 0 0 
14 0 0 0 0 0 0 0.1 0 0 0 0 0 0 0.5 0 0.1 0 0 0 0 0 0 0 0.1 0 0 0 0 0 0 0 0 0 0 0.1 0 0 0 0 0 0 0 0 0 0 0 0 0 0 0.1 0 0.1 0.2 0 0.1 0 0 0.1 0 0 0.1 0 0 0 0 0.1 0 0 0 0 0 0 0 0.1 0 0 0.1 0 0 0 0 0 0 0 0 0 0 0 0 0 0 0 0 0.1 0 0 0 0 0 0 
14 0 0 0 0.3 0 0.1 0.1 0 0 0 0 0 0 0 0 0.1 0 0 0 0 0 0 0 0 0 0 0 0 0 0 0 0 0 0 0.4 0 0 0 0 0 0 0 0 0 0 0 0 0 0 0 0 0 0 0 0.3 0 0 0 0 0 0 0 0 0 0 0 0 0 0 0 0.2 0 0 0.1 0.1 0 0 0 0 0 0 0 0 0 0 0 0 0 0 0 0 0 0 0.3 0 0 0 0 0 0 
14 0 0 0 0.214286 0 0 0 0 0 0 0 0.357143 0 0 0 0 0 0 0 0 0 0 0 0 0 0 0 0 0 0.142857 0 0.0714286 0 0 0.0714286 0 0 0 0 0 0 0 0 0 0.142857 0 0 0 0 0 0 0 0 0 0 0 0 0 0 0 0 0 0 0 0 0 0 0 0 0.0714286 0 0.142857 0.0714286 0 0.5 0 0 0 0 0.0714286 0 0 0 0 0 0 0 0 0.0714286 0 0 0 0 0 0.0714286 0 0 0 0 0 
14 0 0 0 0 0 0 0 0 0 0 0 0 0 0 0.508475 0 0 0 0.0677966 0 0 0 0.0847458 0 0 0 0 0.220339 0 0 0 0 0 0 0 0 0 0 0.0338983 0 0 0.0169492 0 0 0.0677966 0 0 0 0 0 0 0 0 0 0.0169492 0 0 0 0 0 0 0 0 0 0 0.0169492 0 0 0 0 0 0.0677966 0 0.474576 0 0 0 0 0 0.237288 0 0.0508475 0 0 0.0169492 0 0 0 0 0.118644 0 0 0 0 0 0 0 0 0 0 
14 0.0909091 0 0 0.272727 0 0 0 0 0 0 0 0 0 0 0 0 0 0 0 0 0.181818 0 0 0.0909091 0 0 0 0 0 0 0 0 0 0 0 0 0 0 0 0 0 0 0.272727 0 0 0.0909091 0 0 0 0 0 0 0.181818 0 0.0909091 0 0 0 0 0 0 0 0.181818 0 0 0.0909091 0 0 0 0 0 0 0 0 0.272727 0 0 0 0 0 0 0 0 0 0 0 0.0909091 0 0.0909091 0 0 0 0 0 0 0 0 0 0 0 
14 0 0 0 0.333333 0 0.0666667 0 0 0 0 0 0 0.133333 0 0 0 0 0 0 0.133333 0 0 0 0.133333 0 0 0 0 0 0.133333 0 0 0 0 0 0 0 0 0.0666667 0 0 0 0 0 0 0 0 0 0 0 0 0 0 0 0.133333 0 0 0 0 0 0 0 0 0 0 0 0.0666667 0 0 0.0666667 0 0 0 0 0.4 0 0 0 0 0 0 0 0 0 0 0 0 0 0.333333 0 0 0 0 0 0 0 0 0 0 0 
15 0 0 0.0285714 0 0.228571 0 0.0285714 0 0 0 0 0 0.0285714 0 0.142857 0 0.0571429 0 0 0 0 0.0285714 0 0 0.0857143 0.142857 0 0 0.0857143 0 0 0 0.114286 0 0 0 0 0 0 0 0.0285714 0 0 0 0 0 0 0 0 0 0 0.0285714 0 0.0857143 0 0 0 0 0.0285714 0 0 0.0285714 0 0 0.0571429 0 0 0.0285714 0 0.0285714 0 0 0.0571429 0.0571429 0 0.0285714 0 0 0 0.0285714 0.171429 0.0285714 0.0285714 0 0 0.142857 0 0 0 0.0285714 0 0 0.142857 0 0 0 0 0 0 0 
15 0 0.04 0 0 0.22 0 0.02 0 0 0 0 0 0 0 0.26 0 0 0 0.02 0 0 0 0 0 0 0.12 0 0.04 0.06 0 0 0 0 0.02 0.02 0 0 0 0 0 0.04 0.02 0 0 0 0 0 0.04 0 0.08 0 0 0 0.06 0 0 0 0 0 0 0 0.08 0 0.02 0.06 0 0.02 0 0.02 0 0 0 0 0.12 0 0.14 0 0 0.02 0.02 0.1 0.02 0.02 0 0 0.02 0 0 0 0.08 0 0.08 0.08 0 0.04 0 0 0 0 0 
15 0 0 0.05 0 0 0 0 0 0 0 0 0 0.05 0 0 0 0 0 0.15 0 0 0 0 0 0 0 0 0.05 0 0 0 0 0 0 0 0.15 0.05 0 0.1 0 0 0 0 0 0.05 0 0.2 0.1 0 0.05 0 0 0 0 0 0.05 0 0 0 0 0.1 0.2 0 0.05 0 0 0.05 0 0.05 0.05 0 0 0.05 0 0 0.05 0 0 0 0 0 0.1 0.05 0 0 0 0 0 0 0 0 0 0 0 0.1 0 0 0 0.1 0 
15 0 0 0 0 0 0 0 0 0.0454545 0 0 0 0.136364 0 0 0 0 0 0.0454545 0.0454545 0 0 0 0.0454545 0 0 0 0.0454545 0 0 0 0 0 0 0 0.0454545 0 0 0.0454545 0 0.0909091 0 0 0 0.0909091 0 0.272727 0.0454545 0 0.0454545 0 0 0 0 0 0 0 0 0 0 0.0454545 0.181818 0 0.0454545 0 0 0.0909091 0 0.181818 0 0 0 0 0 0 0 0 0 0 0 0 0.136364 0 0 0 0 0 0 0 0 0 0.181818 0 0 0.136364 0 0 0 0 0 
15 0 0 0 0 0 0 0.04 0 0 0 0 0 0.08 0 0.16 0 0 0 0.12 0.08 0 0 0.04 0 0 0 0 0.04 0.04 0 0 0 0 0 0 0.04 0 0 0.04 0 0 0.12 0 0 0 0 0.08 0.04 0 0.08 0 0.04 0 0 0 0 0 0 0 0 0.04 0.04 0 0 0 0 0.04 0 0.2 0 0 0 0.08 0 0 0 0 0 0 0 0 0.08 0.04 0 0 0.28 0 0 0 0 0 0 0 0 0.08 0 0 0 0.08 0 
15 0 0 0 0 0.03125 0 0.03125 0 0.03125 0 0 0.0625 0 0 0.1875 0 0 0 0.03125 0.15625 0 0 0 0 0 0.03125 0 0.0625 0.125 0 0 0 0 0 0 0.03125 0 0 0 0 0.03125 0.03125 0 0 0.0625 0 0 0.09375 0 0 0 0.03125 0 0 0 0.09375 0 0 0 0 0.09375 0.03125 0 0.03125 0 0 0.0625 0 0.15625 0 0 0 0.125 0 0 0 0 0 0 0 0 0 0 0 0 0.1875 0 0 0 0 0 0 0 0 0.0625 0 0 0 0.125 0 
15 0 0.016129 0 0 0.16129 0 0.016129 0 0 0.016129 0 0 0 0 0 0 0 0.177419 0 0.016129 0.016129 0 0 0.016129 0.225806 0 0 0 0.193548 0 0 0 0.0967742 0 0 0 0 0 0 0 0 0 0 0 0 0 0 0 0 0.0483871 0 0 0 0 0 0 0 0 0.66129 0 0 0.112903 0 0 0 0 0 0 0 0 0 0 0.0645161 0 0 0 0 0 0 0 0 0 0 0 0 0.0322581 0 0 0.016129 0 0 0.0645161 0 0 0.0483871 0 0 0 0 0 
15 0.0140845 0.0140845 0.0422535 0 0.267606 0 0 0 0 0.028169 0.028169 0.0140845 0.0140845 0.0140845 0 0 0.084507 0.056338 0 0.0704225 0 0 0.0422535 0 0.126761 0 0 0 0.028169 0.0140845 0 0 0.056338 0 0 0 0 0 0 0 0 0 0 0 0 0 0 0 0 0.084507 0 0 0 0 0 0 0 0.028169 0.338028 0 0.0704225 0.0422535 0.028169 0.028169 0 0 0 0.0140845 0 0 0 0 0.0422535 0 0 0.0704225 0 0.0422535 0 0 0.140845 0 0.028169 0 0 0.028169 0.0140845 0 0 0 0 0.0140845 0.0422535 0 0.028169 0 0 0 0 0 
15 0 0 0.0465116 0 0.0930233 0 0 0 0 0.0232558 0 0 0 0 0 0 0.0232558 0 0 0 0 0 0 0 0.232558 0.139535 0 0 0.186047 0 0 0 0.116279 0.0232558 0 0 0 0 0 0 0.0232558 0.0697674 0 0 0 0 0 0 0 0.0232558 0 0 0 0 0 0.0930233 0 0 0 0 0 0 0 0 0 0 0 0.0697674 0.0930233 0 0 0 0 0 0 0 0 0 0 0 0.0465116 0.0465116 0.116279 0.0232558 0.0232558 0.0465116 0 0.0232558 0 0.0232558 0 0 0.0930233 0 0.0465116 0.0232558 0 0.232558 0 0 
15 0 0.3 0.025 0 0 0 0 0 0 0 0 0 0 0 0.025 0 0 0 0.05 0 0 0 0 0 0 0 0 0.05 0.1 0 0 0 0 0 0.025 0 0 0 0.025 0 0.025 0.175 0 0 0 0 0 0.175 0 0.025 0 0 0 0.2 0 0 0 0 0 0 0 0 0.025 0 0 0 0.025 0 0 0.075 0 0 0.025 0 0 0 0 0 0 0 0 0.05 0.2 0 0 0.125 0 0 0 0 0 0 0.075 0 0.025 0 0 0.025 0.15 0 
15 0 0.365854 0 0 0 0 0 0 0 0 0 0 0.0243902 0 0.268293 0 0 0 0 0.0487805 0 0 0 0 0 0.0243902 0 0.146341 0.0243902 0 0 0 0 0 0.0243902 0 0 0 0.0243902 0 0 0.0243902 0 0 0 0 0 0 0 0.0243902 0 0 0 0.195122 0 0 0 0 0 0 0.0243902 0.0243902 0 0.0243902 0.0731707 0 0 0 0 0 0 0 0.0487805 0.0243902 0 0 0 0 0 0 0.0243902 0.195122 0.0487805 0.0243902 0.0243902 0.0243902 0 0 0 0 0 0 0 0 0.121951 0 0 0.097561 0.0243902 0 
15 0 0 0 0.0277778 0 0 0 0 0 0 0 0 0 0 0.25 0 0 0 0 0.0277778 0 0 0 0 0 0 0 0.333333 0.138889 0 0 0 0 0 0.0277778 0 0 0 0.0555556 0 0 0 0 0 0 0 0 0.0277778 0 0.111111 0 0 0 0 0 0 0 0 0 0 0.0277778 0 0 0 0 0 0.0555556 0 0.0555556 0 0 0 0.0555556 0.0833333 0 0 0 0 0 0.0555556 0 0.305556 0 0 0 0.138889 0 0 0 0.138889 0 0 0 0 0.0555556 0 0 0 0.0277778 0 
15 0 0 0 0 0 0 0 0 0 0 0 0 0.0434783 0 0 0 0 0 0 0.0869565 0 0 0 0 0 0 0 0.0434783 0.173913 0 0 0 0.0869565 0 0 0 0 0 0.0869565 0 0.0869565 0.0869565 0 0 0 0 0.0434783 0.0434783 0 0.217391 0 0 0 0 0 0 0 0 0 0.0869565 0.0434783 0.0434783 0 0.0869565 0 0 0 0 0.217391 0 0 0 0.217391 0 0 0 0 0 0 0 0 0 0 0 0 0.0869565 0 0 0 0.0869565 0 0.0434783 0 0 0.0869565 0 0 0 0 0 
15 0 0 0.047619 0 0 0 0 0 0 0 0 0 0 0 0.047619 0 0 0 0 0 0 0 0 0 0 0 0 0.047619 0.047619 0.0952381 0 0 0 0 0 0.047619 0 0 0 0 0.0952381 0 0 0 0 0 0.047619 0.380952 0 0.142857 0 0 0 0 0 0 0 0 0 0 0.0952381 0.047619 0 0 0 0 0 0 0.142857 0.0952381 0 0 0.47619 0 0 0 0 0 0 0 0 0 0 0 0 0.0952381 0 0 0 0 0 0 0 0 0.047619 0 0 0 0 0 
16 0.0222222 0.0222222 0 0 0.155556 0 0 0.0222222 0 0 0 0 0.0222222 0.0222222 0.133333 0 0 0.0444444 0 0.0444444 0 0 0 0.0222222 0 0.2 0 0.111111 0 0 0 0 0.0222222 0 0 0 0 0 0.0222222 0.0666667 0 0 0 0 0 0 0 0 0 0.0666667 0 0.177778 0 0 0 0 0.0222222 0.0222222 0 0.0666667 0 0.0222222 0.0444444 0.0222222 0.0222222 0 0 0 0 0 0.0666667 0 0.0222222 0.0222222 0 0.0444444 0 0.0888889 0.0666667 0 0.0222222 0 0.0444444 0.0222222 0 0 0 0 0.0444444 0 0 0 0.0888889 0 0 0 0 0 0.0444444 0.0222222 
16 0 0.0888889 0 0 0.2 0 0 0 0 0 0 0 0 0 0.0888889 0 0 0.0444444 0 0.0222222 0 0 0 0 0 0.0222222 0 0.177778 0 0.0444444 0 0 0.155556 0.0444444 0 0 0 0 0 0.111111 0 0 0 0 0 0 0 0 0 0 0 0.0444444 0 0 0.0222222 0 0 0 0 0 0 0 0 0 0.155556 0.0222222 0 0.0444444 0 0 0 0 0 0.0888889 0.0444444 0.266667 0 0.0666667 0.155556 0.0222222 0.0444444 0 0 0 0 0 0 0 0 0.0222222 0 0 0 0 0 0 0 0 0 0 
16 0.12 0 0 0 0 0.04 0 0 0 0 0 0 0.12 0.04 0.08 0 0 0 0 0 0 0 0.08 0 0 0 0 0.04 0 0.04 0 0 0 0 0 0.04 0 0 0 0 0.04 0 0 0 0.04 0 0.2 0.12 0 0 0 0 0 0 0 0 0.04 0 0 0.04 0 0 0 0.2 0 0 0 0 0.12 0.04 0 0 0 0.04 0 0 0 0 0 0 0 0.08 0.12 0 0.04 0 0 0 0 0.16 0 0 0 0 0 0 0 0 0.08 0.04 
16 0 0 0.3125 0 0 0 0 0 0 0 0 0 0 0.0625 0 0 0 0 0.125 0 0 0 0 0 0 0 0 0.0625 0 0.125 0 0 0 0 0.0625 0 0.1875 0 0 0 0 0 0 0 0 0 0 0.0625 0 0 0 0 0 0 0.0625 0 0.0625 0 0 0 0 0 0 0.125 0 0 0 0 0 0.125 0 0 0 0 0 0 0 0 0 0.0625 0 0.25 0 0.0625 0 0 0 0 0 0 0 0 0 0 0.125 0.0625 0 0 0.0625 0 
16 0 0 0 0 0 0 0 0 0.214286 0 0 0 0 0 0 0 0 0 0 0.142857 0 0 0 0.0714286 0 0 0 0.142857 0 0.214286 0 0 0 0 0 0.0714286 0 0 0 0 0 0 0 0 0 0 0 0 0 0.142857 0 0 0 0 0.142857 0 0 0 0 0 0 0 0 0 0 0.0714286 0 0 0 0 0 0 0 0.0714286 0 0 0 0 0.0714286 0.0714286 0 0.214286 0.142857 0 0 0 0 0 0 0.0714286 0 0 0 0 0.142857 0 0 0 0 0 
16 0 0 0 0 0 0 0 0 0.047619 0 0 0 0.047619 0 0.047619 0 0 0 0 0.238095 0 0 0 0.047619 0 0 0 0 0 0.142857 0 0 0 0 0 0.285714 0.047619 0 0 0.047619 0 0 0 0 0.047619 0 0 0 0 0 0 0 0 0 0.142857 0 0 0 0 0 0 0 0 0 0 0.047619 0 0 0 0 0 0.047619 0 0.285714 0 0 0 0 0.190476 0.047619 0 0.047619 0.142857 0 0 0 0 0 0 0.047619 0 0 0 0 0 0 0 0 0 0 
16 0 0 0.0333333 0.0166667 0 0 0 0 0.0166667 0 0 0 0 0.0166667 0 0 0 0.266667 0.0833333 0.216667 0 0 0.166667 0.0833333 0 0 0 0 0 0 0 0 0.0166667 0 0 0 0 0 0 0.05 0 0 0 0 0.0333333 0 0 0 0 0 0 0 0 0.133333 0.0166667 0 0.0166667 0 0.0666667 0 0 0 0 0 0.0333333 0 0.0166667 0.0333333 0 0 0 0.0333333 0.0333333 0.116667 0 0.0166667 0 0 0 0.0333333 0.0333333 0.0666667 0.05 0.0166667 0 0 0 0 0.0166667 0.05 0 0 0 0 0.0333333 0 0 0.116667 0.0666667 0 
16 0 0 0.0379747 0 0.0126582 0 0 0 0.0126582 0.113924 0 0 0.0126582 0 0 0 0 0.278481 0.0126582 0.0886076 0 0.126582 0.101266 0.0632911 0 0 0 0 0 0 0 0 0 0 0.0126582 0 0 0 0 0.0253165 0 0 0 0.0759494 0 0 0 0 0 0.0253165 0 0.0379747 0 0.278481 0.0253165 0 0 0 0 0 0 0 0 0.0126582 0.0506329 0.0253165 0.0126582 0 0 0 0 0.0126582 0.0253165 0.0126582 0 0.0126582 0.0253165 0.101266 0.0253165 0.0379747 0.0379747 0.0632911 0.0506329 0 0 0 0 0 0.0379747 0 0 0 0.0126582 0 0 0 0 0 0.101266 0 
16 0 0 0 0.0869565 0 0 0 0 0 0 0 0 0.0434783 0 0.0869565 0 0 0 0.0869565 0 0 0 0 0 0 0 0 0.0434783 0.217391 0 0 0 0 0 0 0 0 0 0.0434783 0 0 0 0 0 0.0869565 0 0 0.26087 0 0.0434783 0 0 0 0 0.0434783 0 0.0434783 0 0 0 0 0 0 0 0 0 0 0 0 0.0434783 0 0.130435 0.0434783 0.130435 0 0 0 0 0.0434783 0.0434783 0 0.26087 0.130435 0 0 0 0 0 0.0434783 0 0 0 0 0 0 0 0 0 0.0434783 0 
16 0 0.137931 0.0689655 0.0689655 0 0 0 0.0344828 0 0 0 0 0 0 0.137931 0 0.137931 0 0.0344828 0 0 0 0 0 0 0 0 0 0 0 0 0 0 0 0.0344828 0 0 0 0.0344828 0 0 0.0689655 0 0 0 0 0 0.206897 0 0.0344828 0 0 0 0.172414 0.0344828 0 0 0 0 0 0 0 0 0 0 0.0344828 0 0.0344828 0 0 0 0 0 0.206897 0.0689655 0 0 0.0344828 0 0 0.0689655 0.0344828 0.0344828 0.0344828 0.0344828 0 0.0344828 0 0 0.172414 0 0 0 0 0 0 0 0 0 0 
16 0 0.0666667 0 0 0 0 0 0 0 0 0 0 0.0222222 0 0.311111 0 0 0.0222222 0 0.0444444 0 0 0 0 0 0.0222222 0 0.155556 0 0 0 0 0.177778 0 0 0 0 0 0.0888889 0.0666667 0 0.0222222 0 0 0 0 0 0 0 0 0 0 0 0.0666667 0.0444444 0 0 0 0.0222222 0 0 0 0 0 0 0 0.0444444 0 0 0.0222222 0 0 0 0.111111 0 0.111111 0 0.0666667 0.0222222 0.0888889 0.0222222 0.0444444 0.111111 0 0.0666667 0 0 0 0.0222222 0.111111 0 0 0 0 0.0222222 0 0 0 0 0 
16 0 0.214286 0 0 0.0357143 0 0 0 0 0 0 0 0.0178571 0 0.303571 0 0.0357143 0 0.0178571 0 0 0 0.0357143 0 0 0.0535714 0 0.0892857 0.0178571 0 0 0 0.0357143 0 0 0.0178571 0 0 0.0178571 0.0178571 0 0.0178571 0 0 0.0357143 0 0.0178571 0.0178571 0 0 0 0 0 0.0535714 0 0 0 0 0 0.0714286 0 0 0 0.0178571 0.0357143 0 0 0.0357143 0 0.0178571 0 0 0.0178571 0.0357143 0 0.0714286 0 0.0357143 0.0178571 0.0357143 0.0535714 0.0714286 0.178571 0 0 0 0 0 0 0.0892857 0 0 0.0357143 0 0.0714286 0 0 0 0.0535714 0 
16 0 0 0 0 0 0 0 0 0 0 0 0 0.176471 0 0 0 0 0 0 0.176471 0 0 0 0 0 0 0.0588235 0 0 0.117647 0 0 0 0 0 0 0 0 0.0588235 0.0588235 0 0 0 0 0 0 0 0.176471 0 0.176471 0 0 0 0 0.0588235 0 0 0 0 0 0.0588235 0.0588235 0.0588235 0 0 0 0 0.0588235 0 0 0 0 0.0588235 0.0588235 0 0 0 0 0 0 0 0 0 0 0 0.0588235 0 0 0.117647 0.0588235 0 0 0 0 0 0 0 0 0.352941 0 
16 0 0 0 0 0 0 0 0 0 0 0 0 0 0 0 0 0 0 0.117647 0.0588235 0 0 0 0 0 0 0 0.0588235 0 0.294118 0 0 0 0 0 0 0 0 0 0.0588235 0 0 0 0 0.0588235 0 0.0588235 0.117647 0 0.176471 0 0 0 0 0 0 0 0 0 0 0.117647 0 0 0.0588235 0 0 0 0 0 0.0588235 0 0.0588235 0.176471 0.0588235 0 0 0 0 0 0.0588235 0 0.0588235 0 0 0 0.0588235 0 0 0 0 0 0 0 0 0 0 0 0 0.294118 0 
