120
0 0 0 4 0 17 0 0 52 0 0 0 18 0 5 0 0 0 0 0 0 7 0 19 0 0 0 68 0 0 19 0 7 0 0 0 0 0 0 4 0 17 0 0 0 52 0 0 18 0 5 0 0 0 57 0 0 7 0 19 0 0 0 68 0 0 19 0 7 0 0 0 7 2 1 2 1 8 1 1 30 6 2 2 16 4 10 3 4 23 0 3 2 6 3 13 1 2 6 26 1 1 8 2 1 0 2 7 5 1 0 2 2 8 1 2 7 30 1 1 16 3 7 1 2 16 48 2 1 5 3 14 2 1 5 29 2 2 8 2 3 1 1 6 
7 3 3 6 4 10 4 4 31 9 4 4 13 5 7 3 4 13 0 3 2 4 4 9 3 3 6 20 2 2 6 2 3 2 3 6 6 3 2 3 3 8 3 3 6 29 3 3 10 4 5 2 3 9 27 4 2 4 4 10 3 3 5 22 3 3 8 4 4 3 3 7 0 0 0 4 0 14 0 0 66 0 0 0 26 0 11 0 0 0 0 0 0 6 0 21 0 0 0 46 0 0 12 0 2 0 0 0 0 0 0 4 0 14 0 0 0 66 0 0 26 0 12 0 0 0 76 0 0 6 0 20 0 0 0 45 0 0 11 0 2 0 0 0 
8 0 0 2 0 12 0 0 35 4 0 0 11 0 2 0 0 8 0 0 0 6 0 16 0 0 5 64 0 0 16 1 6 0 0 7 9 0 0 2 0 12 0 0 5 36 0 0 12 0 3 0 0 7 42 0 0 6 0 15 0 0 7 64 0 0 17 1 6 0 0 10 5 2 2 3 3 8 2 2 32 5 2 2 12 4 5 2 3 11 0 3 2 4 4 12 2 2 5 31 2 2 8 3 3 2 2 6 7 3 2 3 3 9 2 2 5 32 3 2 12 4 5 2 3 13 31 3 2 5 4 12 2 2 6 31 2 2 8 3 3 2 2 7 
9 0 0 1 0 10 0 0 36 7 0 0 20 0 8 0 0 17 0 0 0 7 0 20 0 0 7 35 0 0 11 0 2 0 0 9 8 0 0 1 0 11 0 0 8 35 0 0 21 0 7 0 0 15 70 0 0 7 0 20 0 0 6 38 0 0 11 0 2 0 0 8 0 0 0 4 0 16 0 0 45 0 0 0 16 0 4 0 0 0 0 0 0 8 0 20 0 0 0 78 0 0 20 0 9 0 0 0 0 0 0 4 0 15 0 0 0 46 0 0 16 0 5 0 0 0 50 0 0 8 0 19 0 0 0 79 0 0 20 0 9 0 0 0 
5 0 0 4 2 9 0 2 23 2 0 0 9 0 2 0 1 10 0 0 0 7 0 14 0 0 4 33 2 0 9 2 4 0 0 5 17 3 2 5 2 11 1 1 4 26 2 1 11 2 4 1 2 11 42 4 4 12 5 21 3 3 12 33 1 1 11 2 4 1 3 18 6 1 0 2 0 9 0 0 22 5 0 0 13 0 4 1 1 13 0 0 1 7 1 15 0 0 6 32 0 0 11 1 3 0 0 8 11 2 0 2 0 10 0 1 5 31 0 1 16 1 7 0 1 11 63 0 0 14 2 22 1 0 6 47 2 1 10 1 3 0 2 9 
7 0 0 2 0 11 0 0 37 4 0 0 17 0 6 0 0 8 0 0 0 10 0 21 0 0 5 50 0 0 12 0 3 0 0 7 6 0 0 2 0 12 0 0 5 36 0 0 17 0 5 0 0 8 61 0 0 10 0 22 0 0 4 52 0 0 12 0 3 0 0 5 0 0 0 3 0 13 0 0 58 0 0 0 27 0 15 0 0 0 0 0 0 9 0 20 0 0 0 48 0 0 12 0 3 0 0 0 0 0 0 4 0 13 0 0 0 58 0 0 25 0 15 0 0 0 71 0 0 9 0 20 0 0 0 50 0 0 13 0 4 0 0 0 
0 0 0 0 0 13 0 0 55 0 0 0 22 0 4 0 0 0 0 0 0 5 0 22 0 0 0 59 0 0 13 0 1 0 0 0 0 0 0 1 0 13 0 0 0 56 0 0 23 0 4 0 0 0 97 0 0 5 0 23 0 0 0 59 0 0 13 0 1 0 0 0 7 0 0 3 0 12 0 0 39 4 0 0 17 0 7 0 0 8 0 0 0 6 0 16 0 0 4 37 0 0 12 0 3 0 0 7 14 1 0 3 0 12 0 0 5 39 0 0 18 0 8 0 0 10 66 0 0 8 0 17 0 0 7 36 0 0 12 0 3 0 1 14 
9 0 0 1 0 12 0 0 41 6 0 0 19 0 4 0 0 15 0 0 0 5 0 19 0 0 6 42 0 0 12 0 2 0 0 9 9 0 0 2 0 12 0 0 7 40 0 0 19 0 4 0 0 15 60 0 0 5 0 19 0 0 7 42 0 0 12 0 2 0 0 9 8 0 0 5 0 14 0 0 40 7 0 0 17 0 6 0 0 11 0 0 0 6 0 17 0 0 6 42 0 0 14 0 4 0 0 9 8 0 0 5 0 15 0 0 7 41 0 0 17 0 5 0 0 12 43 0 0 6 0 17 0 0 7 42 0 0 14 0 4 0 0 8 
6 0 0 1 1 9 0 1 37 5 0 0 19 1 7 0 0 22 0 1 0 5 1 18 0 0 5 34 1 0 8 1 2 0 0 5 7 0 0 1 1 8 0 0 6 37 0 0 20 2 7 0 1 23 59 1 0 6 1 18 0 0 7 32 0 0 9 1 1 0 1 7 12 1 0 5 1 14 0 0 38 8 0 0 13 1 4 0 1 11 0 1 0 3 1 12 0 0 7 37 0 0 14 1 4 0 1 12 13 1 0 5 1 15 0 0 8 39 0 0 13 1 3 0 1 11 38 1 0 3 1 12 0 0 8 37 0 0 13 1 4 0 1 13 
0 0 0 0 0 0 0 0 0 0 0 0 0 0 0 0 0 0 0 0 0 0 0 0 0 0 0 0 0 0 0 0 0 0 0 0 0 0 0 0 0 0 0 0 0 0 0 0 0 0 0 0 0 0 0 0 0 0 0 0 0 0 0 0 0 0 0 0 0 0 0 0 9 1 0 3 1 10 0 1 33 7 1 0 13 2 4 0 1 11 0 2 0 6 2 15 1 1 7 40 1 1 11 2 4 0 1 9 9 1 0 4 2 11 1 1 8 35 1 1 14 2 5 0 2 14 35 1 0 5 2 14 0 1 7 37 1 0 11 1 4 0 1 9 
0 0 0 11 0 15 0 0 40 0 0 0 14 0 10 0 0 0 0 0 0 11 0 15 0 0 0 50 0 0 20 0 15 0 0 0 0 0 0 20 0 24 0 0 0 54 0 0 13 0 9 0 0 0 92 0 0 6 0 10 0 0 0 35 0 0 15 0 11 0 0 0 13 1 1 3 3 14 1 0 40 3 0 0 9 1 1 1 1 7 0 1 0 1 2 9 0 0 3 39 0 1 13 2 2 1 2 15 18 3 1 3 2 14 1 0 3 38 0 0 9 1 1 0 1 7 55 1 0 1 1 9 1 0 4 38 0 1 14 2 3 1 3 18 
4 2 1 2 2 7 1 1 37 5 1 1 14 3 4 1 2 14 0 3 1 4 3 15 1 1 4 37 1 1 6 3 2 1 2 5 5 2 1 2 2 8 1 1 4 38 1 1 15 3 4 2 3 16 42 3 2 4 3 16 1 1 6 36 1 1 8 2 1 1 2 5 10 3 1 4 3 10 2 2 29 8 2 2 12 3 5 2 3 12 0 3 2 4 3 11 2 2 7 28 2 2 9 3 4 2 3 10 10 3 2 4 3 10 2 2 7 29 2 2 12 3 4 2 3 12 30 3 1 4 3 11 2 2 7 29 2 2 10 3 4 1 2 9 
4 0 0 1 1 7 0 0 29 2 0 0 15 0 7 0 0 9 0 0 0 5 0 14 0 0 3 31 0 0 8 1 3 0 0 4 14 4 0 2 0 8 1 0 4 31 1 2 17 3 11 2 1 16 74 1 2 10 3 17 2 1 9 32 1 1 9 1 3 0 4 14 13 2 1 5 3 11 1 2 28 6 1 1 8 2 2 1 2 9 0 2 1 3 2 9 1 2 7 32 2 2 12 3 5 2 3 12 14 3 2 5 3 12 2 2 6 30 2 2 10 2 3 1 2 9 27 2 1 4 2 10 2 2 8 32 2 2 13 3 5 2 3 15 
8 1 0 3 2 10 0 1 29 5 1 0 11 1 3 0 1 10 0 1 0 3 1 11 0 1 5 28 1 0 10 2 3 0 1 8 22 4 1 3 2 12 1 1 6 31 2 2 13 2 6 1 2 13 39 2 1 5 3 13 1 2 10 27 1 1 12 2 4 1 4 20 15 2 0 5 1 12 1 1 33 8 1 1 16 2 8 1 1 13 0 1 1 8 2 16 1 1 9 31 1 1 11 1 4 0 2 15 7 0 0 4 1 11 0 1 8 31 0 0 14 1 5 0 0 10 38 0 0 6 1 14 0 0 5 35 0 0 11 1 4 0 1 7 
2 0 0 8 0 18 0 0 69 1 0 0 19 0 8 0 0 3 0 0 0 4 0 16 0 0 1 44 0 0 14 0 5 0 0 2 2 0 0 7 0 18 0 0 1 66 0 0 20 0 9 0 0 2 51 0 0 5 0 16 0 0 1 46 0 0 15 0 5 0 0 2 8 0 0 4 0 15 0 0 49 6 0 0 18 0 6 0 0 9 0 0 0 3 0 15 0 0 5 37 0 0 13 0 3 0 0 8 12 0 0 4 0 15 0 0 6 49 0 0 18 0 7 0 0 10 50 0 0 4 0 15 0 0 6 36 0 0 12 0 2 0 0 12 
3 0 0 1 0 8 0 0 36 2 0 0 21 0 11 0 0 4 0 0 0 9 0 18 0 0 2 38 0 0 8 0 3 0 0 3 8 1 0 1 0 9 0 0 3 40 0 1 24 1 15 0 0 7 93 0 0 11 1 19 0 0 3 41 0 0 10 0 3 0 1 8 10 2 1 5 2 12 2 2 48 10 2 2 17 3 9 1 3 20 0 1 0 3 1 11 1 1 7 21 0 0 8 1 2 0 1 7 7 1 0 3 1 9 0 2 9 41 2 1 16 3 8 1 1 9 39 3 0 3 1 10 1 1 3 26 1 0 8 2 3 1 2 8 
8 0 0 3 0 13 0 0 39 6 0 0 15 0 3 0 0 12 0 0 0 5 0 16 0 0 7 48 0 0 14 0 4 0 0 8 10 0 0 3 0 13 0 0 6 40 0 0 14 0 3 0 0 12 42 0 0 5 0 17 0 0 8 53 0 0 13 0 4 0 0 9 0 0 0 2 0 13 0 0 47 0 0 0 22 0 8 0 0 0 0 0 0 11 0 24 0 0 0 60 0 0 15 0 4 0 0 0 0 0 0 2 0 13 0 0 0 46 0 0 21 0 8 0 0 0 75 0 0 12 0 25 0 0 0 60 0 0 14 0 4 0 0 0 
0 0 0 3 0 14 0 0 53 0 0 0 24 0 10 0 0 0 0 0 0 10 0 23 0 0 0 54 0 0 14 0 4 0 0 0 0 0 0 3 0 14 0 0 0 54 0 0 23 0 9 0 0 0 72 0 0 10 0 24 0 0 0 54 0 0 14 0 3 0 0 0 6 1 0 3 2 11 1 2 45 6 1 1 16 2 6 0 1 8 0 1 1 4 1 11 0 1 3 30 1 0 11 2 4 0 2 7 12 2 1 4 1 12 1 1 6 43 2 1 16 4 6 1 2 12 31 1 1 4 2 12 1 1 8 31 0 1 11 1 3 0 2 11 
8 1 0 4 2 11 0 1 32 6 1 1 13 1 5 0 1 14 0 1 0 5 1 14 0 1 7 36 1 0 12 1 4 0 1 9 10 1 0 4 1 12 0 1 5 32 1 0 13 2 4 0 1 9 37 1 1 7 2 15 1 1 8 43 1 1 13 2 6 1 2 10 0 0 0 1 0 14 0 0 57 0 0 0 25 0 5 0 0 0 0 0 0 5 0 23 0 0 0 53 0 0 14 0 1 0 0 0 0 0 0 1 0 15 0 0 0 56 0 0 24 0 5 0 0 0 94 0 0 5 0 23 0 0 0 53 0 0 14 0 1 0 0 0 
0 0 0 1 0 14 0 0 52 0 0 0 24 0 6 0 0 0 0 0 0 6 0 24 0 0 0 55 0 0 14 0 1 0 0 0 0 0 0 1 0 14 0 0 0 51 0 0 24 0 6 0 0 0 100 0 0 6 0 24 0 0 0 53 0 0 14 0 1 0 0 0 6 0 0 1 1 12 0 0 51 3 0 0 14 0 2 0 0 8 0 0 0 3 0 14 0 0 4 56 0 0 12 0 2 0 0 6 7 0 0 1 0 13 0 0 3 51 0 0 14 0 2 0 0 7 62 0 0 3 0 14 0 0 4 56 0 0 12 1 2 0 0 7 
9 2 1 3 2 9 1 1 26 5 1 1 9 2 3 1 2 10 0 1 1 4 2 10 1 2 11 42 2 2 13 4 7 1 2 9 11 2 1 3 2 8 1 1 5 26 2 1 9 2 3 1 2 9 27 2 1 5 2 11 1 3 13 43 3 2 13 3 9 1 2 10 0 0 0 11 0 16 0 0 58 0 0 0 20 0 15 0 0 0 0 0 0 10 0 14 0 0 0 41 0 0 16 0 11 0 0 0 0 0 0 6 0 11 0 0 0 40 0 0 19 0 15 0 0 0 79 0 0 14 0 17 0 0 0 53 0 0 14 0 11 0 0 0 
17 1 0 0 3 21 0 0 47 0 0 0 0 0 0 0 0 0 0 0 0 0 0 0 0 0 0 47 0 0 21 3 0 0 2 17 26 2 0 0 2 22 0 0 0 45 0 0 1 0 0 0 0 0 94 0 0 0 0 1 0 0 0 47 0 0 22 2 0 1 2 27 0 0 0 5 0 18 0 0 52 0 0 0 21 0 7 0 0 0 0 0 0 7 0 20 0 0 0 56 0 0 18 0 6 0 0 0 0 0 0 5 0 19 0 0 0 53 0 0 21 0 6 0 0 0 63 0 0 8 0 21 0 0 0 59 0 0 18 0 6 0 0 0 
14 2 0 2 1 10 1 1 28 9 2 2 18 3 9 2 2 16 0 2 2 9 3 17 1 2 9 28 1 1 10 1 3 0 2 14 6 1 0 2 1 9 0 1 9 26 0 0 15 1 6 0 1 13 46 1 0 6 1 15 0 0 5 31 1 0 9 2 3 0 0 5 8 0 0 4 0 13 0 0 36 5 0 0 15 0 5 0 0 9 0 0 0 11 0 20 0 0 7 50 0 0 14 0 5 0 0 7 6 0 0 3 0 12 0 0 5 34 0 0 15 0 5 0 0 8 46 0 0 11 0 20 0 0 5 55 0 0 14 0 5 0 0 6 
0 0 0 4 0 16 0 0 60 0 0 0 23 0 8 0 0 0 0 0 0 6 0 21 0 0 0 53 0 0 15 0 4 0 0 0 0 0 0 4 0 17 0 0 0 63 0 0 23 0 8 0 0 0 65 0 0 6 0 21 0 0 0 53 0 0 15 0 4 0 0 0 13 1 0 2 1 11 0 0 33 8 0 0 12 1 3 0 1 15 0 1 0 3 1 13 0 0 10 37 0 0 13 1 3 0 1 13 17 1 0 2 1 12 0 0 8 31 0 0 12 1 3 0 1 15 42 1 0 3 1 14 0 0 11 39 0 0 13 1 3 0 1 15 
11 1 0 3 1 10 0 1 33 9 1 0 16 2 6 0 1 16 0 1 0 5 1 15 0 1 8 33 1 0 10 1 3 0 1 12 10 1 0 3 1 10 0 1 10 32 1 0 16 1 5 0 1 18 39 1 0 5 1 15 0 0 8 33 1 0 10 1 3 0 1 10 0 0 0 3 0 13 0 0 58 0 0 0 26 0 14 0 0 0 0 0 0 7 0 20 0 0 0 44 0 0 12 0 2 0 0 0 0 0 0 2 0 13 0 0 0 55 0 0 27 0 13 0 0 0 97 0 0 7 0 21 0 0 0 44 0 0 12 0 2 0 0 0 
25 3 0 3 2 14 0 0 40 2 0 0 5 1 0 0 0 1 0 1 0 0 1 5 0 0 1 40 0 0 13 2 5 0 3 26 27 3 0 4 2 13 0 0 2 41 0 0 5 0 0 0 0 2 52 0 0 0 1 5 0 0 2 40 0 0 14 3 3 0 3 29 0 0 0 2 0 16 0 0 54 0 0 0 24 0 5 0 0 0 0 0 0 5 0 23 0 0 0 54 0 0 16 0 2 0 0 0 0 0 0 2 0 16 0 0 0 52 0 0 24 0 6 0 0 0 91 0 0 6 0 23 0 0 0 52 0 0 15 0 2 0 0 0 
5 0 0 3 0 13 0 0 45 4 0 0 19 0 6 0 0 7 0 0 0 7 0 19 0 0 4 47 0 0 13 0 4 0 0 5 6 0 0 3 0 13 0 0 4 46 0 0 19 0 7 0 0 7 61 0 0 7 0 20 0 0 4 47 0 0 13 0 3 0 0 6 5 2 1 3 2 8 2 2 29 9 3 2 12 5 7 2 2 8 0 5 2 4 3 9 3 2 5 21 4 3 8 3 4 3 4 8 8 5 4 6 6 12 4 6 11 30 5 5 14 5 7 4 5 17 21 3 2 4 3 8 2 3 5 17 2 2 6 2 2 1 3 6 
4 0 0 1 2 7 1 0 54 3 0 0 14 1 2 1 1 10 0 1 0 2 1 14 0 0 4 58 1 0 7 2 1 1 1 4 3 0 0 1 1 8 1 0 3 53 0 1 15 2 2 0 2 11 49 1 1 2 2 15 1 0 4 56 1 0 7 1 1 0 0 4 0 0 0 12 0 19 0 0 59 0 0 0 20 0 14 0 0 0 0 0 0 11 0 16 0 0 0 41 0 0 13 0 8 0 0 0 0 0 0 9 0 13 0 0 0 35 0 0 9 0 6 0 0 0 111 0 0 7 0 11 0 0 0 45 0 0 17 0 12 0 0 0 
13 2 0 2 0 10 0 0 30 9 1 0 16 2 8 1 1 15 0 1 1 10 2 19 1 1 9 36 0 0 11 1 3 0 2 12 6 0 0 2 1 10 0 0 9 28 0 0 16 0 6 0 0 13 49 0 0 7 0 17 0 0 5 38 0 0 10 1 3 0 0 6 0 0 0 0 0 9 0 0 45 0 0 0 26 0 7 0 0 0 0 0 0 8 0 27 0 0 0 50 0 0 11 0 1 0 0 0 0 0 0 0 0 11 0 0 0 48 0 0 28 0 6 0 0 0 110 0 0 7 0 29 0 0 0 55 0 0 11 0 1 0 0 0 
18 2 0 2 1 11 0 1 27 9 1 1 12 1 5 0 1 14 0 1 1 6 2 15 1 1 12 32 1 1 14 1 4 0 2 18 11 1 0 2 1 11 0 0 9 26 0 0 12 1 3 0 1 14 34 1 0 5 1 15 0 0 8 37 1 0 13 1 5 0 1 9 9 0 0 3 0 12 0 0 36 8 0 0 19 0 7 0 0 15 0 0 0 6 0 18 0 0 7 36 0 0 12 0 3 0 0 10 9 0 0 3 0 13 0 0 9 37 0 0 19 0 6 0 0 16 48 0 0 6 0 18 0 0 7 37 0 0 12 0 3 0 0 9 
0 0 0 2 0 15 0 0 61 0 0 0 23 0 5 0 0 0 0 0 0 4 0 21 0 0 0 55 0 0 15 0 1 0 0 0 0 0 0 2 0 15 0 0 0 61 0 0 22 0 5 0 0 0 82 0 0 4 0 22 0 0 0 56 0 0 14 0 2 0 0 0 0 0 0 3 0 17 0 0 52 0 0 0 23 0 7 0 0 0 0 0 0 6 0 22 0 0 0 52 0 0 17 0 4 0 0 0 0 0 0 4 0 18 0 0 0 53 0 0 23 0 6 0 0 0 79 0 0 7 0 23 0 0 0 52 0 0 17 0 4 0 0 0 
8 0 0 4 1 12 0 0 42 7 0 0 16 0 6 0 0 12 0 0 0 4 0 15 0 0 5 32 0 0 10 1 2 0 0 8 13 1 0 4 1 13 0 0 8 44 0 0 18 1 9 0 1 15 44 0 0 5 1 14 0 0 9 30 0 0 11 1 2 0 1 13 10 0 0 9 0 18 0 0 55 7 0 0 15 0 6 0 0 8 0 0 0 3 0 11 0 0 6 32 0 0 14 0 4 0 0 11 10 0 0 8 0 19 0 0 7 53 0 0 15 0 6 0 0 8 36 0 0 3 0 12 0 0 6 33 0 0 13 0 5 0 0 10 
6 0 0 2 0 11 0 0 41 4 0 0 21 0 9 0 0 10 0 0 0 8 0 20 0 0 4 41 0 0 10 0 2 0 0 5 7 0 0 2 0 10 0 0 5 41 0 0 21 0 9 0 0 11 74 0 0 8 0 20 0 0 5 39 0 0 10 0 2 0 0 7 0 0 0 3 0 16 0 0 59 0 0 0 24 0 8 0 0 0 0 0 0 6 0 22 0 0 0 51 0 0 15 0 3 0 0 0 0 0 0 4 0 16 0 0 0 60 0 0 24 0 9 0 0 0 75 0 0 6 0 21 0 0 0 49 0 0 14 0 3 0 0 0 
21 5 4 7 5 11 2 2 21 5 2 2 5 2 2 2 2 5 0 2 1 2 2 6 2 2 5 25 2 3 14 6 9 3 4 18 20 5 2 6 4 12 2 2 4 21 2 2 5 2 2 1 2 4 16 2 2 2 2 6 2 3 5 26 2 4 15 6 10 4 5 22 5 1 0 3 3 7 1 2 29 4 1 1 15 2 7 1 2 14 0 2 1 5 2 13 1 1 3 27 2 1 7 2 2 1 1 5 10 3 1 2 2 9 1 1 5 30 3 2 17 5 10 4 5 20 44 4 2 6 3 13 2 2 7 24 1 1 9 2 3 1 3 11 
6 0 0 5 0 15 0 0 49 4 0 0 17 0 5 0 0 7 0 0 0 6 0 17 0 0 4 47 0 0 15 0 4 0 0 6 7 0 0 6 0 16 0 0 4 49 0 0 17 0 6 0 0 8 48 0 0 6 0 17 0 0 5 46 0 0 14 0 4 0 0 7 13 3 1 3 2 10 1 1 24 9 3 2 15 4 8 3 3 15 0 3 3 9 4 15 3 3 9 28 2 2 10 2 4 1 3 14 6 1 0 3 2 8 1 2 9 23 1 1 12 1 5 0 1 12 33 1 0 6 2 13 1 1 4 30 2 1 9 2 3 0 1 5 
0 0 0 2 0 15 0 0 57 0 0 0 25 0 8 0 0 0 0 0 0 6 0 22 0 0 0 51 0 0 15 0 2 0 0 0 0 0 0 2 0 16 0 0 0 56 0 0 24 0 7 0 0 0 86 0 0 6 0 23 0 0 0 51 0 0 14 0 2 0 0 0 2 0 0 1 0 12 0 0 65 1 0 0 11 1 1 0 0 4 0 0 0 1 0 12 0 0 1 68 0 0 13 0 1 0 0 3 4 0 0 1 0 12 1 0 2 62 0 0 11 0 0 0 0 6 67 0 0 1 0 12 0 0 1 67 0 0 13 0 2 0 0 4 
9 0 0 2 0 10 0 0 31 6 0 0 16 0 5 0 0 20 0 0 0 9 1 19 0 0 8 39 0 0 11 0 2 0 0 8 8 0 0 1 0 10 0 0 7 32 0 0 17 0 5 0 0 20 55 0 0 9 1 19 0 0 7 42 0 0 11 0 3 0 0 8 14 2 1 4 2 11 1 1 26 8 1 1 10 2 4 1 2 10 0 2 2 10 4 16 2 3 11 36 2 2 13 3 6 1 3 14 8 1 0 5 2 11 0 1 7 26 1 0 9 1 3 0 1 9 25 1 0 7 1 14 1 1 6 40 2 1 12 2 6 0 1 6 
11 0 0 1 0 11 0 0 36 8 0 0 19 0 4 0 0 19 0 0 0 5 0 19 0 0 8 36 0 0 11 0 1 0 0 11 12 0 0 1 0 11 0 0 9 34 0 0 19 0 4 0 0 19 57 0 0 5 0 19 0 0 9 36 0 0 11 0 1 0 0 11 7 0 0 3 1 11 0 1 35 5 0 0 15 0 6 0 0 11 0 0 0 5 1 15 0 0 4 33 1 0 11 1 3 0 0 7 16 2 0 3 1 12 0 0 6 35 1 0 16 2 7 0 1 13 48 1 1 7 2 16 1 1 9 31 0 0 11 1 3 0 2 16 
17 1 0 4 1 14 0 0 34 11 0 0 13 1 4 0 1 14 0 1 0 2 1 12 0 0 10 30 0 0 14 1 3 0 1 18 16 1 0 3 1 14 0 0 11 34 0 0 13 0 3 0 1 14 39 1 0 2 0 12 0 0 10 31 0 0 13 1 3 0 1 16 0 0 0 1 0 13 0 0 54 0 0 0 27 0 10 0 0 0 0 0 0 7 0 23 0 0 0 47 0 0 12 0 1 0 0 0 0 0 0 1 0 13 0 0 0 52 0 0 27 0 9 0 0 0 107 0 0 7 0 22 0 0 0 46 0 0 11 0 0 0 0 0 
8 2 1 3 3 10 2 2 37 5 1 1 11 3 4 1 2 9 0 2 2 3 3 10 2 1 4 37 1 2 9 3 3 2 2 7 8 3 2 3 3 10 2 2 5 39 2 2 11 3 4 1 3 9 36 2 1 3 3 10 2 2 6 36 2 2 9 3 2 2 3 9 10 1 0 2 0 11 0 0 41 5 0 0 21 0 9 0 0 8 0 0 0 10 0 21 0 0 5 42 0 0 11 0 2 0 1 10 4 0 0 2 0 11 0 0 6 39 0 0 20 0 8 0 0 6 63 0 0 9 0 21 0 0 3 43 0 0 10 0 2 0 0 4 
9 1 0 2 1 12 1 1 53 4 1 1 10 1 1 1 1 5 0 1 1 1 2 10 1 1 3 47 1 1 14 2 2 0 2 9 7 1 0 2 2 12 1 1 4 50 1 1 10 2 2 1 1 5 47 1 1 1 2 11 1 0 3 50 1 1 12 2 2 1 1 7 11 3 3 4 4 9 3 2 22 7 4 3 8 4 4 3 3 7 0 4 3 4 4 9 3 4 8 24 4 4 11 5 6 4 5 14 10 4 3 6 4 11 3 4 7 21 3 3 9 2 3 2 3 8 18 2 1 4 3 9 3 3 7 26 3 3 10 4 6 3 3 8 
6 0 0 3 0 12 0 0 42 4 0 0 19 0 7 0 0 8 0 0 0 7 0 18 0 0 4 41 0 0 13 0 4 0 0 6 10 0 0 4 0 13 0 0 5 43 0 0 19 0 8 0 0 9 57 0 0 8 0 19 0 0 6 43 0 0 13 0 4 0 0 10 2 8 0 8 0 8 5 8 53 8 0 0 11 0 11 2 2 2 0 2 8 5 2 25 0 0 2 44 0 0 5 5 0 2 0 5 0 0 2 0 0 5 0 2 2 39 5 2 14 11 5 5 0 5 50 11 8 8 0 8 8 0 2 39 2 2 11 0 0 0 2 2 
0 0 0 1 0 13 0 0 52 0 0 0 27 0 7 0 0 0 0 0 0 7 0 26 0 0 0 52 0 0 13 0 1 0 0 0 0 0 0 1 0 13 0 0 0 51 0 0 26 0 6 0 0 0 98 0 0 7 0 26 0 0 0 50 0 0 12 0 1 0 0 0 0 0 0 1 0 14 0 0 51 0 0 0 25 0 8 0 0 0 0 0 0 7 0 24 0 0 0 50 0 0 14 0 1 0 0 0 0 0 0 1 0 15 0 0 0 54 0 0 25 0 7 0 0 0 95 0 0 6 0 25 0 0 0 51 0 0 14 0 1 0 0 0 
7 1 0 2 1 9 0 1 35 6 0 0 15 2 5 0 1 16 0 1 0 5 1 16 0 1 6 35 1 0 10 1 2 0 1 7 9 1 0 2 1 10 0 1 6 35 1 1 16 2 5 0 1 17 47 1 0 6 2 16 0 1 8 34 1 0 10 1 3 0 1 9 4 1 1 1 1 6 1 1 43 4 0 1 17 2 5 1 2 15 0 2 1 4 2 16 1 1 5 41 0 1 7 2 1 0 1 4 5 1 0 1 1 7 1 1 5 43 1 1 16 3 3 1 2 15 50 2 1 4 3 16 1 0 4 42 1 1 8 1 1 1 1 4 
21 3 2 6 4 15 2 2 34 5 1 1 7 1 1 0 1 5 0 1 1 1 2 7 1 1 4 29 1 1 10 4 4 2 3 27 23 4 2 5 4 12 2 1 4 31 1 1 7 2 1 0 1 5 26 2 1 1 2 6 1 1 3 32 1 1 12 4 5 2 3 23 9 0 0 4 0 15 0 0 38 5 0 0 13 0 3 0 0 7 0 0 0 6 0 15 0 0 6 53 0 0 18 0 8 0 0 8 8 0 0 5 0 15 0 0 5 41 0 0 14 0 4 0 0 7 40 0 0 6 0 16 0 0 5 53 0 0 18 0 8 0 0 8 
0 0 0 3 0 16 0 0 52 0 0 0 21 0 5 0 0 0 0 0 0 5 0 22 0 0 0 60 0 0 18 0 4 0 0 0 0 0 0 3 0 17 0 0 0 54 0 0 21 0 4 0 0 0 74 0 0 6 0 22 0 0 0 60 0 0 18 0 4 0 0 0 0 0 0 2 0 14 0 0 56 0 0 0 24 0 6 0 0 0 0 0 0 6 0 23 0 0 0 59 0 0 14 0 2 0 0 0 0 0 0 2 0 14 0 0 0 55 0 0 24 0 6 0 0 0 78 0 0 7 0 24 0 0 0 58 0 0 13 0 2 0 0 0 
11 0 0 3 0 12 0 0 32 6 0 0 13 0 3 0 0 9 0 0 0 7 0 17 0 0 8 51 0 0 16 0 6 0 0 9 9 0 0 3 0 12 0 0 6 32 0 0 13 0 3 0 0 10 38 0 0 7 0 16 0 0 8 54 0 0 15 0 7 0 0 9 13 1 0 4 0 13 0 0 37 7 0 0 18 0 8 0 0 10 0 0 0 9 0 18 0 0 7 40 0 0 12 0 4 0 1 14 7 0 0 4 0 12 0 0 7 36 0 0 17 0 6 0 0 8 53 0 0 7 0 17 0 0 5 41 0 0 12 0 4 0 0 7 
7 0 0 3 0 12 0 0 36 5 0 0 16 0 5 0 0 11 0 0 0 7 0 18 0 0 6 42 0 0 13 0 4 0 0 7 12 0 0 3 0 12 0 0 6 36 0 0 17 0 6 0 0 11 53 0 0 8 1 19 0 0 8 42 0 0 13 0 4 0 0 12 10 0 0 4 0 13 0 0 46 7 0 0 19 1 9 0 0 14 0 0 0 5 1 14 0 0 7 32 0 0 11 0 3 0 0 10 8 0 0 4 0 13 0 0 8 41 0 0 16 0 7 0 0 10 45 0 0 5 0 15 0 0 5 37 0 0 11 1 3 0 0 8 
4 0 0 3 2 8 0 1 28 3 0 0 12 0 4 0 0 9 0 1 0 4 0 13 0 0 3 27 1 0 7 2 2 0 0 4 18 6 1 3 1 10 1 1 4 31 2 1 14 3 8 2 2 15 60 2 3 9 4 16 2 3 11 27 1 1 10 1 3 1 5 18 15 0 0 2 0 12 0 0 32 10 0 0 16 0 4 0 0 18 0 0 0 4 0 16 0 0 11 32 0 0 13 0 2 0 1 15 14 0 0 2 0 12 0 0 11 32 0 0 16 0 3 0 0 17 46 0 0 4 0 16 0 0 11 34 0 0 12 0 3 0 1 14 
13 1 0 3 0 12 0 0 35 7 0 0 19 1 9 0 0 11 0 0 0 8 1 17 0 0 7 33 0 0 11 0 3 0 1 13 8 0 0 3 0 11 0 0 8 32 0 0 17 0 7 0 0 10 63 0 0 7 0 17 0 0 5 35 0 0 11 0 3 0 0 8 0 0 0 1 0 10 0 0 44 0 0 0 23 0 5 0 0 0 0 0 0 9 0 27 0 0 0 63 0 0 13 0 2 0 0 0 0 0 0 1 0 10 0 0 0 44 0 0 23 0 5 0 0 0 91 0 0 11 0 29 0 0 0 64 0 0 12 0 2 0 0 0 
0 0 0 2 0 14 0 0 44 0 0 0 18 0 4 0 0 0 0 0 0 10 0 22 0 0 0 75 0 0 17 0 6 0 0 0 0 0 0 2 0 14 0 0 0 44 0 0 18 0 5 0 0 0 61 0 0 10 0 22 0 0 0 76 0 0 17 0 6 0 0 0 6 0 0 3 0 11 0 0 40 4 0 0 16 0 5 0 0 7 0 0 0 5 0 16 0 0 4 41 0 0 12 0 3 0 0 6 7 0 0 3 0 12 0 0 4 40 0 0 16 0 5 0 0 7 55 0 0 5 0 16 0 0 4 42 0 0 12 0 3 0 0 7 
0 0 0 2 0 18 0 0 55 0 0 0 20 0 3 0 0 0 0 0 0 4 0 21 0 0 0 58 0 0 18 0 3 0 0 0 0 0 0 3 0 18 0 0 0 55 0 0 20 0 3 0 0 0 87 0 0 4 0 21 0 0 0 57 0 0 18 0 3 0 0 0 0 0 0 4 0 18 0 0 57 0 0 0 22 0 6 0 0 0 0 0 0 5 0 21 0 0 0 54 0 0 18 0 4 0 0 0 0 0 0 5 0 19 0 0 0 57 0 0 22 0 5 0 0 0 71 0 0 5 0 21 0 0 0 54 0 0 18 0 4 0 0 0 
12 2 1 6 2 13 1 1 36 9 2 1 16 2 8 1 2 16 0 1 0 5 2 12 0 1 8 26 1 0 11 1 4 0 1 12 8 1 0 5 1 12 0 1 8 33 1 0 14 1 5 0 1 11 36 1 0 4 1 13 0 1 6 31 1 1 11 2 5 0 1 10 0 0 0 1 0 13 0 0 49 0 0 0 24 0 6 0 0 0 0 0 0 8 0 25 0 0 0 55 0 0 14 0 2 0 0 0 0 0 0 1 0 14 0 0 0 50 0 0 24 0 5 0 0 0 92 0 0 8 0 26 0 0 0 57 0 0 14 0 2 0 0 0 
12 0 0 3 0 14 0 0 39 8 0 0 16 0 4 0 0 15 0 0 0 3 0 15 0 0 8 37 0 0 14 0 2 0 0 12 12 0 0 3 0 14 0 0 9 38 0 0 16 0 3 0 0 14 48 0 0 4 0 16 0 0 8 39 0 0 14 0 3 0 0 12 22 5 1 3 2 10 2 2 22 10 3 3 13 4 8 3 3 14 0 3 4 7 4 12 3 3 10 23 2 2 11 2 3 1 5 23 7 1 0 3 2 9 1 2 9 20 1 1 11 1 4 0 1 9 31 1 0 4 1 11 1 1 5 28 2 1 10 2 4 1 1 6 
9 0 0 3 0 14 0 0 45 6 0 0 16 0 4 0 0 12 0 0 0 3 0 16 0 0 6 44 0 0 14 0 3 0 0 10 9 0 0 3 0 14 0 0 6 44 0 0 16 0 4 0 0 11 51 0 0 3 0 16 0 0 6 45 0 0 14 0 3 0 0 9 14 3 2 5 3 10 1 1 23 4 1 1 6 2 2 1 2 6 0 2 2 5 3 10 2 3 10 42 3 3 13 5 8 2 3 16 16 3 1 4 2 8 1 2 4 23 1 1 7 1 2 1 1 7 19 2 1 4 3 9 2 2 8 40 2 2 14 4 8 2 3 14 
10 3 2 5 4 12 2 2 37 6 2 2 10 4 5 2 2 7 0 2 2 3 3 9 1 2 5 30 2 1 10 3 4 2 3 11 10 3 2 5 3 12 2 2 6 38 2 2 10 3 3 1 2 5 26 2 2 3 3 9 2 2 4 31 2 2 10 3 4 2 4 9 4 2 1 6 5 12 2 2 56 10 2 2 12 3 4 1 2 7 0 2 1 2 2 7 1 2 3 34 1 1 7 1 3 2 1 7 6 1 1 4 2 11 3 2 9 59 2 3 14 3 5 2 2 6 29 2 1 1 2 6 1 1 5 32 1 1 6 3 1 1 3 6 
11 3 2 5 3 9 2 2 24 5 2 2 9 2 3 2 3 13 0 2 2 4 2 8 2 3 9 22 2 2 11 3 5 1 2 11 9 2 2 5 3 10 2 2 6 27 2 1 10 2 4 1 1 6 25 2 1 5 3 12 2 2 8 36 4 4 16 5 10 3 4 9 0 0 0 3 0 13 0 0 52 0 0 0 25 0 12 0 0 0 0 0 0 10 0 24 0 0 0 51 0 0 12 0 3 0 0 0 0 0 0 3 0 13 0 0 0 51 0 0 25 0 12 0 0 0 82 0 0 11 0 24 0 0 0 49 0 0 12 0 3 0 0 0 
8 2 1 3 2 10 1 2 34 6 1 1 14 2 5 1 2 14 0 2 1 5 2 13 1 1 6 31 1 1 9 2 3 1 2 8 9 2 1 3 2 10 1 1 6 34 2 1 15 3 5 1 2 15 38 2 1 5 2 14 1 1 7 31 1 1 9 2 3 1 2 9 11 1 1 2 5 10 1 0 31 3 1 1 8 1 2 0 1 5 0 2 2 3 5 10 2 2 10 53 2 2 13 4 5 1 3 12 9 1 1 1 1 9 2 0 3 29 0 0 10 3 3 1 1 8 29 1 1 5 3 11 1 2 6 49 0 1 13 2 6 1 2 12 
6 0 0 3 0 12 0 0 50 4 0 0 22 0 10 0 0 9 0 0 0 6 0 18 0 0 4 37 0 0 11 0 3 0 0 6 7 0 0 3 0 12 0 0 5 49 0 0 22 0 10 0 0 9 62 0 0 6 0 18 0 0 5 37 0 0 11 0 2 0 0 7 0 0 0 2 0 15 0 0 53 0 0 0 25 0 6 0 0 0 0 0 0 6 0 24 0 0 0 54 0 0 15 0 2 0 0 0 0 0 0 2 0 16 0 0 0 54 0 0 24 0 6 0 0 0 84 0 0 7 0 24 0 0 0 54 0 0 15 0 2 0 0 0 
7 2 1 2 3 10 1 1 43 4 0 1 12 3 2 1 2 8 0 2 1 3 3 12 1 1 5 44 1 2 9 2 2 2 2 8 6 2 1 2 3 9 1 1 4 42 1 1 11 3 3 1 2 10 40 2 1 3 3 12 1 1 4 44 1 1 9 3 3 1 2 6 0 0 0 5 0 19 0 0 63 0 0 0 22 0 5 0 0 0 0 0 0 4 0 19 0 0 0 50 0 0 17 0 3 0 0 0 0 0 0 5 0 20 0 0 0 63 0 0 22 0 6 0 0 0 72 0 0 4 0 19 0 0 0 52 0 0 17 0 3 0 0 0 
0 0 0 0 0 0 0 0 0 0 0 0 0 0 0 0 0 0 0 0 0 0 0 0 0 0 0 0 0 0 0 0 0 0 0 0 0 0 0 0 0 0 0 0 0 0 0 0 0 0 0 0 0 0 0 0 0 0 0 0 0 0 0 0 0 0 0 0 0 0 0 0 0 0 0 0 0 0 0 0 0 0 0 0 0 0 0 0 0 0 0 0 0 0 0 0 0 0 0 0 0 0 0 0 0 0 0 0 0 0 0 0 0 0 0 0 0 0 0 0 0 0 0 0 0 0 0 0 0 0 0 0 0 0 0 0 0 0 0 0 0 0 0 0 
0 0 0 0 0 0 0 0 0 0 0 0 0 0 0 0 0 0 0 0 0 0 0 0 0 0 0 0 0 0 0 0 0 0 0 0 0 0 0 0 0 0 0 0 0 0 0 0 0 0 0 0 0 0 0 0 0 0 0 0 0 0 0 0 0 0 0 0 0 0 0 0 0 0 0 0 0 0 0 0 0 0 0 0 0 0 0 0 0 0 0 0 0 0 0 0 0 0 0 0 0 0 0 0 0 0 0 0 0 0 0 0 0 0 0 0 0 0 0 0 0 0 0 0 0 0 0 0 0 0 0 0 0 0 0 0 0 0 0 0 0 0 0 0 
0 0 0 0 0 0 0 0 0 0 0 0 0 0 0 0 0 0 0 0 0 0 0 0 0 0 0 0 0 0 0 0 0 0 0 0 0 0 0 0 0 0 0 0 0 0 0 0 0 0 0 0 0 0 0 0 0 0 0 0 0 0 0 0 0 0 0 0 0 0 0 0 0 0 0 0 0 0 0 0 0 0 0 0 0 0 0 0 0 0 0 0 0 0 0 0 0 0 0 0 0 0 0 0 0 0 0 0 0 0 0 0 0 0 0 0 0 0 0 0 0 0 0 0 0 0 0 0 0 0 0 0 0 0 0 0 0 0 0 0 0 0 0 0 
0 0 0 0 0 0 0 0 0 0 0 0 0 0 0 0 0 0 0 0 0 0 0 0 0 0 0 0 0 0 0 0 0 0 0 0 0 0 0 0 0 0 0 0 0 0 0 0 0 0 0 0 0 0 0 0 0 0 0 0 0 0 0 0 0 0 0 0 0 0 0 0 0 0 0 0 0 0 0 0 0 0 0 0 0 0 0 0 0 0 0 0 0 0 0 0 0 0 0 0 0 0 0 0 0 0 0 0 0 0 0 0 0 0 0 0 0 0 0 0 0 0 0 0 0 0 0 0 0 0 0 0 0 0 0 0 0 0 0 0 0 0 0 0 
0 0 0 0 0 0 0 0 0 0 0 0 0 0 0 0 0 0 0 0 0 0 0 0 0 0 0 0 0 0 0 0 0 0 0 0 0 0 0 0 0 0 0 0 0 0 0 0 0 0 0 0 0 0 0 0 0 0 0 0 0 0 0 0 0 0 0 0 0 0 0 0 0 0 0 0 0 0 0 0 0 0 0 0 0 0 0 0 0 0 0 0 0 0 0 0 0 0 0 0 0 0 0 0 0 0 0 0 0 0 0 0 0 0 0 0 0 0 0 0 0 0 0 0 0 0 0 0 0 0 0 0 0 0 0 0 0 0 0 0 0 0 0 0 
0 0 0 0 0 0 0 0 0 0 0 0 0 0 0 0 0 0 0 0 0 0 0 0 0 0 0 0 0 0 0 0 0 0 0 0 0 0 0 0 0 0 0 0 0 0 0 0 0 0 0 0 0 0 0 0 0 0 0 0 0 0 0 0 0 0 0 0 0 0 0 0 0 0 0 0 0 0 0 0 0 0 0 0 0 0 0 0 0 0 0 0 0 0 0 0 0 0 0 0 0 0 0 0 0 0 0 0 0 0 0 0 0 0 0 0 0 0 0 0 0 0 0 0 0 0 0 0 0 0 0 0 0 0 0 0 0 0 0 0 0 0 0 0 
0 0 0 0 0 0 0 0 0 0 0 0 0 0 0 0 0 0 0 0 0 0 0 0 0 0 0 0 0 0 0 0 0 0 0 0 0 0 0 0 0 0 0 0 0 0 0 0 0 0 0 0 0 0 0 0 0 0 0 0 0 0 0 0 0 0 0 0 0 0 0 0 0 0 0 0 0 0 0 0 0 0 0 0 0 0 0 0 0 0 0 0 0 0 0 0 0 0 0 0 0 0 0 0 0 0 0 0 0 0 0 0 0 0 0 0 0 0 0 0 0 0 0 0 0 0 0 0 0 0 0 0 0 0 0 0 0 0 0 0 0 0 0 0 
0 0 0 0 0 0 0 0 0 0 0 0 0 0 0 0 0 0 0 0 0 0 0 0 0 0 0 0 0 0 0 0 0 0 0 0 0 0 0 0 0 0 0 0 0 0 0 0 0 0 0 0 0 0 0 0 0 0 0 0 0 0 0 0 0 0 0 0 0 0 0 0 0 0 0 0 0 0 0 0 0 0 0 0 0 0 0 0 0 0 0 0 0 0 0 0 0 0 0 0 0 0 0 0 0 0 0 0 0 0 0 0 0 0 0 0 0 0 0 0 0 0 0 0 0 0 0 0 0 0 0 0 0 0 0 0 0 0 0 0 0 0 0 0 
0 0 0 0 0 0 0 0 0 0 0 0 0 0 0 0 0 0 0 0 0 0 0 0 0 0 0 0 0 0 0 0 0 0 0 0 0 0 0 0 0 0 0 0 0 0 0 0 0 0 0 0 0 0 0 0 0 0 0 0 0 0 0 0 0 0 0 0 0 0 0 0 0 0 0 0 0 0 0 0 0 0 0 0 0 0 0 0 0 0 0 0 0 0 0 0 0 0 0 0 0 0 0 0 0 0 0 0 0 0 0 0 0 0 0 0 0 0 0 0 0 0 0 0 0 0 0 0 0 0 0 0 0 0 0 0 0 0 0 0 0 0 0 0 
0 0 0 0 0 0 0 0 0 0 0 0 0 0 0 0 0 0 0 0 0 0 0 0 0 0 0 0 0 0 0 0 0 0 0 0 0 0 0 0 0 0 0 0 0 0 0 0 0 0 0 0 0 0 0 0 0 0 0 0 0 0 0 0 0 0 0 0 0 0 0 0 0 0 0 0 0 0 0 0 0 0 0 0 0 0 0 0 0 0 0 0 0 0 0 0 0 0 0 0 0 0 0 0 0 0 0 0 0 0 0 0 0 0 0 0 0 0 0 0 0 0 0 0 0 0 0 0 0 0 0 0 0 0 0 0 0 0 0 0 0 0 0 0 
0 0 0 0 0 0 0 0 0 0 0 0 0 0 0 0 0 0 0 0 0 0 0 0 0 0 0 0 0 0 0 0 0 0 0 0 0 0 0 0 0 0 0 0 0 0 0 0 0 0 0 0 0 0 0 0 0 0 0 0 0 0 0 0 0 0 0 0 0 0 0 0 0 0 0 0 0 0 0 0 0 0 0 0 0 0 0 0 0 0 0 0 0 0 0 0 0 0 0 0 0 0 0 0 0 0 0 0 0 0 0 0 0 0 0 0 0 0 0 0 0 0 0 0 0 0 0 0 0 0 0 0 0 0 0 0 0 0 0 0 0 0 0 0 
0 0 0 0 0 0 0 0 0 0 0 0 0 0 0 0 0 0 0 0 0 0 0 0 0 0 0 0 0 0 0 0 0 0 0 0 0 0 0 0 0 0 0 0 0 0 0 0 0 0 0 0 0 0 0 0 0 0 0 0 0 0 0 0 0 0 0 0 0 0 0 0 0 0 0 0 0 0 0 0 0 0 0 0 0 0 0 0 0 0 0 0 0 0 0 0 0 0 0 0 0 0 0 0 0 0 0 0 0 0 0 0 0 0 0 0 0 0 0 0 0 0 0 0 0 0 0 0 0 0 0 0 0 0 0 0 0 0 0 0 0 0 0 0 
0 0 0 0 0 0 0 0 0 0 0 0 0 0 0 0 0 0 0 0 0 0 0 0 0 0 0 0 0 0 0 0 0 0 0 0 0 0 0 0 0 0 0 0 0 0 0 0 0 0 0 0 0 0 0 0 0 0 0 0 0 0 0 0 0 0 0 0 0 0 0 0 0 0 0 0 0 0 0 0 0 0 0 0 0 0 0 0 0 0 0 0 0 0 0 0 0 0 0 0 0 0 0 0 0 0 0 0 0 0 0 0 0 0 0 0 0 0 0 0 0 0 0 0 0 0 0 0 0 0 0 0 0 0 0 0 0 0 0 0 0 0 0 0 
0 0 0 0 0 0 0 0 0 0 0 0 0 0 0 0 0 0 0 0 0 0 0 0 0 0 0 0 0 0 0 0 0 0 0 0 0 0 0 0 0 0 0 0 0 0 0 0 0 0 0 0 0 0 0 0 0 0 0 0 0 0 0 0 0 0 0 0 0 0 0 0 0 0 0 0 0 0 0 0 0 0 0 0 0 0 0 0 0 0 0 0 0 0 0 0 0 0 0 0 0 0 0 0 0 0 0 0 0 0 0 0 0 0 0 0 0 0 0 0 0 0 0 0 0 0 0 0 0 0 0 0 0 0 0 0 0 0 0 0 0 0 0 0 
0 0 0 0 0 0 0 0 0 0 0 0 0 0 0 0 0 0 0 0 0 0 0 0 0 0 0 0 0 0 0 0 0 0 0 0 0 0 0 0 0 0 0 0 0 0 0 0 0 0 0 0 0 0 0 0 0 0 0 0 0 0 0 0 0 0 0 0 0 0 0 0 0 0 0 0 0 0 0 0 0 0 0 0 0 0 0 0 0 0 0 0 0 0 0 0 0 0 0 0 0 0 0 0 0 0 0 0 0 0 0 0 0 0 0 0 0 0 0 0 0 0 0 0 0 0 0 0 0 0 0 0 0 0 0 0 0 0 0 0 0 0 0 0 
0 0 0 0 0 0 0 0 0 0 0 0 0 0 0 0 0 0 0 0 0 0 0 0 0 0 0 0 0 0 0 0 0 0 0 0 0 0 0 0 0 0 0 0 0 0 0 0 0 0 0 0 0 0 0 0 0 0 0 0 0 0 0 0 0 0 0 0 0 0 0 0 0 0 0 0 0 0 0 0 0 0 0 0 0 0 0 0 0 0 0 0 0 0 0 0 0 0 0 0 0 0 0 0 0 0 0 0 0 0 0 0 0 0 0 0 0 0 0 0 0 0 0 0 0 0 0 0 0 0 0 0 0 0 0 0 0 0 0 0 0 0 0 0 
0 0 0 0 0 0 0 0 0 0 0 0 0 0 0 0 0 0 0 0 0 0 0 0 0 0 0 0 0 0 0 0 0 0 0 0 0 0 0 0 0 0 0 0 0 0 0 0 0 0 0 0 0 0 0 0 0 0 0 0 0 0 0 0 0 0 0 0 0 0 0 0 0 0 0 0 0 0 0 0 0 0 0 0 0 0 0 0 0 0 0 0 0 0 0 0 0 0 0 0 0 0 0 0 0 0 0 0 0 0 0 0 0 0 0 0 0 0 0 0 0 0 0 0 0 0 0 0 0 0 0 0 0 0 0 0 0 0 0 0 0 0 0 0 
0 0 0 0 0 0 0 0 0 0 0 0 0 0 0 0 0 0 0 0 0 0 0 0 0 0 0 0 0 0 0 0 0 0 0 0 0 0 0 0 0 0 0 0 0 0 0 0 0 0 0 0 0 0 0 0 0 0 0 0 0 0 0 0 0 0 0 0 0 0 0 0 0 0 0 0 0 0 0 0 0 0 0 0 0 0 0 0 0 0 0 0 0 0 0 0 0 0 0 0 0 0 0 0 0 0 0 0 0 0 0 0 0 0 0 0 0 0 0 0 0 0 0 0 0 0 0 0 0 0 0 0 0 0 0 0 0 0 0 0 0 0 0 0 
0 0 0 0 0 0 0 0 0 0 0 0 0 0 0 0 0 0 0 0 0 0 0 0 0 0 0 0 0 0 0 0 0 0 0 0 0 0 0 0 0 0 0 0 0 0 0 0 0 0 0 0 0 0 0 0 0 0 0 0 0 0 0 0 0 0 0 0 0 0 0 0 0 0 0 0 0 0 0 0 0 0 0 0 0 0 0 0 0 0 0 0 0 0 0 0 0 0 0 0 0 0 0 0 0 0 0 0 0 0 0 0 0 0 0 0 0 0 0 0 0 0 0 0 0 0 0 0 0 0 0 0 0 0 0 0 0 0 0 0 0 0 0 0 
0 0 0 0 0 0 0 0 0 0 0 0 0 0 0 0 0 0 0 0 0 0 0 0 0 0 0 0 0 0 0 0 0 0 0 0 0 0 0 0 0 0 0 0 0 0 0 0 0 0 0 0 0 0 0 0 0 0 0 0 0 0 0 0 0 0 0 0 0 0 0 0 0 0 0 0 0 0 0 0 0 0 0 0 0 0 0 0 0 0 0 0 0 0 0 0 0 0 0 0 0 0 0 0 0 0 0 0 0 0 0 0 0 0 0 0 0 0 0 0 0 0 0 0 0 0 0 0 0 0 0 0 0 0 0 0 0 0 0 0 0 0 0 0 
0 0 0 0 0 0 0 0 0 0 0 0 0 0 0 0 0 0 0 0 0 0 0 0 0 0 0 0 0 0 0 0 0 0 0 0 0 0 0 0 0 0 0 0 0 0 0 0 0 0 0 0 0 0 0 0 0 0 0 0 0 0 0 0 0 0 0 0 0 0 0 0 0 0 0 0 0 0 0 0 0 0 0 0 0 0 0 0 0 0 0 0 0 0 0 0 0 0 0 0 0 0 0 0 0 0 0 0 0 0 0 0 0 0 0 0 0 0 0 0 0 0 0 0 0 0 0 0 0 0 0 0 0 0 0 0 0 0 0 0 0 0 0 0 
0 0 0 0 0 0 0 0 0 0 0 0 0 0 0 0 0 0 0 0 0 0 0 0 0 0 0 0 0 0 0 0 0 0 0 0 0 0 0 0 0 0 0 0 0 0 0 0 0 0 0 0 0 0 0 0 0 0 0 0 0 0 0 0 0 0 0 0 0 0 0 0 0 0 0 0 0 0 0 0 0 0 0 0 0 0 0 0 0 0 0 0 0 0 0 0 0 0 0 0 0 0 0 0 0 0 0 0 0 0 0 0 0 0 0 0 0 0 0 0 0 0 0 0 0 0 0 0 0 0 0 0 0 0 0 0 0 0 0 0 0 0 0 0 
0 0 0 0 0 0 0 0 0 0 0 0 0 0 0 0 0 0 0 0 0 0 0 0 0 0 0 0 0 0 0 0 0 0 0 0 0 0 0 0 0 0 0 0 0 0 0 0 0 0 0 0 0 0 0 0 0 0 0 0 0 0 0 0 0 0 0 0 0 0 0 0 0 0 0 0 0 0 0 0 0 0 0 0 0 0 0 0 0 0 0 0 0 0 0 0 0 0 0 0 0 0 0 0 0 0 0 0 0 0 0 0 0 0 0 0 0 0 0 0 0 0 0 0 0 0 0 0 0 0 0 0 0 0 0 0 0 0 0 0 0 0 0 0 
0 0 0 0 0 0 0 0 0 0 0 0 0 0 0 0 0 0 0 0 0 0 0 0 0 0 0 0 0 0 0 0 0 0 0 0 0 0 0 0 0 0 0 0 0 0 0 0 0 0 0 0 0 0 0 0 0 0 0 0 0 0 0 0 0 0 0 0 0 0 0 0 0 0 0 0 0 0 0 0 0 0 0 0 0 0 0 0 0 0 0 0 0 0 0 0 0 0 0 0 0 0 0 0 0 0 0 0 0 0 0 0 0 0 0 0 0 0 0 0 0 0 0 0 0 0 0 0 0 0 0 0 0 0 0 0 0 0 0 0 0 0 0 0 
0 0 0 0 0 0 0 0 0 0 0 0 0 0 0 0 0 0 0 0 0 0 0 0 0 0 0 0 0 0 0 0 0 0 0 0 0 0 0 0 0 0 0 0 0 0 0 0 0 0 0 0 0 0 0 0 0 0 0 0 0 0 0 0 0 0 0 0 0 0 0 0 0 0 0 0 0 0 0 0 0 0 0 0 0 0 0 0 0 0 0 0 0 0 0 0 0 0 0 0 0 0 0 0 0 0 0 0 0 0 0 0 0 0 0 0 0 0 0 0 0 0 0 0 0 0 0 0 0 0 0 0 0 0 0 0 0 0 0 0 0 0 0 0 
0 0 0 0 0 0 0 0 0 0 0 0 0 0 0 0 0 0 0 0 0 0 0 0 0 0 0 0 0 0 0 0 0 0 0 0 0 0 0 0 0 0 0 0 0 0 0 0 0 0 0 0 0 0 0 0 0 0 0 0 0 0 0 0 0 0 0 0 0 0 0 0 0 0 0 0 0 0 0 0 0 0 0 0 0 0 0 0 0 0 0 0 0 0 0 0 0 0 0 0 0 0 0 0 0 0 0 0 0 0 0 0 0 0 0 0 0 0 0 0 0 0 0 0 0 0 0 0 0 0 0 0 0 0 0 0 0 0 0 0 0 0 0 0 
0 0 0 0 0 0 0 0 0 0 0 0 0 0 0 0 0 0 0 0 0 0 0 0 0 0 0 0 0 0 0 0 0 0 0 0 0 0 0 0 0 0 0 0 0 0 0 0 0 0 0 0 0 0 0 0 0 0 0 0 0 0 0 0 0 0 0 0 0 0 0 0 0 0 0 0 0 0 0 0 0 0 0 0 0 0 0 0 0 0 0 0 0 0 0 0 0 0 0 0 0 0 0 0 0 0 0 0 0 0 0 0 0 0 0 0 0 0 0 0 0 0 0 0 0 0 0 0 0 0 0 0 0 0 0 0 0 0 0 0 0 0 0 0 
0 0 0 0 0 0 0 0 0 0 0 0 0 0 0 0 0 0 0 0 0 0 0 0 0 0 0 0 0 0 0 0 0 0 0 0 0 0 0 0 0 0 0 0 0 0 0 0 0 0 0 0 0 0 0 0 0 0 0 0 0 0 0 0 0 0 0 0 0 0 0 0 0 0 0 0 0 0 0 0 0 0 0 0 0 0 0 0 0 0 0 0 0 0 0 0 0 0 0 0 0 0 0 0 0 0 0 0 0 0 0 0 0 0 0 0 0 0 0 0 0 0 0 0 0 0 0 0 0 0 0 0 0 0 0 0 0 0 0 0 0 0 0 0 
0 0 0 0 0 0 0 0 0 0 0 0 0 0 0 0 0 0 0 0 0 0 0 0 0 0 0 0 0 0 0 0 0 0 0 0 0 0 0 0 0 0 0 0 0 0 0 0 0 0 0 0 0 0 0 0 0 0 0 0 0 0 0 0 0 0 0 0 0 0 0 0 0 0 0 0 0 0 0 0 0 0 0 0 0 0 0 0 0 0 0 0 0 0 0 0 0 0 0 0 0 0 0 0 0 0 0 0 0 0 0 0 0 0 0 0 0 0 0 0 0 0 0 0 0 0 0 0 0 0 0 0 0 0 0 0 0 0 0 0 0 0 0 0 
0 0 0 0 0 0 0 0 0 0 0 0 0 0 0 0 0 0 0 0 0 0 0 0 0 0 0 0 0 0 0 0 0 0 0 0 0 0 0 0 0 0 0 0 0 0 0 0 0 0 0 0 0 0 0 0 0 0 0 0 0 0 0 0 0 0 0 0 0 0 0 0 0 0 0 0 0 0 0 0 0 0 0 0 0 0 0 0 0 0 0 0 0 0 0 0 0 0 0 0 0 0 0 0 0 0 0 0 0 0 0 0 0 0 0 0 0 0 0 0 0 0 0 0 0 0 0 0 0 0 0 0 0 0 0 0 0 0 0 0 0 0 0 0 
0 0 0 0 0 0 0 0 0 0 0 0 0 0 0 0 0 0 0 0 0 0 0 0 0 0 0 0 0 0 0 0 0 0 0 0 0 0 0 0 0 0 0 0 0 0 0 0 0 0 0 0 0 0 0 0 0 0 0 0 0 0 0 0 0 0 0 0 0 0 0 0 0 0 0 0 0 0 0 0 0 0 0 0 0 0 0 0 0 0 0 0 0 0 0 0 0 0 0 0 0 0 0 0 0 0 0 0 0 0 0 0 0 0 0 0 0 0 0 0 0 0 0 0 0 0 0 0 0 0 0 0 0 0 0 0 0 0 0 0 0 0 0 0 
0 0 0 0 0 0 0 0 0 0 0 0 0 0 0 0 0 0 0 0 0 0 0 0 0 0 0 0 0 0 0 0 0 0 0 0 0 0 0 0 0 0 0 0 0 0 0 0 0 0 0 0 0 0 0 0 0 0 0 0 0 0 0 0 0 0 0 0 0 0 0 0 0 0 0 0 0 0 0 0 0 0 0 0 0 0 0 0 0 0 0 0 0 0 0 0 0 0 0 0 0 0 0 0 0 0 0 0 0 0 0 0 0 0 0 0 0 0 0 0 0 0 0 0 0 0 0 0 0 0 0 0 0 0 0 0 0 0 0 0 0 0 0 0 
0 0 0 0 0 0 0 0 0 0 0 0 0 0 0 0 0 0 0 0 0 0 0 0 0 0 0 0 0 0 0 0 0 0 0 0 0 0 0 0 0 0 0 0 0 0 0 0 0 0 0 0 0 0 0 0 0 0 0 0 0 0 0 0 0 0 0 0 0 0 0 0 0 0 0 0 0 0 0 0 0 0 0 0 0 0 0 0 0 0 0 0 0 0 0 0 0 0 0 0 0 0 0 0 0 0 0 0 0 0 0 0 0 0 0 0 0 0 0 0 0 0 0 0 0 0 0 0 0 0 0 0 0 0 0 0 0 0 0 0 0 0 0 0 
0 0 0 0 0 0 0 0 0 0 0 0 0 0 0 0 0 0 0 0 0 0 0 0 0 0 0 0 0 0 0 0 0 0 0 0 0 0 0 0 0 0 0 0 0 0 0 0 0 0 0 0 0 0 0 0 0 0 0 0 0 0 0 0 0 0 0 0 0 0 0 0 0 0 0 0 0 0 0 0 0 0 0 0 0 0 0 0 0 0 0 0 0 0 0 0 0 0 0 0 0 0 0 0 0 0 0 0 0 0 0 0 0 0 0 0 0 0 0 0 0 0 0 0 0 0 0 0 0 0 0 0 0 0 0 0 0 0 0 0 0 0 0 0 
0 0 0 0 0 0 0 0 0 0 0 0 0 0 0 0 0 0 0 0 0 0 0 0 0 0 0 0 0 0 0 0 0 0 0 0 0 0 0 0 0 0 0 0 0 0 0 0 0 0 0 0 0 0 0 0 0 0 0 0 0 0 0 0 0 0 0 0 0 0 0 0 0 0 0 0 0 0 0 0 0 0 0 0 0 0 0 0 0 0 0 0 0 0 0 0 0 0 0 0 0 0 0 0 0 0 0 0 0 0 0 0 0 0 0 0 0 0 0 0 0 0 0 0 0 0 0 0 0 0 0 0 0 0 0 0 0 0 0 0 0 0 0 0 
0 0 0 0 0 0 0 0 0 0 0 0 0 0 0 0 0 0 0 0 0 0 0 0 0 0 0 0 0 0 0 0 0 0 0 0 0 0 0 0 0 0 0 0 0 0 0 0 0 0 0 0 0 0 0 0 0 0 0 0 0 0 0 0 0 0 0 0 0 0 0 0 0 0 0 0 0 0 0 0 0 0 0 0 0 0 0 0 0 0 0 0 0 0 0 0 0 0 0 0 0 0 0 0 0 0 0 0 0 0 0 0 0 0 0 0 0 0 0 0 0 0 0 0 0 0 0 0 0 0 0 0 0 0 0 0 0 0 0 0 0 0 0 0 
0 0 0 0 0 0 0 0 0 0 0 0 0 0 0 0 0 0 0 0 0 0 0 0 0 0 0 0 0 0 0 0 0 0 0 0 0 0 0 0 0 0 0 0 0 0 0 0 0 0 0 0 0 0 0 0 0 0 0 0 0 0 0 0 0 0 0 0 0 0 0 0 0 0 0 0 0 0 0 0 0 0 0 0 0 0 0 0 0 0 0 0 0 0 0 0 0 0 0 0 0 0 0 0 0 0 0 0 0 0 0 0 0 0 0 0 0 0 0 0 0 0 0 0 0 0 0 0 0 0 0 0 0 0 0 0 0 0 0 0 0 0 0 0 
0 0 0 0 0 0 0 0 0 0 0 0 0 0 0 0 0 0 0 0 0 0 0 0 0 0 0 0 0 0 0 0 0 0 0 0 0 0 0 0 0 0 0 0 0 0 0 0 0 0 0 0 0 0 0 0 0 0 0 0 0 0 0 0 0 0 0 0 0 0 0 0 0 0 0 0 0 0 0 0 0 0 0 0 0 0 0 0 0 0 0 0 0 0 0 0 0 0 0 0 0 0 0 0 0 0 0 0 0 0 0 0 0 0 0 0 0 0 0 0 0 0 0 0 0 0 0 0 0 0 0 0 0 0 0 0 0 0 0 0 0 0 0 0 
0 0 0 0 0 0 0 0 0 0 0 0 0 0 0 0 0 0 0 0 0 0 0 0 0 0 0 0 0 0 0 0 0 0 0 0 0 0 0 0 0 0 0 0 0 0 0 0 0 0 0 0 0 0 0 0 0 0 0 0 0 0 0 0 0 0 0 0 0 0 0 0 0 0 0 0 0 0 0 0 0 0 0 0 0 0 0 0 0 0 0 0 0 0 0 0 0 0 0 0 0 0 0 0 0 0 0 0 0 0 0 0 0 0 0 0 0 0 0 0 0 0 0 0 0 0 0 0 0 0 0 0 0 0 0 0 0 0 0 0 0 0 0 0 
0 0 0 0 0 0 0 0 0 0 0 0 0 0 0 0 0 0 0 0 0 0 0 0 0 0 0 0 0 0 0 0 0 0 0 0 0 0 0 0 0 0 0 0 0 0 0 0 0 0 0 0 0 0 0 0 0 0 0 0 0 0 0 0 0 0 0 0 0 0 0 0 0 0 0 0 0 0 0 0 0 0 0 0 0 0 0 0 0 0 0 0 0 0 0 0 0 0 0 0 0 0 0 0 0 0 0 0 0 0 0 0 0 0 0 0 0 0 0 0 0 0 0 0 0 0 0 0 0 0 0 0 0 0 0 0 0 0 0 0 0 0 0 0 
0 0 0 0 0 0 0 0 0 0 0 0 0 0 0 0 0 0 0 0 0 0 0 0 0 0 0 0 0 0 0 0 0 0 0 0 0 0 0 0 0 0 0 0 0 0 0 0 0 0 0 0 0 0 0 0 0 0 0 0 0 0 0 0 0 0 0 0 0 0 0 0 0 0 0 0 0 0 0 0 0 0 0 0 0 0 0 0 0 0 0 0 0 0 0 0 0 0 0 0 0 0 0 0 0 0 0 0 0 0 0 0 0 0 0 0 0 0 0 0 0 0 0 0 0 0 0 0 0 0 0 0 0 0 0 0 0 0 0 0 0 0 0 0 
0 0 0 0 0 0 0 0 0 0 0 0 0 0 0 0 0 0 0 0 0 0 0 0 0 0 0 0 0 0 0 0 0 0 0 0 0 0 0 0 0 0 0 0 0 0 0 0 0 0 0 0 0 0 0 0 0 0 0 0 0 0 0 0 0 0 0 0 0 0 0 0 0 0 0 0 0 0 0 0 0 0 0 0 0 0 0 0 0 0 0 0 0 0 0 0 0 0 0 0 0 0 0 0 0 0 0 0 0 0 0 0 0 0 0 0 0 0 0 0 0 0 0 0 0 0 0 0 0 0 0 0 0 0 0 0 0 0 0 0 0 0 0 0 
0 0 0 0 0 0 0 0 0 0 0 0 0 0 0 0 0 0 0 0 0 0 0 0 0 0 0 0 0 0 0 0 0 0 0 0 0 0 0 0 0 0 0 0 0 0 0 0 0 0 0 0 0 0 0 0 0 0 0 0 0 0 0 0 0 0 0 0 0 0 0 0 0 0 0 0 0 0 0 0 0 0 0 0 0 0 0 0 0 0 0 0 0 0 0 0 0 0 0 0 0 0 0 0 0 0 0 0 0 0 0 0 0 0 0 0 0 0 0 0 0 0 0 0 0 0 0 0 0 0 0 0 0 0 0 0 0 0 0 0 0 0 0 0 
0 0 0 0 0 0 0 0 0 0 0 0 0 0 0 0 0 0 0 0 0 0 0 0 0 0 0 0 0 0 0 0 0 0 0 0 0 0 0 0 0 0 0 0 0 0 0 0 0 0 0 0 0 0 0 0 0 0 0 0 0 0 0 0 0 0 0 0 0 0 0 0 0 0 0 0 0 0 0 0 0 0 0 0 0 0 0 0 0 0 0 0 0 0 0 0 0 0 0 0 0 0 0 0 0 0 0 0 0 0 0 0 0 0 0 0 0 0 0 0 0 0 0 0 0 0 0 0 0 0 0 0 0 0 0 0 0 0 0 0 0 0 0 0 
0 0 0 0 0 0 0 0 0 0 0 0 0 0 0 0 0 0 0 0 0 0 0 0 0 0 0 0 0 0 0 0 0 0 0 0 0 0 0 0 0 0 0 0 0 0 0 0 0 0 0 0 0 0 0 0 0 0 0 0 0 0 0 0 0 0 0 0 0 0 0 0 0 0 0 0 0 0 0 0 0 0 0 0 0 0 0 0 0 0 0 0 0 0 0 0 0 0 0 0 0 0 0 0 0 0 0 0 0 0 0 0 0 0 0 0 0 0 0 0 0 0 0 0 0 0 0 0 0 0 0 0 0 0 0 0 0 0 0 0 0 0 0 0 
0 0 0 0 0 0 0 0 0 0 0 0 0 0 0 0 0 0 0 0 0 0 0 0 0 0 0 0 0 0 0 0 0 0 0 0 0 0 0 0 0 0 0 0 0 0 0 0 0 0 0 0 0 0 0 0 0 0 0 0 0 0 0 0 0 0 0 0 0 0 0 0 0 0 0 0 0 0 0 0 0 0 0 0 0 0 0 0 0 0 0 0 0 0 0 0 0 0 0 0 0 0 0 0 0 0 0 0 0 0 0 0 0 0 0 0 0 0 0 0 0 0 0 0 0 0 0 0 0 0 0 0 0 0 0 0 0 0 0 0 0 0 0 0 
0 0 0 0 0 0 0 0 0 0 0 0 0 0 0 0 0 0 0 0 0 0 0 0 0 0 0 0 0 0 0 0 0 0 0 0 0 0 0 0 0 0 0 0 0 0 0 0 0 0 0 0 0 0 0 0 0 0 0 0 0 0 0 0 0 0 0 0 0 0 0 0 0 0 0 0 0 0 0 0 0 0 0 0 0 0 0 0 0 0 0 0 0 0 0 0 0 0 0 0 0 0 0 0 0 0 0 0 0 0 0 0 0 0 0 0 0 0 0 0 0 0 0 0 0 0 0 0 0 0 0 0 0 0 0 0 0 0 0 0 0 0 0 0 
0 0 0 0 0 0 0 0 0 0 0 0 0 0 0 0 0 0 0 0 0 0 0 0 0 0 0 0 0 0 0 0 0 0 0 0 0 0 0 0 0 0 0 0 0 0 0 0 0 0 0 0 0 0 0 0 0 0 0 0 0 0 0 0 0 0 0 0 0 0 0 0 0 0 0 0 0 0 0 0 0 0 0 0 0 0 0 0 0 0 0 0 0 0 0 0 0 0 0 0 0 0 0 0 0 0 0 0 0 0 0 0 0 0 0 0 0 0 0 0 0 0 0 0 0 0 0 0 0 0 0 0 0 0 0 0 0 0 0 0 0 0 0 0 
0 0 0 0 0 0 0 0 0 0 0 0 0 0 0 0 0 0 0 0 0 0 0 0 0 0 0 0 0 0 0 0 0 0 0 0 0 0 0 0 0 0 0 0 0 0 0 0 0 0 0 0 0 0 0 0 0 0 0 0 0 0 0 0 0 0 0 0 0 0 0 0 0 0 0 0 0 0 0 0 0 0 0 0 0 0 0 0 0 0 0 0 0 0 0 0 0 0 0 0 0 0 0 0 0 0 0 0 0 0 0 0 0 0 0 0 0 0 0 0 0 0 0 0 0 0 0 0 0 0 0 0 0 0 0 0 0 0 0 0 0 0 0 0 
0 0 0 0 0 0 0 0 0 0 0 0 0 0 0 0 0 0 0 0 0 0 0 0 0 0 0 0 0 0 0 0 0 0 0 0 0 0 0 0 0 0 0 0 0 0 0 0 0 0 0 0 0 0 0 0 0 0 0 0 0 0 0 0 0 0 0 0 0 0 0 0 0 0 0 0 0 0 0 0 0 0 0 0 0 0 0 0 0 0 0 0 0 0 0 0 0 0 0 0 0 0 0 0 0 0 0 0 0 0 0 0 0 0 0 0 0 0 0 0 0 0 0 0 0 0 0 0 0 0 0 0 0 0 0 0 0 0 0 0 0 0 0 0 
0 0 0 0 0 0 0 0 0 0 0 0 0 0 0 0 0 0 0 0 0 0 0 0 0 0 0 0 0 0 0 0 0 0 0 0 0 0 0 0 0 0 0 0 0 0 0 0 0 0 0 0 0 0 0 0 0 0 0 0 0 0 0 0 0 0 0 0 0 0 0 0 0 0 0 0 0 0 0 0 0 0 0 0 0 0 0 0 0 0 0 0 0 0 0 0 0 0 0 0 0 0 0 0 0 0 0 0 0 0 0 0 0 0 0 0 0 0 0 0 0 0 0 0 0 0 0 0 0 0 0 0 0 0 0 0 0 0 0 0 0 0 0 0 
0 0 0 0 0 0 0 0 0 0 0 0 0 0 0 0 0 0 0 0 0 0 0 0 0 0 0 0 0 0 0 0 0 0 0 0 0 0 0 0 0 0 0 0 0 0 0 0 0 0 0 0 0 0 0 0 0 0 0 0 0 0 0 0 0 0 0 0 0 0 0 0 0 0 0 0 0 0 0 0 0 0 0 0 0 0 0 0 0 0 0 0 0 0 0 0 0 0 0 0 0 0 0 0 0 0 0 0 0 0 0 0 0 0 0 0 0 0 0 0 0 0 0 0 0 0 0 0 0 0 0 0 0 0 0 0 0 0 0 0 0 0 0 0 
0 0 0 0 0 0 0 0 0 0 0 0 0 0 0 0 0 0 0 0 0 0 0 0 0 0 0 0 0 0 0 0 0 0 0 0 0 0 0 0 0 0 0 0 0 0 0 0 0 0 0 0 0 0 0 0 0 0 0 0 0 0 0 0 0 0 0 0 0 0 0 0 0 0 0 0 0 0 0 0 0 0 0 0 0 0 0 0 0 0 0 0 0 0 0 0 0 0 0 0 0 0 0 0 0 0 0 0 0 0 0 0 0 0 0 0 0 0 0 0 0 0 0 0 0 0 0 0 0 0 0 0 0 0 0 0 0 0 0 0 0 0 0 0 
0 0 0 0 0 0 0 0 0 0 0 0 0 0 0 0 0 0 0 0 0 0 0 0 0 0 0 0 0 0 0 0 0 0 0 0 0 0 0 0 0 0 0 0 0 0 0 0 0 0 0 0 0 0 0 0 0 0 0 0 0 0 0 0 0 0 0 0 0 0 0 0 0 0 0 0 0 0 0 0 0 0 0 0 0 0 0 0 0 0 0 0 0 0 0 0 0 0 0 0 0 0 0 0 0 0 0 0 0 0 0 0 0 0 0 0 0 0 0 0 0 0 0 0 0 0 0 0 0 0 0 0 0 0 0 0 0 0 0 0 0 0 0 0 
0 0 0 0 0 0 0 0 0 0 0 0 0 0 0 0 0 0 0 0 0 0 0 0 0 0 0 0 0 0 0 0 0 0 0 0 0 0 0 0 0 0 0 0 0 0 0 0 0 0 0 0 0 0 0 0 0 0 0 0 0 0 0 0 0 0 0 0 0 0 0 0 0 0 0 0 0 0 0 0 0 0 0 0 0 0 0 0 0 0 0 0 0 0 0 0 0 0 0 0 0 0 0 0 0 0 0 0 0 0 0 0 0 0 0 0 0 0 0 0 0 0 0 0 0 0 0 0 0 0 0 0 0 0 0 0 0 0 0 0 0 0 0 0 
0 0 0 0 0 0 0 0 0 0 0 0 0 0 0 0 0 0 0 0 0 0 0 0 0 0 0 0 0 0 0 0 0 0 0 0 0 0 0 0 0 0 0 0 0 0 0 0 0 0 0 0 0 0 0 0 0 0 0 0 0 0 0 0 0 0 0 0 0 0 0 0 0 0 0 0 0 0 0 0 0 0 0 0 0 0 0 0 0 0 0 0 0 0 0 0 0 0 0 0 0 0 0 0 0 0 0 0 0 0 0 0 0 0 0 0 0 0 0 0 0 0 0 0 0 0 0 0 0 0 0 0 0 0 0 0 0 0 0 0 0 0 0 0 
0 0 0 0 0 0 0 0 0 0 0 0 0 0 0 0 0 0 0 0 0 0 0 0 0 0 0 0 0 0 0 0 0 0 0 0 0 0 0 0 0 0 0 0 0 0 0 0 0 0 0 0 0 0 0 0 0 0 0 0 0 0 0 0 0 0 0 0 0 0 0 0 0 0 0 0 0 0 0 0 0 0 0 0 0 0 0 0 0 0 0 0 0 0 0 0 0 0 0 0 0 0 0 0 0 0 0 0 0 0 0 0 0 0 0 0 0 0 0 0 0 0 0 0 0 0 0 0 0 0 0 0 0 0 0 0 0 0 0 0 0 0 0 0 
0 0 0 0 0 0 0 0 0 0 0 0 0 0 0 0 0 0 0 0 0 0 0 0 0 0 0 0 0 0 0 0 0 0 0 0 0 0 0 0 0 0 0 0 0 0 0 0 0 0 0 0 0 0 0 0 0 0 0 0 0 0 0 0 0 0 0 0 0 0 0 0 0 0 0 0 0 0 0 0 0 0 0 0 0 0 0 0 0 0 0 0 0 0 0 0 0 0 0 0 0 0 0 0 0 0 0 0 0 0 0 0 0 0 0 0 0 0 0 0 0 0 0 0 0 0 0 0 0 0 0 0 0 0 0 0 0 0 0 0 0 0 0 0 
0 0 0 0 0 0 0 0 0 0 0 0 0 0 0 0 0 0 0 0 0 0 0 0 0 0 0 0 0 0 0 0 0 0 0 0 0 0 0 0 0 0 0 0 0 0 0 0 0 0 0 0 0 0 0 0 0 0 0 0 0 0 0 0 0 0 0 0 0 0 0 0 0 0 0 0 0 0 0 0 0 0 0 0 0 0 0 0 0 0 0 0 0 0 0 0 0 0 0 0 0 0 0 0 0 0 0 0 0 0 0 0 0 0 0 0 0 0 0 0 0 0 0 0 0 0 0 0 0 0 0 0 0 0 0 0 0 0 0 0 0 0 0 0 
0 0 0 0 0 0 0 0 0 0 0 0 0 0 0 0 0 0 0 0 0 0 0 0 0 0 0 0 0 0 0 0 0 0 0 0 0 0 0 0 0 0 0 0 0 0 0 0 0 0 0 0 0 0 0 0 0 0 0 0 0 0 0 0 0 0 0 0 0 0 0 0 0 0 0 0 0 0 0 0 0 0 0 0 0 0 0 0 0 0 0 0 0 0 0 0 0 0 0 0 0 0 0 0 0 0 0 0 0 0 0 0 0 0 0 0 0 0 0 0 0 0 0 0 0 0 0 0 0 0 0 0 0 0 0 0 0 0 0 0 0 0 0 0 
