50
27 19 13 10 6 5 5 4 3 3 3 2 4 8 6 8 7 9 0 2 2 1 1 3 2 3 2 3 3 3 5 8 9 13 20 26 30 19 12 7 7 5 5 2 3 4 2 3 2 2 2 1 1 4 9 8 9 5 4 4 3 2 2 4 5 4 6 6 9 11 19 30 36 24 13 8 6 4 3 3 2 2 2 1 2 2 2 2 2 1 0 1 1 1 1 1 1 1 1 2 2 3 3 6 8 15 28 37 42 27 14 8 6 4 3 2 2 2 1 1 1 1 1 1 1 1 2 2 2 2 1 2 2 1 2 2 3 3 4 6 8 12 24 40 
0 11 1 0 6 42 0 0 34 0 0 6 0 3 0 0 3 0 0 0 0 0 0 0 0 0 0 0 0 0 0 0 0 0 0 0 0 0 0 0 0 0 0 0 0 0 0 0 0 0 0 0 0 0 0 0 0 0 0 0 0 0 0 0 0 0 0 0 1 0 0 0 0 0 0 0 0 0 0 0 0 0 0 0 0 0 0 0 0 0 0 9 0 0 49 0 0 27 10 0 1 6 0 0 0 0 0 1 0 10 0 0 6 42 0 0 35 0 0 6 0 0 0 0 0 0 0 8 0 0 6 42 0 0 36 0 1 6 0 0 47 0 0 31 
34 18 13 11 9 9 7 6 4 3 3 3 4 3 3 3 3 5 0 6 5 4 6 4 4 4 5 5 6 6 7 9 12 13 19 34 30 19 15 12 10 7 5 5 5 5 4 4 5 6 6 4 5 7 11 3 3 2 3 3 4 4 5 4 5 6 8 9 13 13 18 31 39 21 13 9 7 6 5 4 3 2 2 2 2 1 2 2 2 1 0 2 2 2 2 1 2 2 2 3 3 4 5 6 8 10 17 35 31 16 11 9 6 4 3 3 2 2 2 2 2 2 2 1 2 2 3 2 1 1 2 2 2 2 2 3 3 4 5 7 10 12 19 35 
35 19 13 15 10 8 8 8 8 6 5 4 4 5 4 4 4 15 0 6 5 7 7 7 5 6 6 5 7 8 9 10 16 11 20 34 28 19 18 12 10 8 8 7 5 5 5 6 7 6 5 5 5 16 27 5 4 4 4 5 6 4 5 6 7 8 8 9 13 17 18 28 35 19 12 11 6 5 5 5 4 3 3 2 2 1 2 1 1 2 0 2 2 2 2 2 2 2 2 3 3 4 5 6 9 9 17 34 27 17 14 9 6 6 4 3 3 3 2 2 2 2 2 2 2 3 5 1 1 2 1 2 2 2 2 3 4 4 5 7 10 15 19 29 
34 17 10 7 6 4 3 3 3 2 2 2 2 3 3 4 5 4 0 3 3 2 2 2 2 2 2 4 3 3 4 5 7 10 16 34 34 16 10 7 6 5 4 3 3 3 3 3 2 3 3 2 3 4 6 4 3 3 3 2 2 2 2 3 3 4 5 6 8 10 16 35 53 22 11 7 4 3 2 2 2 1 1 1 1 1 1 1 1 1 0 1 0 1 1 1 1 1 1 2 2 3 4 5 7 11 21 52 49 20 10 7 5 4 3 2 1 2 1 1 1 1 1 0 1 1 1 1 1 1 1 1 1 1 1 2 2 2 3 5 7 11 20 50 
34 17 11 7 5 4 4 3 3 2 1 1 1 2 1 2 1 2 0 4 1 3 3 3 4 5 3 3 3 3 4 6 6 10 18 34 29 14 11 9 6 4 4 3 2 2 1 2 2 7 2 3 2 2 2 1 1 1 2 1 2 2 2 3 3 3 4 8 7 10 16 28 47 23 14 9 6 4 4 3 3 2 2 1 1 1 1 1 1 1 0 1 1 1 1 2 2 2 2 3 3 4 4 6 8 13 24 47 37 19 12 9 5 4 4 3 2 2 2 2 2 2 1 1 1 1 1 1 1 1 1 1 1 2 2 3 3 3 4 6 8 13 21 36 
27 19 13 9 7 5 3 3 2 2 3 2 2 1 3 4 5 4 0 3 2 2 1 2 2 2 3 3 4 4 5 6 7 13 19 27 32 19 14 12 7 4 3 3 2 2 2 2 5 2 3 2 2 2 5 3 3 3 2 4 2 3 3 4 4 6 7 9 10 13 20 30 40 26 15 9 6 4 3 2 2 2 2 1 1 1 1 1 1 1 0 1 1 1 1 1 1 2 1 2 2 3 4 5 7 14 26 41 41 23 14 10 5 3 3 2 2 2 1 1 1 1 1 1 1 1 2 1 1 1 1 1 1 2 2 2 3 3 5 6 10 14 27 40 
28 15 10 7 5 4 3 2 2 1 2 1 2 2 2 2 2 2 0 1 1 1 1 1 1 1 2 3 3 3 4 4 6 10 16 26 22 14 10 7 5 4 3 3 2 2 2 1 1 1 2 2 1 2 4 2 3 2 1 1 2 2 2 2 2 3 4 6 7 10 14 23 42 24 13 8 5 4 3 2 2 1 1 1 1 1 1 1 1 1 0 1 1 1 1 1 1 1 1 2 3 3 4 6 9 16 28 43 36 24 15 9 7 5 4 3 2 2 1 1 1 1 1 1 1 0 1 1 1 1 1 1 1 1 1 2 2 2 3 5 8 13 21 35 
31 18 12 10 6 5 4 4 3 3 2 3 3 4 4 3 4 5 0 3 2 4 3 3 3 3 4 5 4 5 6 7 8 11 18 33 28 19 11 8 7 5 5 5 4 5 3 4 3 4 3 6 4 6 5 5 6 4 3 3 4 3 4 4 4 5 7 7 9 12 16 28 42 22 13 8 5 4 3 3 2 2 1 2 2 1 1 1 1 1 0 1 1 2 1 2 2 2 2 3 3 4 5 6 9 13 25 45 37 23 12 8 5 4 3 3 2 3 2 2 2 1 2 2 1 1 2 1 1 1 1 1 1 1 2 2 2 3 4 5 7 11 18 35 
34 19 11 9 7 5 4 3 3 2 2 2 2 2 2 2 3 3 0 4 4 4 3 3 3 4 3 5 5 5 6 7 9 13 18 34 29 17 11 8 9 7 5 5 4 5 5 5 4 4 5 5 5 5 4 2 3 2 2 3 2 3 3 4 5 4 6 7 9 12 17 28 48 24 13 8 6 4 3 2 2 1 1 1 1 1 1 1 1 1 0 1 1 1 1 1 2 2 1 2 3 3 4 6 8 13 23 48 37 20 10 7 5 4 3 3 2 2 1 1 1 1 1 1 1 1 1 1 1 1 1 1 1 1 2 2 3 3 4 5 8 12 21 36 
33 23 15 11 8 7 6 4 5 4 5 5 4 5 4 4 5 8 0 6 8 6 6 6 5 5 5 5 6 6 6 10 14 16 22 33 32 19 16 13 12 9 6 5 5 4 5 5 6 5 4 6 8 13 12 5 5 4 4 4 3 4 4 5 5 5 6 12 14 16 18 33 39 23 13 8 5 4 3 2 2 1 1 1 1 1 1 1 1 2 0 2 2 2 2 2 2 2 2 3 3 4 4 6 10 15 21 36 33 17 12 10 7 6 4 3 3 2 2 2 2 2 2 2 2 2 2 1 1 1 1 1 1 2 2 2 3 3 4 7 10 13 18 33 
27 18 12 9 6 5 4 3 3 2 3 2 3 3 3 3 2 2 0 2 2 2 2 2 2 2 3 3 3 4 4 5 8 12 18 27 27 18 12 8 6 4 3 3 2 3 2 2 2 2 2 2 3 3 3 3 3 3 2 3 3 2 3 4 3 4 5 6 8 12 17 26 37 24 14 9 6 5 3 3 3 2 2 2 1 1 1 1 1 1 0 1 1 1 1 1 1 2 1 2 2 3 4 5 8 14 26 38 34 23 14 8 5 4 3 2 2 2 1 1 1 1 1 1 1 1 1 1 1 1 1 1 2 2 2 3 3 4 5 6 9 14 23 34 
24 14 11 8 6 4 4 3 3 2 2 2 2 2 3 3 3 4 0 3 2 3 3 2 2 1 2 3 3 3 4 6 8 9 15 23 24 14 10 7 5 5 4 3 3 3 2 2 2 2 3 3 4 3 5 3 3 3 2 2 2 2 2 3 3 4 5 6 8 12 14 26 34 22 13 9 6 4 3 3 3 2 2 1 1 1 1 1 1 1 0 1 1 1 1 2 2 1 2 3 3 3 4 6 10 14 23 36 35 23 14 9 6 5 3 3 2 2 2 2 1 1 1 1 1 1 1 1 1 1 1 1 1 2 2 3 3 4 5 6 9 14 20 34 
0 0 0 0 0 0 0 0 1 0 0 0 0 0 0 0 0 0 0 0 0 0 0 0 0 0 0 1 0 0 0 0 0 0 0 0 0 0 0 0 0 0 0 0 0 1 0 0 0 0 0 0 0 0 1 0 0 0 0 0 0 0 0 1 0 0 0 0 0 0 0 0 0 0 0 1 0 14 0 0 70 0 0 0 17 0 2 0 0 0 0 0 0 2 0 17 0 0 0 70 0 0 14 0 1 0 0 0 0 0 0 0 0 14 0 0 0 69 0 0 17 0 1 0 0 0 76 0 0 2 0 17 0 0 0 70 0 0 14 0 1 0 0 0 
33 19 11 8 5 4 4 3 3 2 2 2 2 2 4 4 6 6 0 4 4 3 2 2 3 3 3 4 4 4 5 7 9 11 18 33 29 18 12 7 6 5 5 4 3 4 4 3 3 3 4 3 5 5 13 5 4 3 3 2 2 2 2 3 3 4 5 7 8 13 18 29 46 24 12 7 4 3 3 2 2 1 1 1 1 1 1 1 1 1 0 1 1 1 1 1 1 1 1 2 2 3 4 6 8 13 24 48 39 23 12 7 5 4 3 2 2 2 1 1 1 1 1 1 1 1 3 1 1 1 1 1 1 1 1 2 2 2 3 5 7 12 21 38 
24 18 13 9 7 6 5 4 3 3 2 2 3 3 3 3 2 2 0 3 2 2 2 2 3 2 3 3 4 5 6 7 9 13 18 23 27 18 13 10 8 6 4 4 3 4 3 3 3 3 2 3 3 3 3 3 3 3 2 2 3 3 3 4 4 5 6 7 9 13 16 28 32 23 15 9 6 5 4 3 3 2 2 1 1 1 1 1 1 1 0 1 1 1 1 1 2 2 2 3 3 4 6 7 10 16 25 33 32 22 14 10 7 5 4 3 2 2 2 2 1 1 1 1 1 1 1 1 1 1 1 1 1 2 2 3 3 4 4 6 9 13 19 31 
28 17 9 7 5 4 3 2 2 1 1 1 1 1 1 1 1 1 0 2 3 2 1 2 3 2 2 3 4 4 4 5 7 10 16 28 27 12 10 8 6 4 4 3 3 2 3 3 3 2 2 2 2 3 1 1 1 1 1 2 1 1 1 2 2 2 3 4 7 9 13 26 40 24 13 8 5 4 3 3 2 1 1 1 1 1 1 1 1 1 0 1 2 1 1 2 2 2 2 3 4 4 5 7 9 15 24 42 36 19 14 9 7 5 4 3 2 3 2 2 2 2 2 1 1 1 1 1 1 1 1 1 1 1 2 2 3 3 4 5 8 13 19 35 
31 16 11 7 4 3 3 3 3 3 3 2 3 4 2 2 2 3 0 4 2 1 1 2 2 1 2 2 2 3 4 5 7 11 16 31 27 12 9 8 6 4 4 3 2 2 1 1 1 1 1 2 3 6 4 2 3 4 3 2 2 2 2 2 2 3 4 6 7 10 12 26 42 23 14 8 6 4 3 3 3 2 2 2 2 1 1 1 1 1 0 1 1 1 1 1 2 2 2 2 3 3 4 6 9 15 24 42 34 18 12 9 7 5 4 3 2 2 1 1 1 1 1 1 1 1 2 1 1 1 1 1 2 2 1 2 2 3 4 6 8 12 17 33 
30 18 11 8 7 4 4 2 3 2 1 2 2 2 2 3 4 5 0 4 5 4 2 3 3 3 2 3 4 5 5 7 9 12 19 30 26 17 12 8 7 5 4 5 4 4 4 4 4 5 4 4 4 6 8 3 3 2 2 2 2 2 2 3 3 4 4 7 9 10 18 26 40 23 12 8 5 4 3 2 2 1 1 1 1 1 1 1 1 1 0 2 2 2 1 2 2 2 2 3 3 4 5 7 10 14 27 41 34 22 13 9 6 4 4 3 2 2 2 2 2 2 2 2 1 1 2 1 1 1 1 1 1 1 1 2 2 3 4 5 7 11 20 33 
34 17 11 10 7 5 4 3 3 2 2 2 2 3 2 2 3 2 0 4 3 3 3 3 2 2 3 4 4 4 5 7 8 12 17 34 34 17 10 8 7 4 8 4 3 3 3 4 5 2 2 3 3 4 4 3 2 2 2 3 3 4 2 4 4 6 7 6 7 11 17 35 54 23 13 8 5 3 3 2 2 1 2 1 1 1 1 1 1 1 0 1 1 1 1 1 1 1 1 2 3 3 4 5 7 11 20 50 46 18 9 6 4 3 3 3 1 2 1 1 1 1 1 1 1 1 1 1 1 1 1 1 1 2 1 2 3 4 4 5 7 12 22 49 
30 17 13 10 8 6 5 4 5 3 3 3 4 2 2 3 4 3 0 5 3 3 2 2 3 2 2 4 3 4 5 6 10 13 17 30 32 16 11 8 8 8 5 4 2 3 2 4 2 3 3 3 4 6 5 4 3 4 7 5 3 4 4 3 6 6 6 7 7 10 17 32 43 23 14 8 5 4 3 2 3 2 2 2 1 1 1 1 1 1 0 1 1 1 1 1 1 1 1 3 3 3 4 5 9 13 23 43 41 20 12 8 6 5 4 3 2 2 1 2 1 1 1 1 1 1 1 1 1 1 1 1 1 2 1 2 2 3 4 6 7 12 22 42 
31 18 12 12 11 9 8 7 6 5 5 4 4 4 4 4 4 6 0 5 4 5 6 6 6 6 6 7 8 9 11 11 11 12 17 32 29 15 16 15 11 8 7 7 6 6 6 6 5 5 5 5 6 12 13 5 4 5 5 4 4 5 4 6 7 7 8 10 13 16 16 29 30 17 11 10 8 6 6 4 3 2 2 2 2 1 2 2 1 2 0 2 2 2 2 3 3 3 3 4 4 5 6 7 8 9 14 28 25 14 13 11 8 6 5 4 4 4 3 3 2 2 2 2 2 2 3 2 2 2 2 2 2 2 2 3 4 5 6 8 11 14 16 27 
29 16 10 8 5 3 3 2 2 1 1 1 1 1 2 1 1 2 0 1 1 2 3 2 3 2 2 3 3 3 5 5 7 10 17 30 27 15 11 8 6 4 4 3 2 2 2 2 2 2 2 2 2 1 2 1 1 2 1 1 2 1 2 2 2 2 4 6 8 10 15 27 41 22 13 7 5 3 2 2 2 1 1 1 1 1 1 1 1 0 0 1 1 1 1 1 2 2 2 3 3 4 5 7 9 16 27 45 40 24 16 10 7 4 4 3 2 2 1 2 1 1 1 1 1 0 1 1 1 1 1 1 1 1 1 2 2 2 3 5 8 13 20 37 
26 18 14 13 8 8 7 6 5 6 7 8 7 7 6 6 6 5 0 5 6 6 7 8 9 9 8 8 7 8 7 9 12 13 18 25 25 16 14 12 9 7 8 8 7 8 8 8 7 6 6 6 5 4 7 6 5 6 6 6 7 7 7 6 6 6 7 9 11 16 16 25 25 17 12 8 5 4 4 3 3 2 2 3 3 2 2 2 2 2 0 2 2 2 3 4 4 5 4 5 4 5 6 7 9 12 19 26 25 17 14 10 7 6 5 5 4 5 4 4 3 3 3 2 2 1 2 2 2 2 2 2 2 2 2 3 3 3 4 6 8 12 14 24 
29 19 14 10 7 5 5 4 4 3 3 3 3 3 4 4 4 4 0 4 3 4 4 4 4 4 4 5 5 6 6 7 10 14 19 29 31 17 13 10 8 7 5 5 4 5 5 5 4 5 5 4 4 5 5 5 3 3 3 3 3 3 3 4 5 6 6 8 10 13 18 30 34 22 13 8 5 4 3 2 2 1 1 1 1 1 1 1 1 1 0 1 1 2 2 2 2 2 2 4 4 5 6 7 10 15 25 36 33 20 12 9 6 5 4 3 3 3 2 2 2 2 2 1 1 1 2 1 1 1 1 1 1 1 1 2 3 3 4 5 8 11 18 31 
33 18 12 10 7 5 4 4 3 2 2 2 3 2 2 4 3 2 0 5 4 2 2 2 1 3 3 7 4 6 7 6 8 12 17 33 32 18 10 8 7 7 5 4 3 7 5 3 3 1 7 2 5 6 4 4 2 3 4 2 2 4 3 4 4 5 7 8 8 11 19 31 52 26 14 9 6 4 3 3 2 1 1 1 1 1 1 1 1 1 0 1 1 1 1 1 1 1 1 2 2 3 5 5 8 13 23 50 42 20 10 6 5 4 3 2 2 2 2 1 1 1 1 1 1 1 1 1 1 1 1 1 1 2 2 2 3 3 4 5 7 12 24 45 
31 21 17 13 12 12 12 7 5 2 3 4 3 3 3 4 5 7 0 5 4 4 3 3 2 2 3 4 4 5 6 7 12 19 21 31 31 20 14 14 9 7 5 5 3 5 4 4 3 3 3 5 5 10 21 7 4 3 2 3 1 3 4 5 8 6 13 13 14 13 20 30 36 22 13 8 6 5 4 4 3 2 1 2 2 1 2 2 2 2 0 3 2 2 2 2 2 1 2 3 3 4 5 6 10 18 25 38 34 19 14 10 6 5 3 3 2 3 2 2 2 2 2 2 2 2 5 2 1 1 1 1 1 1 1 2 3 3 6 7 10 11 18 33 
34 20 15 8 6 5 4 4 4 3 4 3 3 4 4 4 6 9 0 4 4 4 3 3 3 3 3 5 4 5 6 7 8 15 21 34 33 18 14 8 10 5 6 4 4 5 4 3 3 4 4 5 6 6 14 6 5 4 4 4 3 4 3 2 4 4 7 10 7 13 18 31 45 22 12 7 4 4 3 3 3 2 2 2 2 2 2 2 2 2 0 2 2 2 2 2 2 2 2 3 3 4 5 6 8 14 26 45 36 19 12 7 6 4 3 3 2 3 2 2 2 2 2 2 2 2 3 2 2 2 1 2 1 1 1 1 2 2 3 5 6 10 18 34 
27 15 9 6 4 4 3 2 2 1 1 1 1 1 1 1 1 1 0 1 1 1 2 2 2 1 1 2 3 3 4 5 6 9 16 26 24 13 10 8 5 4 3 2 3 3 2 2 2 1 2 3 1 1 1 1 1 1 1 1 1 1 1 1 2 3 3 5 6 10 14 24 41 22 12 7 5 4 3 2 2 1 1 1 1 1 1 1 1 1 0 1 1 1 1 2 2 2 2 3 3 4 5 7 10 16 26 42 37 23 16 10 7 5 4 3 3 2 2 2 1 1 1 1 1 1 1 1 1 1 1 1 1 1 1 2 2 2 4 5 8 13 22 36 
37 18 11 10 7 5 4 4 4 2 4 3 3 2 3 3 4 6 0 8 7 6 4 3 5 6 3 8 5 5 5 8 10 13 17 37 30 19 11 7 8 8 6 6 4 5 3 4 7 6 6 8 8 11 12 5 3 3 3 4 3 6 4 4 4 5 9 6 8 13 19 31 48 20 10 8 5 4 3 2 2 1 2 1 1 1 1 1 1 1 0 3 3 3 2 2 3 3 2 4 4 4 5 7 10 13 21 50 35 20 10 6 6 6 4 4 2 3 2 2 2 2 3 3 3 2 2 2 1 1 1 1 1 1 1 2 2 3 4 4 6 10 18 35 
28 18 12 10 6 5 4 4 3 3 2 1 3 2 2 5 5 5 0 5 5 4 2 3 4 4 4 3 4 3 5 7 10 13 16 29 33 19 11 10 7 5 5 4 3 3 2 3 3 4 2 6 5 8 12 4 3 2 2 2 2 2 4 3 4 4 5 6 9 13 16 33 39 23 13 9 5 4 3 2 2 2 2 1 1 1 1 2 2 2 0 2 2 2 2 2 2 2 2 3 3 3 4 6 9 13 22 39 43 22 12 8 6 4 3 3 2 2 2 2 2 2 1 2 2 2 3 2 1 1 1 1 2 2 2 2 2 3 4 5 8 13 19 41 
28 18 12 9 6 5 5 4 4 2 3 2 2 3 2 2 4 5 0 4 4 4 3 3 4 3 4 4 4 5 5 7 8 11 19 28 33 18 13 7 5 4 4 4 5 4 6 4 5 6 5 5 6 7 6 5 4 4 3 2 2 3 2 5 5 5 5 6 8 13 19 32 38 23 13 8 6 4 3 3 3 2 2 1 1 2 1 1 1 1 0 1 1 1 2 2 2 2 1 3 3 4 4 6 8 12 24 39 41 23 12 6 4 3 3 2 2 2 2 2 2 1 2 1 2 1 2 1 1 1 1 1 1 2 1 3 3 3 4 5 8 13 23 41 
24 23 16 10 7 5 4 4 3 2 2 2 2 1 1 1 2 2 0 2 1 2 1 3 3 4 3 5 5 5 8 9 11 15 20 25 33 18 13 10 10 7 6 7 7 5 5 4 5 3 2 1 3 4 2 3 2 2 2 2 3 2 2 3 3 5 6 9 12 14 23 33 30 29 18 9 6 4 3 2 2 1 1 1 1 1 1 1 1 1 0 1 1 1 1 2 2 2 2 3 3 4 6 8 10 15 26 31 37 19 12 9 6 4 4 3 3 3 2 2 2 1 1 1 1 1 1 1 1 1 1 1 1 1 1 2 2 3 4 6 10 15 25 37 
2 3 5 7 10 14 20 37 33 16 15 12 9 7 7 5 5 5 4 4 3 3 3 4 3 5 0 4 5 6 6 3 3 3 6 6 8 9 7 9 10 14 18 34 31 17 15 14 9 8 11 6 6 5 4 5 5 4 6 4 5 9 19 3 4 5 4 5 4 3 4 4 4 5 8 9 12 14 18 29 38 19 14 10 8 6 5 4 3 3 3 3 2 2 2 2 1 2 0 2 2 2 2 2 2 2 2 4 5 5 5 6 8 12 16 35 30 16 13 10 6 5 5 4 3 3 2 2 2 2 2 2 2 2 3 1 2 2 2 2 2 2 2 3 
27 21 13 9 7 5 4 4 3 2 2 3 2 3 2 1 3 2 0 3 3 2 3 5 4 3 4 4 4 4 5 8 8 13 19 30 28 19 11 8 7 5 4 5 4 5 3 4 3 3 3 4 3 3 3 2 2 2 3 2 3 2 2 3 4 5 6 7 10 12 20 26 41 31 16 10 6 4 3 2 2 1 1 1 1 1 1 1 1 1 0 1 1 1 1 1 2 2 2 3 3 3 4 6 7 13 26 41 36 22 11 6 5 4 3 3 2 2 1 2 1 1 1 1 1 1 1 1 1 1 1 1 1 1 1 2 3 3 4 6 9 14 26 37 
0 0 0 0 0 0 0 0 3 0 0 0 1 0 1 0 0 0 0 0 0 2 0 2 0 0 0 10 0 0 2 0 1 0 0 0 0 0 0 1 0 2 0 0 0 9 0 0 1 0 1 0 0 0 16 0 0 1 0 1 0 0 0 4 0 0 0 0 0 0 0 0 0 0 0 8 0 11 0 0 25 0 0 0 8 0 4 0 0 0 0 0 0 7 0 12 0 0 0 44 0 0 13 0 9 0 0 0 0 0 0 8 0 12 0 0 0 40 0 0 11 0 7 0 0 0 225 0 0 4 0 7 0 0 0 22 0 0 8 0 6 0 0 0 
0 2 28 0 2 4 0 3 0 0 2 8 0 0 1 0 0 0 0 2 0 0 0 0 0 0 0 0 0 0 0 0 0 0 0 0 0 0 0 0 1 0 0 0 0 0 0 0 0 0 0 0 0 0 0 0 0 0 0 0 0 0 0 0 0 0 0 0 0 0 0 1 0 0 0 0 2 0 0 15 0 0 17 3 0 12 4 0 4 2 0 20 0 0 2 5 0 6 13 0 11 18 0 0 16 0 5 2 0 0 20 0 2 4 0 5 13 0 2 26 0 0 17 0 4 19 0 0 37 0 3 17 0 6 13 0 2 47 0 0 16 0 5 2 
32 15 11 8 5 4 4 3 3 2 3 3 3 2 2 3 3 4 0 3 3 3 2 3 3 4 3 4 4 4 5 6 8 10 16 32 29 14 10 7 8 4 5 4 3 3 4 3 4 4 2 5 3 3 4 3 3 2 2 2 3 4 3 4 3 4 4 7 7 11 13 27 39 19 13 9 6 4 4 3 3 2 2 2 2 2 1 1 1 1 0 2 2 2 2 2 3 3 3 4 4 4 5 6 9 13 22 41 34 17 11 8 6 5 4 4 3 3 3 2 2 2 2 2 2 2 2 1 1 1 1 2 2 2 2 3 2 3 4 6 7 11 16 32 
23 16 8 6 5 4 3 3 2 2 2 1 1 0 2 1 1 0 0 1 2 2 1 1 1 2 3 4 4 4 4 6 6 8 14 25 28 14 10 7 5 4 3 2 2 2 2 3 3 2 3 1 2 2 1 1 1 1 0 1 2 2 2 3 3 3 3 4 6 10 14 25 38 24 13 9 6 5 3 3 2 1 1 1 1 1 1 1 1 1 0 1 1 1 1 1 1 2 2 3 3 4 5 7 9 14 24 39 41 24 14 9 6 4 4 2 2 2 2 2 2 1 1 1 1 0 1 1 1 1 1 1 1 1 2 2 3 3 4 5 8 13 23 39 
34 18 11 9 7 5 3 3 3 2 2 2 3 3 2 3 2 2 0 3 4 4 2 3 2 4 2 4 5 6 7 9 11 12 16 33 32 18 10 8 8 9 8 8 5 6 5 3 4 6 5 4 3 4 4 3 2 2 2 3 3 2 3 4 4 5 8 7 8 11 18 31 53 25 13 8 5 4 3 2 2 1 1 1 1 1 1 1 1 1 0 1 1 1 1 1 1 2 1 2 2 3 4 5 8 12 20 50 42 19 9 6 5 4 3 3 2 2 1 1 1 1 1 1 1 1 1 1 0 1 1 1 1 1 1 2 2 3 4 5 7 12 24 44 
34 18 13 7 5 4 4 3 3 2 3 3 3 2 3 3 2 17 0 3 2 2 2 2 1 2 2 3 3 4 5 5 8 12 18 34 26 14 12 8 8 5 4 3 3 3 3 2 2 2 2 3 3 4 15 3 3 3 3 3 3 2 2 3 3 3 4 8 8 11 15 26 43 22 14 8 5 4 3 3 3 2 2 2 2 1 1 2 1 3 0 2 1 2 2 1 2 2 2 3 3 4 5 7 11 16 26 46 33 18 14 9 6 5 4 3 2 2 2 2 2 2 1 2 2 2 4 1 1 1 1 2 2 1 1 2 2 3 3 6 7 11 17 31 
26 16 11 9 6 4 3 3 2 1 2 2 2 2 2 3 6 7 0 6 4 3 2 2 2 2 3 3 4 4 4 6 8 10 16 25 25 16 10 7 6 5 4 4 3 3 3 3 2 2 2 2 5 8 9 4 3 2 2 2 2 2 2 3 3 4 5 6 8 11 15 26 36 22 13 8 5 4 3 2 2 1 1 1 1 1 1 1 2 1 0 1 1 1 1 1 2 2 2 3 3 4 5 7 10 14 25 38 35 23 13 9 6 5 4 3 2 2 2 2 2 1 1 1 2 2 2 1 1 1 1 1 1 1 2 2 3 3 4 6 8 12 20 34 
34 18 12 8 6 4 3 3 3 2 1 1 1 1 1 1 3 2 0 4 2 2 3 3 2 3 3 3 3 3 4 5 6 12 20 34 30 15 12 9 6 4 3 3 2 2 2 2 3 4 3 2 3 7 5 3 1 1 1 1 1 2 2 2 2 4 5 7 8 11 14 30 50 23 13 8 5 3 2 2 2 1 1 1 1 1 1 1 1 0 0 1 1 1 1 1 1 1 2 2 3 3 4 5 8 14 27 52 43 21 13 8 5 4 3 2 2 2 1 1 1 1 1 1 1 1 1 0 0 1 0 1 1 1 1 2 2 3 4 5 7 12 19 41 
32 18 11 7 5 4 4 3 3 2 3 3 4 3 3 2 2 4 0 2 2 2 1 1 2 2 1 2 3 4 4 6 8 12 18 33 30 14 11 9 6 4 3 3 2 2 2 2 1 1 2 1 3 6 5 3 4 4 3 2 2 3 1 3 2 3 5 8 8 10 15 30 46 23 13 7 5 4 3 2 2 1 2 1 1 1 1 1 1 1 0 1 1 1 1 1 1 1 1 2 3 3 4 6 9 14 25 48 41 19 13 9 6 4 3 3 2 2 2 1 1 1 1 1 1 1 1 1 1 1 1 1 1 1 1 2 2 2 3 5 7 11 19 39 
29 17 11 9 7 5 5 3 3 2 2 2 3 2 1 5 1 2 0 4 3 2 4 5 4 5 4 4 5 6 7 7 10 10 19 30 34 17 13 8 7 6 5 5 4 4 5 5 5 7 7 5 4 4 6 3 3 2 2 3 3 2 2 3 4 4 6 7 8 13 18 32 41 23 12 8 6 4 4 2 2 1 1 1 1 1 1 1 1 1 0 2 1 1 2 2 2 2 2 3 3 4 5 6 9 12 25 43 43 22 13 8 6 4 3 3 2 2 2 2 2 2 2 1 1 1 2 1 1 1 1 1 1 1 1 2 2 3 4 5 7 13 22 41 
33 16 9 7 6 4 3 3 2 2 3 2 3 2 3 2 3 5 0 3 3 3 3 3 2 3 1 3 3 4 4 5 7 11 17 32 29 17 10 8 6 5 4 3 2 3 3 4 3 3 4 3 4 4 6 3 3 3 3 2 2 2 2 3 4 4 6 6 7 10 16 30 47 22 12 8 5 4 3 2 2 2 2 1 2 1 1 1 1 1 0 1 1 1 1 1 2 1 1 2 2 3 4 5 8 12 23 47 39 21 11 8 5 4 3 2 2 2 2 1 1 1 1 1 1 1 2 1 1 1 1 1 1 1 2 2 2 3 4 5 7 11 20 39 
31 15 10 7 5 3 3 2 3 1 2 2 2 2 3 4 4 3 0 3 2 2 1 2 2 2 3 3 3 5 4 5 7 9 15 31 28 14 10 8 6 5 5 4 3 4 3 3 3 3 2 2 3 8 17 4 4 2 3 3 3 2 2 2 4 4 5 7 7 9 14 27 41 21 13 8 6 5 4 3 3 2 2 2 2 2 2 2 2 2 0 1 2 2 1 2 2 2 2 3 3 4 5 6 8 12 22 42 34 18 11 8 6 5 4 3 3 3 2 2 2 1 1 1 1 2 4 1 2 2 1 2 2 2 2 3 3 4 5 6 8 11 17 33 
28 19 11 8 6 5 4 4 3 3 2 2 2 2 2 3 5 3 0 3 3 2 2 3 3 3 3 3 3 5 5 7 9 12 19 28 30 19 12 8 8 5 5 4 3 3 2 3 3 3 2 2 4 2 5 3 3 2 2 2 2 3 3 3 4 4 5 4 6 11 19 31 39 23 12 7 5 4 3 3 2 2 2 1 1 1 1 1 1 1 0 1 1 1 1 2 2 2 2 3 3 4 5 6 10 14 27 40 39 25 13 8 6 5 4 3 2 2 2 2 2 1 1 1 1 1 1 1 1 1 1 1 1 1 2 2 2 3 3 4 6 11 23 38 
35 17 11 9 6 5 3 4 3 3 2 2 2 2 2 3 3 3 0 2 2 2 2 3 3 4 3 4 4 4 5 6 8 11 18 33 32 17 12 9 6 6 5 4 4 4 3 3 3 4 3 3 3 4 6 2 2 2 2 2 3 2 2 3 4 5 6 7 9 10 17 33 50 20 11 7 5 3 2 2 2 1 1 1 1 0 1 1 1 0 0 1 1 1 1 1 1 2 2 3 3 3 5 6 9 13 23 49 44 20 12 8 5 5 3 3 2 2 1 1 1 1 1 1 1 1 1 1 1 1 1 1 1 1 1 1 2 2 3 5 7 10 19 43 
26 19 12 10 7 6 4 3 3 2 3 2 2 2 2 2 2 2 0 3 2 2 1 3 2 3 2 3 4 5 5 6 8 12 18 27 31 18 11 9 7 5 4 4 3 4 3 3 2 2 2 2 2 2 3 1 2 2 2 2 2 3 2 3 3 5 5 7 9 12 17 30 36 25 14 9 6 4 3 2 2 2 2 2 1 1 1 1 1 1 0 1 1 1 1 2 2 2 2 3 3 4 4 6 9 13 23 37 38 22 12 8 6 4 3 3 2 2 2 1 1 1 1 1 1 1 1 1 1 1 1 1 1 2 2 2 2 3 4 6 9 13 21 38 
