70
20 3 0 2 1 13 0 0 32 9 1 1 13 1 4 0 1 11 0 1 0 4 2 13 1 1 9 35 1 1 14 1 3 0 3 21 7 1 0 3 1 12 0 1 9 32 0 0 13 0 2 0 1 10 40 1 0 3 0 14 0 0 5 39 1 0 13 2 3 0 0 7 
6 0 0 6 0 18 0 0 66 5 0 0 16 0 5 0 0 5 0 0 0 2 0 12 0 0 3 42 0 0 13 0 2 0 0 6 5 0 0 6 0 17 0 0 5 68 0 0 17 0 6 0 0 6 46 0 0 2 0 12 0 0 3 42 0 0 13 0 2 0 0 6 
0 0 0 0 0 2 0 0 84 2 0 0 4 0 0 0 0 0 0 0 0 0 0 4 0 0 2 99 0 0 2 0 0 0 0 0 2 0 0 0 0 2 0 0 2 87 0 0 5 1 0 0 0 0 73 0 0 0 0 5 0 0 1 97 0 0 3 0 0 0 0 4 
0 0 0 0 0 0 0 0 0 0 0 0 0 0 0 0 0 0 0 0 0 0 0 0 0 0 0 0 0 0 0 0 0 0 0 0 0 0 0 0 0 0 0 0 0 0 0 0 0 0 0 0 0 0 0 0 0 0 0 0 0 0 0 0 0 0 0 0 0 0 0 0 
3 0 0 1 0 11 0 0 52 2 0 0 22 0 7 0 0 8 0 0 0 5 0 19 0 0 2 46 0 0 10 0 1 0 0 3 6 0 0 1 0 11 0 0 3 52 0 0 23 0 7 0 0 9 72 0 0 5 0 20 0 0 4 45 0 0 10 0 1 0 0 6 
0 0 0 1 0 11 0 0 57 0 0 0 20 0 2 0 0 1 0 0 0 5 0 22 0 0 0 71 0 0 13 0 2 0 0 0 0 0 0 1 0 12 0 0 0 58 0 0 19 0 2 0 0 0 72 0 0 5 0 22 0 0 0 73 0 0 13 0 2 0 0 0 
0 0 0 0 0 0 0 0 0 0 0 0 0 0 0 0 0 0 0 0 0 0 0 0 0 0 0 0 0 0 0 0 0 0 0 23 0 0 0 0 0 0 0 0 23 109 0 0 54 0 0 0 0 31 54 0 0 0 0 54 0 0 0 133 0 0 0 23 0 0 0 0 
6 0 0 1 0 11 0 0 48 4 0 0 20 0 5 0 0 10 0 0 0 5 0 21 0 0 4 51 0 0 12 0 1 0 0 6 4 0 0 1 0 11 0 0 4 48 0 0 19 0 4 0 0 9 65 0 0 5 0 21 0 0 3 53 0 0 11 0 1 0 0 4 
0 0 0 0 0 11 0 0 65 0 0 0 24 0 4 0 0 0 0 0 0 3 0 23 0 0 0 62 0 0 11 0 0 0 0 0 0 0 0 0 0 11 0 0 0 66 0 0 24 0 4 0 0 0 80 0 0 3 0 23 0 0 0 61 0 0 11 0 0 0 0 0 
11 4 3 5 4 11 3 3 31 8 3 3 11 4 4 2 3 8 0 3 2 3 3 8 2 3 6 23 3 2 10 3 4 2 4 12 8 4 3 4 4 11 2 3 7 30 3 3 11 3 3 2 3 9 25 3 2 3 2 9 2 2 6 25 2 2 10 4 3 2 3 9 
11 1 0 3 1 12 0 1 35 6 1 0 10 1 2 0 1 7 0 2 1 3 1 12 1 1 7 50 1 1 15 2 6 1 1 11 9 1 0 3 1 12 0 1 6 37 0 1 10 1 2 1 2 9 33 1 0 3 1 12 0 1 7 47 1 0 14 1 5 0 1 8 
14 1 0 1 0 13 0 0 40 7 0 0 16 0 4 0 0 10 0 0 0 6 0 19 0 0 8 47 0 0 13 0 2 0 1 13 5 0 0 2 0 12 0 0 7 39 0 0 16 0 3 0 0 10 51 0 0 5 0 18 0 0 3 50 0 0 12 0 2 0 0 5 
0 0 0 2 0 14 0 0 68 0 0 0 24 0 5 0 0 0 0 0 0 3 0 21 0 0 0 57 0 0 13 0 1 0 0 0 0 0 0 2 0 14 0 0 0 70 0 0 24 0 5 0 0 0 69 0 0 3 0 21 0 0 0 56 0 0 12 0 1 0 0 0 
4 2 0 1 2 9 1 0 59 2 0 1 8 2 1 1 1 3 0 1 1 1 2 9 1 1 3 61 1 1 9 2 0 1 2 4 3 1 1 1 2 9 1 1 2 60 0 1 9 2 1 1 1 3 54 1 1 1 2 9 1 1 2 62 1 1 8 2 0 1 1 4 
8 1 0 2 1 10 0 0 34 8 1 0 12 2 3 0 1 7 0 3 1 3 2 12 1 1 6 37 3 1 11 2 3 1 2 10 10 3 2 4 2 12 1 2 11 35 1 1 14 2 4 1 4 19 31 1 0 3 2 12 1 1 9 31 1 0 9 1 2 0 1 8 
0 0 0 2 0 16 0 0 62 0 0 0 20 0 3 0 0 0 0 0 0 3 0 20 0 0 0 63 0 0 16 0 2 0 0 0 0 0 0 2 0 16 0 0 0 63 0 0 20 0 3 0 0 0 71 0 0 3 0 20 0 0 0 63 0 0 16 0 2 0 0 0 
4 0 0 0 0 40 0 0 52 0 0 0 0 0 0 0 0 0 0 0 0 0 0 0 0 0 0 52 0 0 40 0 0 0 0 4 5 1 0 0 0 40 0 0 0 53 0 0 0 0 0 0 0 0 101 0 0 0 0 0 0 0 0 53 0 0 40 1 0 0 1 4 
9 1 0 5 2 16 0 1 49 8 1 0 12 1 3 0 1 6 0 2 0 2 1 10 0 0 4 39 0 0 13 1 3 0 1 9 10 1 1 5 2 16 1 1 7 51 1 1 13 1 4 0 1 9 37 1 0 1 1 10 0 0 5 37 0 0 12 1 3 0 1 11 
6 0 0 1 0 12 0 0 59 3 0 0 13 0 1 0 0 6 0 0 0 1 0 13 0 0 3 62 0 0 13 0 1 0 0 6 5 0 0 1 0 13 0 0 3 59 0 0 13 0 1 0 0 5 63 0 0 1 0 14 0 0 3 63 0 0 13 0 1 0 0 5 
4 0 0 2 0 12 0 0 52 2 0 0 16 0 3 0 0 7 0 0 0 2 0 14 0 0 2 47 0 0 12 0 1 0 0 4 15 1 0 1 0 13 0 0 3 56 0 0 17 0 4 0 0 8 58 0 0 2 0 15 0 0 6 47 0 0 13 0 1 0 1 15 
7 1 0 2 1 10 0 1 37 5 0 0 14 1 4 0 1 13 0 1 0 4 1 14 0 0 5 36 1 0 10 1 2 0 1 7 10 2 0 2 1 11 1 1 6 38 1 1 15 2 4 1 2 14 46 2 1 5 2 15 1 1 8 37 1 0 11 1 2 0 2 10 
0 0 0 2 0 14 0 0 50 0 0 0 22 0 7 0 0 0 0 0 0 10 0 25 0 0 0 60 0 0 15 0 3 0 0 0 0 0 0 2 0 14 0 0 0 49 0 0 22 0 7 0 0 0 78 0 0 10 0 24 0 0 0 59 0 0 14 0 3 0 0 0 
7 0 0 4 0 15 0 0 60 5 0 0 12 0 1 0 0 7 0 0 0 1 0 11 0 0 3 51 0 0 12 0 1 0 0 8 9 0 0 3 0 15 0 0 5 60 0 0 13 0 2 0 0 7 52 0 0 1 0 11 0 0 4 51 0 0 12 0 1 0 0 9 
4 0 0 1 0 11 0 0 69 2 0 0 15 0 1 0 0 5 0 0 0 1 0 13 0 0 2 58 0 0 9 0 1 0 0 4 6 0 0 1 0 11 0 0 3 71 0 0 15 0 1 0 0 6 58 0 0 1 0 14 0 0 3 58 0 0 10 0 0 0 0 6 
0 0 0 0 0 10 0 0 72 0 0 0 20 0 1 0 0 0 0 0 0 1 0 19 0 0 0 69 0 0 10 0 0 0 0 0 0 0 0 0 0 10 0 0 0 72 0 0 20 0 1 0 0 0 83 0 0 1 0 19 0 0 0 69 0 0 10 0 0 0 0 0 
1 0 0 0 1 19 0 0 72 0 0 0 1 0 0 0 0 1 0 0 0 0 0 1 0 0 0 72 0 0 20 2 0 0 0 1 2 0 0 0 1 20 0 0 0 72 0 0 1 0 0 0 0 0 98 0 0 0 0 1 0 0 0 73 0 0 20 1 0 0 0 1 
8 4 0 0 0 23 0 0 14 15 0 0 6 5 5 0 0 4 0 0 0 1 0 4 0 1 6 28 0 0 13 0 0 0 2 9 0 0 0 0 0 12 0 0 8 51 0 0 27 12 2 0 0 4 74 0 0 2 0 35 0 0 1 65 12 0 23 0 0 0 0 0 
11 2 1 1 2 18 1 0 55 2 0 0 4 0 0 0 0 2 0 0 0 0 1 4 0 0 1 53 0 0 18 2 1 1 3 11 10 2 1 2 2 20 0 1 1 55 0 0 3 0 0 0 0 1 72 0 0 0 0 3 0 0 1 54 0 1 19 2 1 1 2 12 
2 0 0 1 0 9 0 0 45 2 0 0 21 0 7 0 0 6 0 0 0 7 0 20 0 0 1 42 0 0 9 0 1 0 0 3 5 1 0 1 0 10 0 0 2 48 0 0 23 0 8 0 0 7 98 0 0 8 0 21 0 0 3 43 0 0 9 0 1 0 1 6 
6 0 0 1 0 12 0 0 51 3 0 0 14 0 1 0 0 6 0 0 0 3 0 16 0 0 4 64 0 0 14 0 2 0 0 6 5 0 0 1 0 12 0 0 3 51 0 0 15 0 1 0 0 6 54 0 0 3 0 17 0 0 3 66 0 0 14 0 3 0 0 5 
0 0 0 3 0 16 0 0 64 0 0 0 25 0 9 0 0 0 0 0 0 5 0 20 0 0 0 48 0 0 14 0 2 0 0 0 0 0 0 4 0 16 0 0 0 67 0 0 25 0 9 0 0 0 68 0 0 5 0 21 0 0 0 48 0 0 14 0 2 0 0 0 
0 0 0 3 0 16 0 0 52 0 0 0 20 0 5 0 0 0 0 0 0 7 0 21 0 0 0 64 0 0 17 0 5 0 0 0 0 0 0 3 0 16 0 0 0 52 0 0 20 0 5 0 0 0 67 0 0 8 0 22 0 0 0 63 0 0 17 0 4 0 0 0 
9 0 0 3 1 15 0 0 48 4 0 0 10 0 1 0 0 5 0 0 0 2 0 12 0 0 5 56 0 0 17 1 4 0 0 10 10 0 0 3 0 15 0 0 4 49 0 0 11 0 1 0 0 6 46 0 0 2 0 12 0 0 4 57 0 0 17 1 4 0 0 10 
9 0 0 3 0 15 0 0 46 6 0 0 15 0 3 0 0 9 0 0 0 3 0 15 0 0 5 45 0 0 14 0 3 0 0 9 10 0 0 3 0 15 0 0 6 46 0 0 16 0 3 0 0 10 46 0 0 3 0 15 0 0 6 46 0 0 15 0 3 0 0 10 
5 0 0 3 0 13 0 0 53 4 0 0 19 0 6 0 0 8 0 0 0 4 0 16 0 0 3 41 0 0 11 0 2 0 0 5 9 0 0 3 0 14 0 0 5 54 0 0 20 0 7 0 0 10 52 0 0 4 0 16 0 0 5 39 0 0 12 0 2 0 0 9 
0 0 0 3 0 0 0 0 71 0 0 0 41 0 0 0 0 7 0 0 0 0 0 45 0 0 0 65 0 0 2 0 3 0 0 0 0 0 0 0 0 2 0 0 0 67 0 0 45 0 0 0 0 2 36 0 0 0 0 45 0 0 1 65 0 0 2 0 0 0 0 0 
14 4 2 4 4 11 2 2 30 6 2 1 7 2 3 2 2 7 0 2 2 3 3 8 2 3 7 35 2 2 13 4 5 2 3 14 11 3 1 3 3 10 2 2 5 27 2 1 7 2 2 1 2 5 26 2 1 3 2 9 2 2 6 40 3 2 14 4 6 2 4 10 
3 0 0 0 0 9 0 0 57 2 0 0 19 0 3 0 0 9 0 0 0 3 0 19 0 0 3 59 0 0 10 0 0 0 0 3 4 0 0 0 0 10 0 0 2 58 0 0 19 0 2 0 0 8 68 0 0 3 0 20 0 0 3 61 0 0 10 0 0 0 0 4 
8 0 0 1 0 12 0 0 39 5 0 0 18 0 5 0 0 7 0 0 0 10 0 23 0 0 5 54 0 0 14 0 3 0 1 8 4 0 0 2 0 11 0 0 5 37 0 0 17 0 5 0 0 7 61 0 0 9 0 22 0 0 3 53 0 0 13 0 2 0 0 4 
63 0 0 0 0 31 0 0 31 0 0 0 31 0 0 0 0 0 0 0 0 0 0 0 0 0 31 63 0 0 0 0 0 0 0 31 0 0 0 0 0 0 0 0 0 95 0 0 0 0 0 0 0 0 31 0 0 0 0 31 0 0 0 31 0 0 31 0 0 0 0 0 
5 0 0 3 0 15 0 0 53 3 0 0 18 0 4 0 0 7 0 0 0 4 0 18 0 0 3 52 0 0 15 0 3 0 0 5 5 0 0 3 0 16 0 0 3 54 0 0 19 0 4 0 0 6 50 0 0 4 0 18 0 0 3 53 0 0 15 0 3 0 0 5 
3 0 0 0 0 8 0 0 68 1 0 0 9 0 0 0 0 2 0 0 0 1 0 10 0 0 2 77 0 0 9 0 0 0 0 3 3 0 0 0 0 9 0 0 1 70 0 0 9 0 0 0 0 3 64 0 0 1 1 10 0 0 2 78 0 0 9 1 1 0 0 3 
6 1 0 1 1 10 0 0 47 6 1 0 13 2 3 0 1 7 0 2 0 3 1 15 0 0 5 49 1 0 9 1 2 0 2 7 6 1 0 2 1 10 1 1 7 46 1 1 15 2 3 1 3 15 40 2 0 3 2 13 1 1 6 46 0 0 9 1 1 0 1 5 
3 0 0 0 0 9 0 0 69 2 0 0 14 0 1 0 0 5 0 0 0 1 0 13 0 0 2 67 0 0 9 0 0 0 0 2 4 0 0 0 0 9 0 0 2 69 0 0 14 0 1 0 0 5 71 0 0 1 0 13 0 0 2 67 0 0 9 0 0 0 0 4 
5 0 0 2 1 11 0 1 40 3 0 0 15 0 4 0 0 9 0 0 0 3 0 14 0 0 3 37 1 0 10 2 2 0 0 5 17 3 0 2 1 13 1 0 5 44 1 1 16 2 5 1 2 12 48 1 0 4 2 14 0 1 9 34 0 0 12 0 2 0 3 18 
0 0 0 2 0 11 0 0 43 0 0 0 15 0 4 0 0 0 0 0 0 10 0 24 0 0 0 81 0 0 16 0 6 0 0 0 0 0 0 2 0 12 0 0 0 44 0 0 16 0 4 0 0 0 55 0 0 9 0 21 0 0 0 81 0 0 16 0 7 0 0 0 
1 0 0 0 0 5 0 0 82 0 0 0 11 0 0 0 0 2 0 0 0 0 0 11 0 0 0 79 0 0 5 0 0 0 0 1 1 0 0 0 0 5 0 0 0 82 0 0 11 0 0 0 0 1 81 0 0 0 0 11 0 0 0 79 0 0 5 0 0 0 0 1 
0 0 0 5 0 18 0 0 63 0 0 0 20 0 4 0 0 0 0 0 0 3 0 19 0 0 0 57 0 0 18 0 4 0 0 0 0 0 0 5 0 20 0 0 0 66 0 0 20 0 4 0 0 0 56 0 0 4 0 20 0 0 0 58 0 0 17 0 3 0 0 0 
0 0 0 0 0 10 0 0 68 0 0 0 25 0 4 0 0 0 0 0 0 2 0 20 0 0 0 57 0 0 10 0 0 0 0 0 0 0 0 0 0 10 0 0 0 69 0 0 23 0 4 0 0 0 95 0 0 2 0 22 0 0 0 57 0 0 9 0 0 0 0 0 
4 0 0 2 0 13 0 0 60 3 0 0 20 0 5 0 0 7 0 0 0 3 0 17 0 0 3 50 0 0 12 0 1 0 0 5 5 0 0 2 0 13 0 0 3 59 0 0 20 0 5 0 0 7 63 0 0 3 0 18 0 0 3 50 0 0 12 0 1 0 0 6 
0 0 0 0 0 0 0 0 100 0 0 0 0 0 0 0 0 0 0 0 0 0 0 0 0 0 0 100 0 0 0 0 0 0 0 0 0 0 0 0 0 0 0 0 0 102 0 0 0 0 0 0 0 0 101 0 0 0 0 0 0 0 0 102 0 0 0 0 0 0 0 0 
0 0 0 6 0 18 0 0 80 0 0 0 17 0 3 0 0 0 0 0 0 1 0 15 0 0 0 55 0 0 14 0 1 0 0 0 0 0 0 4 0 18 0 0 0 80 0 0 19 0 3 0 0 1 58 0 0 1 0 16 0 0 0 54 0 0 13 0 1 0 0 0 
10 1 0 2 0 12 0 0 39 7 0 0 18 0 5 0 0 13 0 0 0 5 0 18 0 0 7 40 0 0 13 0 2 0 1 11 8 0 0 2 0 12 0 0 7 39 0 0 17 0 5 0 0 12 54 0 0 5 0 17 0 0 6 41 0 0 12 0 2 0 0 8 
0 0 0 4 0 17 0 0 52 0 0 0 17 0 4 0 0 0 0 0 0 7 0 20 0 0 0 69 0 0 18 0 7 0 0 0 0 0 0 4 0 17 0 0 0 52 0 0 18 0 4 0 0 0 57 0 0 7 0 20 0 0 0 70 0 0 19 0 6 0 0 0 
0 0 0 6 0 23 0 0 56 0 0 0 17 0 3 0 0 0 0 0 0 3 0 17 0 0 0 55 0 0 23 0 6 0 0 0 0 0 0 6 0 23 0 0 0 56 0 0 17 0 3 0 0 0 69 0 0 3 0 17 0 0 0 56 0 0 23 0 6 0 0 0 
7 2 1 2 2 10 1 1 47 4 1 1 11 2 3 1 2 11 0 2 1 2 2 10 1 1 5 41 1 0 9 1 2 1 2 7 7 2 1 2 2 10 1 1 4 46 1 1 12 2 3 1 2 7 48 3 1 2 2 11 1 1 4 43 1 1 9 2 2 1 2 8 
8 2 1 4 3 11 2 2 41 6 1 2 13 2 4 1 3 11 0 2 1 3 2 10 1 1 5 30 1 1 9 2 2 1 2 8 9 2 1 3 2 11 2 2 6 40 2 2 13 3 4 1 2 9 37 3 2 3 2 11 2 2 5 33 1 2 9 2 3 1 2 9 
0 0 0 1 0 11 0 0 50 0 0 0 24 0 7 0 0 0 0 0 0 9 0 25 0 0 0 55 0 0 12 0 1 0 0 0 0 0 0 1 0 11 0 0 0 52 0 0 24 0 7 0 0 0 96 0 0 8 0 25 0 0 0 56 0 0 12 0 1 0 0 0 
6 2 1 1 2 10 1 1 49 4 1 1 10 2 1 1 2 6 0 2 1 2 2 10 1 1 4 52 1 1 10 2 1 1 2 6 6 2 1 1 2 9 1 1 4 50 1 1 10 2 1 1 2 7 50 2 1 1 2 11 1 1 4 52 1 1 10 1 1 1 2 6 
0 0 0 2 0 15 0 0 58 0 0 0 24 0 7 0 0 0 0 0 0 6 0 22 0 0 0 54 0 0 14 0 2 0 0 0 0 0 0 2 0 15 0 0 0 58 0 0 24 0 7 0 0 0 81 0 0 6 0 22 0 0 0 54 0 0 14 0 2 0 0 0 
4 0 0 1 1 8 0 0 54 3 0 0 17 1 3 0 1 9 0 1 0 2 1 16 0 0 3 52 0 0 8 1 1 0 0 4 5 1 0 0 0 9 0 0 4 55 0 0 17 1 3 0 1 12 56 1 0 3 1 16 0 0 5 51 0 0 8 0 0 0 1 5 
7 0 0 2 0 12 0 0 38 4 0 0 14 0 3 0 0 6 0 0 0 6 0 18 0 0 5 63 0 0 16 0 6 0 0 7 6 0 0 2 0 13 0 0 4 40 0 0 14 0 3 0 0 7 43 0 0 6 0 19 0 0 5 64 0 0 17 0 5 0 0 5 
16 1 0 3 0 16 0 0 43 7 0 0 13 1 2 0 1 9 0 0 0 2 0 13 0 0 7 42 0 0 16 0 4 0 1 17 9 0 0 3 1 16 0 0 6 42 0 0 12 0 2 0 0 8 43 0 0 2 0 13 0 0 5 45 0 0 16 1 4 0 0 8 
0 0 0 4 0 17 0 0 57 0 0 0 23 0 6 0 0 0 0 0 0 5 0 21 0 0 0 55 0 0 17 0 4 0 0 0 0 0 0 4 0 18 0 0 0 58 0 0 23 0 6 0 0 0 70 0 0 5 0 21 0 0 0 55 0 0 17 0 3 0 0 0 
14 3 1 5 2 16 1 1 36 5 0 0 8 1 1 0 1 6 0 2 0 1 1 7 1 1 5 35 1 1 15 2 4 1 3 14 17 3 2 5 3 17 2 2 5 38 1 1 8 1 1 0 1 6 35 2 0 2 1 8 1 1 6 34 1 1 15 3 4 2 3 20 
4 0 0 2 0 10 0 0 41 3 0 0 18 0 6 0 0 8 0 0 0 4 0 15 0 0 2 37 0 0 9 0 1 0 0 5 13 2 0 2 0 11 0 0 5 44 0 1 20 2 9 1 0 12 69 0 0 5 1 17 0 0 7 34 0 0 11 0 1 0 2 12 
9 0 0 2 0 14 0 0 52 5 0 0 15 0 2 0 0 9 0 0 0 2 0 14 0 0 5 51 0 0 14 0 2 0 0 9 7 0 0 2 0 14 0 0 5 52 0 0 14 0 2 0 0 8 58 0 0 2 0 14 0 0 4 52 0 0 14 0 2 0 0 7 
6 0 0 2 0 12 0 0 46 4 0 0 18 0 4 0 0 10 0 0 0 4 0 18 0 0 4 47 0 0 12 0 2 0 0 6 10 0 0 2 0 13 0 0 5 46 0 0 18 0 4 0 0 11 58 0 0 4 0 18 0 0 6 46 0 0 13 0 2 0 0 9 
12 0 0 2 0 15 0 0 48 5 0 0 16 0 2 0 0 7 0 0 0 4 0 17 0 0 6 52 0 0 16 0 3 0 0 12 5 0 0 2 0 14 0 0 5 47 0 0 15 0 2 0 0 7 51 0 0 4 0 17 0 0 3 55 0 0 15 0 3 0 0 5 
0 0 0 0 0 12 0 0 59 0 0 0 23 0 4 0 0 0 0 0 0 5 0 24 0 0 0 62 0 0 12 0 1 0 0 0 0 0 0 0 0 12 0 0 0 58 0 0 23 0 4 0 0 0 87 0 0 5 0 24 0 0 0 62 0 0 12 0 1 0 0 0 
