100
0 0 0 1 0 2 0 0 5 0 0 0 1 0 0 0 0 0 0 0 0 0 0 1 0 0 0 4 0 0 2 0 0 0 0 0 0 0 0 1 0 2 0 0 0 4 0 0 1 0 0 0 0 0 7 0 0 0 0 1 0 0 0 5 0 0 2 0 1 0 0 0 0 0 0 9 0 25 0 0 51 0 0 0 15 0 3 0 0 0 0 0 0 2 0 16 0 0 0 53 0 0 26 0 8 0 0 0 0 0 0 9 0 25 0 0 0 50 0 0 15 0 3 0 0 0 73 0 0 3 0 16 0 0 0 53 0 0 25 0 8 0 0 0 
0 0 0 0 0 1 0 0 5 0 0 0 2 0 0 0 0 0 0 0 0 2 0 2 0 0 0 7 0 0 1 0 0 0 0 0 0 0 0 0 0 1 0 0 0 5 0 0 2 0 0 0 0 0 10 0 0 2 0 2 0 0 0 7 0 0 1 0 1 0 0 0 0 0 0 2 0 14 0 0 45 0 0 0 21 0 6 0 0 0 0 0 0 11 0 24 0 0 0 60 0 0 15 0 4 0 0 0 0 0 0 2 0 14 0 0 0 46 0 0 21 0 6 0 0 0 86 0 0 11 0 24 0 0 0 59 0 0 15 0 4 0 0 0 
0 0 0 0 0 1 0 0 6 0 0 0 2 0 0 0 0 0 0 0 0 0 0 2 0 0 0 6 0 0 1 0 0 0 0 0 0 0 0 0 0 1 0 0 0 6 0 0 2 0 0 0 0 0 13 0 0 0 0 2 0 0 0 6 0 0 1 0 0 0 0 0 0 0 0 1 0 14 0 0 51 0 0 0 25 0 7 0 0 0 0 0 0 7 0 24 0 0 0 51 0 0 14 0 1 0 0 0 0 0 0 1 0 14 0 0 0 51 0 0 25 0 7 0 0 0 100 0 0 7 0 25 0 0 0 50 0 0 13 0 1 0 0 0 
2 0 0 0 0 1 0 0 5 1 0 0 2 0 1 0 0 2 0 0 0 1 0 2 0 0 1 5 0 0 1 0 1 0 0 2 2 0 0 0 0 1 0 0 1 4 0 0 2 0 1 0 0 1 10 0 0 1 0 2 0 0 1 5 0 0 1 0 0 0 0 2 11 0 0 3 0 12 0 0 33 8 0 0 18 0 8 0 0 14 0 0 0 7 0 18 0 0 7 33 0 0 12 0 3 0 0 11 9 0 0 3 0 12 0 0 9 32 0 0 19 0 8 0 0 13 66 0 0 7 0 18 0 0 7 34 0 0 12 0 3 0 0 9 
0 0 0 0 0 1 0 0 7 0 0 0 2 0 2 0 0 0 0 0 0 1 0 2 0 0 0 7 0 0 1 0 1 0 0 0 0 0 0 0 0 1 0 0 0 8 0 0 2 0 2 0 0 0 8 0 0 2 0 2 0 0 0 7 0 0 1 0 1 0 0 0 0 0 0 4 0 14 0 0 54 0 0 0 23 0 13 0 0 0 0 0 0 10 0 20 0 0 0 53 0 0 14 0 5 0 0 0 0 0 0 4 0 14 0 0 0 53 0 0 22 0 12 0 0 0 71 0 0 11 0 21 0 0 0 53 0 0 14 0 5 0 0 0 
0 0 0 0 0 1 0 0 6 0 0 0 2 0 0 0 0 0 0 0 0 1 0 2 0 0 0 6 0 0 1 0 0 0 0 0 0 0 0 0 0 1 0 0 0 6 0 0 2 0 0 0 0 0 12 0 0 0 0 2 0 0 0 6 0 0 1 0 0 0 0 0 0 0 0 2 0 16 0 0 52 0 0 0 24 0 6 0 0 0 0 0 0 7 0 23 0 0 0 53 0 0 16 0 2 0 0 0 0 0 0 2 0 16 0 0 0 51 0 0 23 0 6 0 0 0 90 0 0 7 0 24 0 0 0 53 0 0 15 0 2 0 0 0 
0 0 0 0 0 1 0 0 6 0 0 0 2 0 1 0 0 0 0 0 0 1 0 2 0 0 0 9 0 0 2 0 1 0 0 0 0 0 0 0 0 1 0 0 0 6 0 0 2 0 1 0 0 0 9 0 0 2 0 2 0 0 0 9 0 0 1 0 1 0 0 0 0 0 0 3 0 14 0 0 46 0 0 0 19 0 8 0 0 0 0 0 0 11 0 21 0 0 0 63 0 0 16 0 6 0 0 0 0 0 0 3 0 14 0 0 0 45 0 0 19 0 8 0 0 0 74 0 0 12 0 22 0 0 0 63 0 0 16 0 6 0 0 0 
0 0 0 1 0 2 0 0 7 0 0 0 1 0 1 0 0 0 0 0 0 1 0 1 0 0 0 6 0 0 1 0 0 0 0 0 0 0 0 1 0 2 0 0 0 7 0 0 2 0 1 0 0 0 7 0 0 1 0 2 0 0 0 7 0 0 2 0 1 0 0 0 0 0 0 8 0 20 0 0 58 0 0 0 18 0 6 0 0 0 0 0 0 5 0 17 0 0 0 52 0 0 19 0 6 0 0 0 0 0 0 8 0 21 0 0 0 60 0 0 18 0 6 0 0 0 58 0 0 6 0 19 0 0 0 55 0 0 19 0 6 0 0 0 
0 0 0 1 0 2 0 0 9 0 0 0 2 0 1 0 0 0 0 0 0 1 0 1 0 0 0 5 0 0 1 0 0 0 0 0 0 0 0 1 0 2 0 0 0 9 0 0 2 0 1 0 0 0 9 0 0 1 0 1 0 0 0 6 0 0 1 0 0 0 0 0 0 0 0 7 0 17 0 0 66 0 0 0 21 0 10 0 0 0 0 0 0 6 0 18 0 0 0 45 0 0 15 0 3 0 0 0 0 0 0 7 0 18 0 0 0 66 0 0 21 0 9 0 0 0 71 0 0 7 0 18 0 0 0 46 0 0 15 0 3 0 0 0 
2 0 0 1 0 2 0 0 6 1 0 0 2 0 1 0 0 2 0 0 0 1 0 2 0 0 1 5 0 0 2 0 0 0 0 2 2 0 0 1 0 2 0 0 2 5 0 0 2 0 0 0 0 2 7 0 0 1 0 2 0 0 2 6 0 0 2 0 1 0 0 2 13 0 0 4 0 13 0 0 35 9 0 0 14 0 5 0 0 15 0 0 0 4 0 14 0 0 10 34 0 0 14 0 4 0 0 13 13 0 0 4 0 14 0 0 10 34 0 0 14 0 4 0 0 14 42 0 0 4 0 15 0 0 10 37 0 0 14 0 4 0 0 13 
2 0 0 1 0 1 0 0 5 1 0 0 2 0 1 0 0 3 0 0 0 1 0 2 0 0 1 4 0 0 1 0 0 0 0 2 2 0 0 1 0 1 0 0 1 5 0 0 2 0 1 0 0 2 6 0 0 1 0 2 0 0 1 4 0 0 1 0 1 0 0 2 10 1 1 4 1 11 0 1 32 8 1 1 15 1 7 0 1 17 0 1 0 6 1 14 0 1 8 29 1 0 10 1 3 0 1 10 10 1 0 4 1 11 0 1 9 32 1 1 15 1 6 0 1 16 38 1 1 6 1 15 1 1 8 30 1 1 11 1 4 0 1 11 
1 0 0 1 0 1 0 0 6 1 0 0 1 0 1 0 0 1 0 0 0 2 0 2 0 0 1 11 0 0 2 0 2 0 0 1 1 0 0 1 0 1 0 0 1 6 0 0 2 0 1 0 0 1 6 0 0 2 0 2 0 0 1 11 0 0 2 0 2 0 0 1 9 0 0 4 0 12 0 0 34 5 0 0 13 0 4 0 0 9 0 0 0 9 0 17 0 0 8 57 0 0 15 0 7 0 0 8 7 0 0 4 0 12 0 0 5 34 0 0 13 0 5 0 0 8 40 0 0 8 0 16 0 0 6 56 0 0 15 0 7 0 0 8 
1 0 0 1 0 1 0 0 3 1 0 0 1 0 0 0 0 1 0 0 0 1 0 2 0 0 2 13 0 0 2 0 2 0 0 1 2 0 0 1 0 1 0 0 1 3 0 0 1 0 1 0 0 1 5 0 0 2 0 2 0 0 1 16 0 0 2 0 2 0 0 1 9 0 0 4 0 11 0 0 26 4 0 0 9 0 2 0 0 8 0 0 0 7 1 14 0 0 9 63 0 0 16 1 7 0 0 9 11 0 0 2 0 11 0 0 4 26 0 0 10 0 3 0 1 8 33 0 0 8 1 15 1 1 8 69 1 0 15 1 8 0 0 10 
1 0 0 1 0 2 0 0 7 0 0 0 2 0 2 0 0 1 0 0 0 2 0 2 0 0 1 8 0 0 2 0 1 0 0 1 1 0 0 1 0 2 0 0 1 8 0 0 2 0 2 0 0 1 11 0 0 2 0 2 0 0 1 8 0 0 2 0 1 0 0 1 7 0 0 4 0 12 0 0 39 4 0 0 17 0 8 0 0 7 0 0 0 9 0 17 0 0 4 42 0 0 12 0 4 0 0 7 9 0 0 4 0 13 0 0 5 41 0 0 17 0 9 0 0 7 60 0 0 9 0 17 0 0 5 43 0 0 12 0 4 0 0 8 
0 0 0 0 0 1 0 0 6 0 0 0 2 0 1 0 0 0 0 0 0 1 0 2 0 0 0 6 0 0 1 0 0 0 0 0 0 0 0 0 0 1 0 0 0 6 0 0 2 0 1 0 0 0 11 0 0 1 0 2 0 0 0 6 0 0 1 0 0 0 0 0 0 0 0 3 0 13 0 0 50 0 0 0 24 0 10 0 0 0 0 0 0 10 0 23 0 0 0 52 0 0 13 0 3 0 0 0 0 0 0 3 0 13 0 0 0 50 0 0 24 0 10 0 0 0 89 0 0 10 0 23 0 0 0 51 0 0 13 0 3 0 0 0 
0 0 0 0 0 0 0 0 0 0 0 0 0 0 0 0 0 0 0 0 0 0 0 0 0 0 0 0 0 0 0 0 0 0 0 0 0 0 0 0 0 0 0 0 0 0 0 0 0 0 0 0 0 0 0 0 0 0 0 0 0 0 0 0 0 0 0 0 0 0 0 0 0 0 0 0 0 0 0 0 0 0 0 0 0 0 0 0 0 0 0 0 0 0 0 0 0 0 0 0 0 0 0 0 0 0 0 0 0 0 0 0 0 0 0 0 0 0 0 0 0 0 0 0 0 0 0 0 0 0 0 0 0 0 0 0 0 0 0 0 0 0 0 0 
0 0 0 0 0 1 0 0 6 0 0 0 2 0 1 0 0 0 0 0 0 0 0 2 0 0 0 5 0 0 1 0 0 0 0 0 0 0 0 0 0 1 0 0 0 6 0 0 2 0 1 0 0 0 11 0 0 0 0 2 0 0 0 6 0 0 1 0 0 0 0 0 0 0 0 2 0 14 0 0 56 0 0 0 25 0 8 0 0 0 0 0 0 6 0 22 0 0 0 50 0 0 14 0 2 0 0 0 0 0 0 2 0 15 0 0 0 55 0 0 25 0 8 0 0 0 91 0 0 7 0 23 0 0 0 50 0 0 14 0 2 0 0 0 
1 0 0 1 0 2 0 0 5 1 0 0 1 0 0 0 0 2 0 0 0 2 0 2 0 0 1 6 0 0 1 0 1 0 0 2 3 0 0 1 0 2 0 0 1 6 0 0 2 0 2 0 0 3 10 1 2 4 2 5 1 0 2 7 0 0 2 0 1 0 0 3 7 0 0 4 1 10 0 0 26 5 0 0 10 1 4 0 0 11 0 0 0 7 1 13 0 0 5 31 0 0 10 1 4 0 0 7 16 1 1 5 1 12 1 1 6 30 1 1 13 2 6 2 2 12 42 3 3 11 4 18 3 2 10 32 1 1 12 1 4 0 1 17 
1 0 0 1 0 2 0 0 7 1 0 0 2 0 1 0 0 1 0 0 0 1 0 2 0 0 1 7 0 0 2 0 1 0 0 1 1 0 0 1 0 2 0 0 1 7 0 0 2 0 1 0 0 1 6 0 0 1 0 2 0 0 1 7 0 0 2 0 1 0 0 1 8 0 0 5 0 14 0 0 43 6 0 0 16 0 6 0 0 10 0 0 0 6 0 16 0 0 6 42 0 0 13 0 4 0 0 8 8 0 0 5 0 14 0 0 6 43 0 0 16 0 6 0 0 10 45 0 0 6 0 17 0 0 6 43 0 0 13 0 4 0 0 8 
0 0 0 0 0 0 0 0 0 0 0 0 0 0 0 0 0 0 0 0 0 0 0 0 0 0 0 0 0 0 0 0 0 0 0 0 0 0 0 0 0 0 0 0 0 0 0 0 0 0 0 0 0 0 0 0 0 0 0 0 0 0 0 0 0 0 0 0 0 0 0 0 10 0 0 0 0 41 0 0 44 1 0 0 1 0 0 0 0 0 0 0 0 0 0 0 0 0 0 44 0 0 41 0 0 0 0 10 9 0 0 0 0 39 0 0 3 50 0 0 0 1 0 0 0 1 97 0 0 0 0 6 0 0 1 48 0 0 41 0 0 0 0 9 
3 0 0 1 0 2 0 0 6 2 0 1 3 1 3 1 1 3 0 0 1 3 1 3 1 0 2 5 0 0 2 0 1 0 0 3 2 0 0 1 0 1 0 0 1 4 0 0 2 0 1 0 0 2 6 0 0 1 0 2 0 0 1 5 0 0 2 0 1 0 0 1 15 1 0 4 1 11 1 1 27 10 2 2 15 3 8 3 3 15 0 3 3 9 3 16 2 2 10 28 1 1 11 1 4 0 1 16 7 1 0 4 1 10 0 1 9 24 1 0 13 1 5 0 0 12 34 0 0 6 1 14 0 1 6 30 1 0 10 1 4 0 1 7 
0 0 0 0 0 0 0 0 0 0 0 0 0 0 0 0 0 0 0 0 0 0 0 0 0 0 0 0 0 0 0 0 0 0 0 0 0 0 0 0 0 0 0 0 0 0 0 0 0 0 0 0 0 0 0 0 0 0 0 0 0 0 0 0 0 0 0 0 0 0 0 0 6 1 0 0 1 23 0 0 64 0 0 0 1 0 0 0 0 2 0 0 0 0 0 1 0 0 0 64 0 0 24 1 0 0 1 5 6 0 0 0 0 23 0 0 0 63 0 0 1 0 0 0 0 1 95 0 0 0 0 2 0 0 0 65 0 0 23 1 0 0 0 5 
2 0 0 0 0 1 0 0 5 1 0 0 2 0 1 0 0 3 0 0 0 1 0 2 0 0 1 5 0 0 2 0 0 0 0 2 2 0 0 0 0 2 0 0 2 5 0 0 2 0 1 0 0 3 8 0 0 1 0 2 0 0 1 5 0 0 1 0 0 0 0 2 12 0 0 2 0 12 0 0 35 9 0 0 18 0 5 0 0 17 0 0 0 5 0 17 0 0 9 34 0 0 12 0 2 0 0 12 12 0 0 2 0 12 0 0 10 33 0 0 18 0 5 0 0 17 52 0 0 5 0 17 0 0 9 35 0 0 12 0 2 0 0 12 
1 0 0 0 0 1 0 0 4 1 0 0 2 0 1 0 0 2 0 0 0 2 0 2 0 0 1 6 0 0 2 0 1 0 0 1 2 0 0 0 0 1 0 0 1 4 0 0 2 0 2 0 0 2 15 0 0 5 1 4 0 0 1 9 0 0 2 0 2 0 0 2 7 0 0 2 0 10 0 0 26 5 0 0 12 0 5 0 0 11 0 0 0 8 0 16 0 0 6 36 0 0 12 0 5 0 0 7 14 0 0 3 0 10 0 0 5 26 0 1 14 1 7 1 1 12 66 1 1 14 2 20 1 0 8 43 1 1 12 0 5 0 0 12 
1 0 0 0 0 0 0 0 2 0 0 0 1 0 0 0 0 2 0 0 0 0 0 1 0 0 0 2 0 0 0 0 0 0 0 0 0 0 0 0 0 0 0 0 0 2 0 0 1 0 0 0 0 2 3 0 0 0 0 1 0 0 0 2 0 0 0 0 0 0 0 1 5 1 0 2 1 8 1 1 40 5 1 1 15 2 4 1 1 17 0 2 1 5 3 15 1 1 4 39 1 1 7 2 2 0 1 6 6 1 0 2 1 9 1 1 5 41 1 1 15 3 4 1 2 17 44 2 1 5 3 16 1 1 5 40 1 1 8 2 1 1 1 6 
1 0 0 1 0 1 0 0 5 1 0 0 2 0 2 0 0 2 0 0 0 1 0 1 0 0 1 3 0 0 1 0 0 0 0 1 1 0 0 1 1 1 1 1 2 5 1 1 2 1 2 1 0 2 4 1 0 1 0 1 0 0 1 3 0 0 1 0 0 0 0 1 7 1 1 4 2 9 1 2 33 7 2 1 14 3 7 1 2 12 0 2 1 5 2 11 1 2 5 27 2 2 8 2 3 1 2 7 8 2 2 5 3 11 2 3 9 34 3 2 15 4 8 2 3 15 32 3 2 5 2 12 2 2 6 26 1 1 8 2 3 1 2 8 
2 0 0 2 1 2 0 0 5 2 0 0 1 0 1 0 0 1 0 0 0 0 0 0 0 0 1 3 0 0 1 0 2 2 1 4 3 1 2 2 1 3 1 1 2 4 1 0 1 1 1 0 0 1 2 0 0 0 0 0 0 0 2 3 0 0 2 0 2 0 0 2 14 3 3 8 5 12 2 3 27 7 2 2 7 2 4 1 2 5 0 2 1 2 2 6 2 1 5 23 2 3 11 5 7 4 4 17 14 5 4 10 5 15 3 3 8 29 3 2 8 3 3 1 2 5 18 1 1 2 2 6 2 2 6 24 2 2 12 3 7 2 4 14 
0 0 0 0 0 0 0 0 0 0 0 0 0 0 0 0 0 0 0 0 0 0 0 0 0 0 0 2 0 0 0 0 0 0 0 0 0 0 0 0 0 0 0 0 0 0 0 0 0 0 0 0 0 0 0 0 0 0 0 0 0 0 0 0 0 0 0 0 0 0 0 0 0 0 0 0 0 0 0 12 44 0 0 44 0 0 0 0 0 0 0 0 0 0 44 12 0 12 0 57 0 0 12 0 0 0 0 0 0 0 0 0 0 12 0 0 0 44 12 0 0 44 0 0 0 0 12 0 0 0 0 0 44 12 0 57 12 0 12 0 0 0 0 0 
0 0 0 0 0 2 0 0 6 0 0 0 2 0 0 0 0 0 0 0 0 0 0 2 0 0 0 6 0 0 2 0 0 0 0 0 0 0 0 0 0 2 0 0 0 6 0 0 2 0 0 0 0 0 11 0 0 0 0 2 0 0 0 6 0 0 2 0 0 0 0 0 0 0 0 3 0 18 0 0 54 0 0 0 21 0 4 0 0 0 0 0 0 4 0 20 0 0 0 55 0 0 18 0 3 0 0 0 0 0 0 3 0 18 0 0 0 54 0 0 20 0 4 0 0 0 87 0 0 4 0 20 0 0 0 55 0 0 18 0 3 0 0 0 
4 0 1 1 1 1 0 0 3 1 0 0 0 0 0 0 0 1 0 1 0 1 1 1 1 1 2 4 0 1 3 2 3 1 1 4 3 1 0 2 1 1 0 0 2 2 0 0 0 0 0 0 0 1 1 0 0 0 0 1 0 1 1 3 0 0 2 1 3 0 1 3 22 4 3 6 4 10 2 2 18 6 2 2 5 2 3 1 2 5 0 2 1 3 3 6 2 3 8 25 3 6 16 9 12 5 5 20 17 5 2 7 4 11 3 2 5 17 2 1 5 2 2 1 1 4 12 1 1 2 2 6 2 3 7 26 3 3 15 5 12 3 4 15 
1 0 0 1 0 1 0 0 2 0 0 0 0 0 0 0 0 0 0 0 0 0 0 0 0 0 0 2 0 0 1 0 0 0 0 1 1 0 0 0 0 0 0 0 0 2 0 0 0 0 0 0 0 1 1 0 0 0 0 0 0 0 0 2 0 0 1 0 0 0 0 1 10 2 0 4 3 12 1 1 47 5 0 0 10 2 1 0 1 6 0 1 1 2 2 10 1 1 5 48 1 1 13 2 3 1 2 11 9 2 1 3 2 12 1 1 4 44 0 0 10 1 2 0 1 8 38 1 0 2 2 12 1 1 5 48 0 1 11 2 2 1 1 8 
0 0 0 1 0 1 0 0 6 0 0 0 1 0 1 0 0 0 0 0 0 1 0 2 0 0 0 9 0 0 2 0 1 0 0 0 0 0 0 0 0 1 0 0 0 6 0 0 1 0 1 0 0 0 7 0 0 1 0 2 0 0 0 10 0 0 2 0 1 0 0 0 0 0 0 4 0 16 0 0 50 0 0 0 18 0 5 0 0 0 0 0 0 7 0 18 0 0 0 68 0 0 18 0 7 0 0 0 0 0 0 4 0 16 0 0 0 51 0 0 18 0 5 0 0 0 60 0 0 7 0 19 0 0 0 70 0 0 18 0 7 0 0 0 
3 0 0 0 0 1 0 0 4 1 0 0 1 0 0 0 0 2 0 0 0 1 0 2 0 0 3 9 0 0 2 0 1 0 0 2 2 0 0 0 0 1 0 0 1 3 0 0 1 0 0 0 0 2 5 0 0 2 0 2 0 0 3 11 0 0 2 0 1 0 0 2 14 1 0 3 0 10 0 0 26 6 0 0 10 0 2 0 1 13 0 0 0 6 0 13 0 1 15 50 1 0 14 1 7 0 0 12 14 1 0 3 0 10 0 0 6 25 0 0 10 0 2 0 1 12 31 0 0 6 1 14 0 1 14 53 1 0 14 1 7 0 0 12 
0 0 0 0 0 0 0 0 1 0 0 0 0 0 0 0 0 0 0 0 0 0 0 0 0 0 0 1 0 0 0 0 0 0 0 0 0 0 0 0 0 0 0 0 0 1 0 0 0 0 0 0 0 0 0 0 0 0 0 0 0 0 0 1 0 0 0 0 0 0 0 0 2 0 0 0 0 7 0 0 67 3 0 0 16 1 2 0 1 8 0 1 0 1 1 16 0 0 2 61 0 0 6 0 0 0 0 3 2 0 0 1 1 6 0 0 2 70 1 0 17 1 3 0 1 9 54 1 1 2 2 15 0 0 3 63 0 0 7 1 0 0 0 1 
3 0 0 1 0 1 0 0 2 0 0 0 0 0 0 0 0 1 0 0 0 0 0 0 0 0 0 2 0 0 1 0 0 0 0 3 4 0 0 1 0 1 0 0 0 1 0 0 0 0 0 0 0 1 1 0 0 0 0 0 0 0 0 2 0 0 1 0 1 0 0 4 21 2 1 7 3 15 1 1 32 4 1 0 7 1 1 0 1 4 0 0 0 1 1 6 0 1 5 31 1 1 13 2 7 1 2 26 27 2 1 7 3 14 1 1 4 29 1 0 7 1 1 0 1 6 25 1 0 2 1 7 0 1 5 33 1 1 14 3 8 1 3 30 
0 0 0 0 0 0 0 0 0 0 0 0 0 0 0 0 0 0 0 0 0 0 0 0 0 0 0 0 0 0 0 0 0 0 0 0 0 0 0 0 0 0 0 0 0 0 0 0 0 0 0 0 0 3 0 0 0 0 0 0 0 0 0 2 0 0 0 0 0 0 0 0 0 0 0 0 3 0 3 0 27 0 3 0 3 9 6 0 3 6 0 15 0 0 3 6 0 0 0 39 0 0 3 6 0 3 0 0 0 0 0 0 0 6 0 0 0 81 0 0 21 0 0 0 6 81 57 6 0 0 3 36 0 0 0 63 0 0 6 3 0 0 0 0 
1 0 0 0 0 0 0 0 1 0 0 0 0 0 0 0 0 0 0 0 0 0 0 0 0 0 0 1 0 0 0 0 0 0 0 1 1 0 0 0 0 0 0 0 0 1 0 0 0 0 0 0 0 1 2 0 0 0 0 0 0 0 0 2 0 0 0 0 0 0 0 1 15 1 0 1 2 16 0 0 43 4 0 0 8 1 0 0 0 5 0 1 0 1 1 8 0 0 3 47 0 0 17 2 3 0 1 16 17 1 0 2 2 15 0 0 3 43 0 0 8 1 0 0 1 6 54 1 0 1 1 8 0 0 3 46 0 0 16 2 3 0 2 17 
2 0 0 1 0 1 0 0 5 1 0 0 2 0 1 0 0 2 0 0 0 1 0 2 0 0 1 5 0 0 1 0 0 0 0 1 5 0 0 1 0 2 0 1 2 6 1 2 4 2 4 4 1 4 20 1 2 4 2 4 1 1 2 7 1 1 2 0 1 0 0 5 5 0 0 3 1 8 0 0 24 4 0 0 11 1 6 0 0 8 0 0 0 5 0 10 0 0 3 22 0 0 7 0 2 0 0 5 19 1 0 3 1 9 1 2 5 26 3 3 15 5 11 6 4 15 65 4 4 11 5 16 3 3 9 25 2 1 10 1 3 1 1 18 
0 0 0 0 0 0 0 0 1 0 0 0 0 0 0 0 0 0 0 0 0 0 0 0 0 0 0 1 0 0 0 0 0 0 0 0 0 0 0 0 0 0 0 0 0 0 0 0 0 0 0 0 0 0 0 0 0 0 0 0 0 0 0 1 0 0 0 0 0 0 0 0 0 0 2 0 0 18 0 0 49 0 0 0 36 0 0 0 0 0 0 2 0 0 0 29 0 0 0 96 0 5 0 0 0 2 0 0 0 0 0 0 2 18 0 0 0 49 0 2 39 0 0 0 2 2 11 0 0 0 0 39 0 0 12 73 0 0 9 2 0 0 0 0 
3 0 0 1 0 1 0 0 5 1 0 0 1 0 1 1 0 2 0 1 1 3 1 5 2 2 2 8 1 0 2 1 2 0 0 4 2 0 0 1 0 1 0 0 1 4 0 0 1 0 0 0 0 2 4 0 0 3 0 3 0 0 1 8 0 0 2 0 1 0 0 1 16 1 1 5 1 11 1 1 25 7 1 1 9 1 4 1 1 10 0 2 2 11 4 18 3 3 11 39 2 1 13 2 6 1 1 18 9 1 0 4 1 10 0 0 7 25 0 0 8 0 3 0 0 8 24 0 0 9 1 15 0 1 7 42 1 0 12 1 6 0 0 7 
3 0 0 1 0 2 0 0 6 2 0 0 2 0 1 0 0 2 0 0 0 0 0 1 0 0 1 4 0 0 2 0 0 0 0 3 3 0 0 1 0 2 0 0 2 6 0 0 2 0 1 0 0 2 7 0 0 0 0 1 0 0 1 4 0 0 2 0 0 0 0 3 15 0 0 5 0 14 0 0 35 11 0 0 14 0 6 0 0 14 0 0 0 3 0 12 0 0 9 27 0 0 13 0 3 0 0 16 15 0 0 5 0 15 0 0 11 35 0 0 14 0 5 0 0 14 41 0 0 3 0 12 0 0 9 29 0 0 13 0 3 0 0 15 
1 0 0 0 0 1 0 0 4 1 0 0 2 0 0 0 0 3 0 0 0 0 0 1 0 0 0 3 0 0 1 0 0 0 0 1 1 0 0 0 0 1 0 0 1 3 0 0 2 0 0 0 0 3 7 0 0 0 0 2 0 0 1 4 0 0 1 0 0 0 0 1 8 0 0 1 0 9 0 0 36 6 0 0 19 0 6 0 0 24 0 0 0 6 0 19 0 0 7 35 0 0 9 0 1 0 0 7 8 0 0 1 0 9 0 0 7 35 0 0 20 0 6 0 0 24 60 0 0 6 0 19 0 0 7 35 0 0 9 0 1 0 0 8 
2 1 2 2 2 2 1 1 8 2 1 1 3 1 2 1 0 3 0 0 0 1 0 1 1 0 1 2 0 0 0 0 0 0 0 1 1 0 0 0 0 1 0 0 1 5 0 0 2 0 1 0 0 2 5 0 0 0 0 1 0 0 1 3 0 1 1 1 1 1 1 1 8 5 4 7 5 12 5 5 36 10 5 5 14 5 9 4 3 14 0 2 2 4 3 8 2 2 6 17 2 2 6 2 3 1 2 7 5 2 1 4 2 8 2 2 7 28 2 2 11 3 6 2 2 8 29 3 2 4 3 9 2 2 4 21 3 3 8 3 4 3 3 7 
1 0 0 0 0 1 0 0 3 1 0 0 1 0 1 0 0 1 0 0 1 1 1 2 1 1 2 5 1 1 2 1 1 1 1 2 2 1 1 1 1 1 0 0 1 3 0 0 1 0 1 0 0 3 3 0 0 1 0 1 0 0 1 4 0 0 1 0 1 0 0 1 7 1 1 3 2 9 1 1 27 7 2 2 11 2 5 1 2 9 0 3 2 6 4 14 3 3 8 35 3 3 12 4 6 3 3 10 9 3 2 5 3 10 2 2 8 27 2 2 12 3 4 1 2 14 25 1 1 5 2 12 1 1 7 32 2 1 9 2 4 1 1 6 
1 0 0 0 0 1 0 0 5 0 0 0 2 0 1 0 0 1 0 0 0 1 0 2 0 0 0 5 0 0 1 0 0 0 0 1 1 0 0 0 0 1 0 0 1 5 0 0 2 0 1 0 0 1 11 0 0 1 0 2 0 0 1 4 0 0 1 0 0 0 0 1 8 0 0 2 0 11 0 0 39 5 0 0 20 0 10 0 0 13 0 0 0 8 0 18 0 0 5 35 0 0 10 0 2 0 0 7 8 0 0 2 0 11 0 0 7 37 0 0 21 0 10 0 0 14 77 0 0 8 0 18 0 0 6 33 0 0 10 0 2 0 0 8 
0 0 0 0 0 0 0 0 0 0 0 0 0 0 0 0 0 0 0 0 0 0 0 0 0 0 0 4 0 0 0 0 0 0 0 0 0 0 0 0 0 0 0 0 0 0 0 0 0 0 0 0 0 0 0 0 0 0 0 0 0 0 0 3 0 0 0 0 0 0 0 0 2 0 0 1 1 6 0 0 52 1 0 0 6 2 1 0 0 1 0 2 1 0 1 6 0 0 15 96 0 0 7 1 1 1 0 3 3 0 1 0 1 5 0 0 0 53 0 0 6 1 0 0 2 4 49 0 0 1 2 10 0 1 6 89 1 0 11 1 2 0 2 5 
0 0 0 1 0 2 0 0 8 0 0 0 2 0 1 0 0 0 0 0 0 1 0 2 0 0 0 6 0 0 1 0 0 0 0 0 0 0 0 1 0 2 0 0 0 8 0 0 2 0 1 0 0 0 11 0 0 1 0 2 0 0 0 6 0 0 1 0 0 0 0 0 0 0 0 4 0 16 0 0 58 0 0 0 22 0 8 0 0 0 0 0 0 7 0 20 0 0 0 49 0 0 15 0 3 0 0 0 0 0 0 5 0 17 0 0 0 59 0 0 22 0 8 0 0 0 81 0 0 7 0 20 0 0 0 48 0 0 14 0 3 0 0 0 
2 0 1 1 1 1 1 0 4 1 0 0 2 0 1 0 0 2 0 0 0 1 0 1 0 0 1 3 0 0 1 0 0 0 0 2 1 0 0 0 0 1 0 0 1 4 0 0 1 0 1 0 0 1 3 0 0 1 0 2 0 1 1 4 1 1 2 1 1 1 1 2 10 3 3 5 4 10 3 3 28 7 2 2 11 3 5 2 2 11 0 2 2 5 3 10 2 2 7 24 2 2 9 3 4 2 2 9 9 2 1 5 3 10 2 2 6 28 2 2 10 2 4 2 2 8 25 2 2 5 3 11 2 3 7 30 4 3 12 4 6 3 4 10 
2 0 0 1 0 2 0 0 8 1 0 0 2 0 2 0 0 2 0 0 0 1 0 2 0 0 1 5 0 0 2 0 1 0 0 1 1 0 0 1 0 2 0 0 1 7 0 0 2 0 2 0 0 2 7 0 0 1 0 2 0 0 1 6 0 0 2 0 1 0 0 1 9 0 0 5 0 13 0 0 40 7 0 0 17 1 8 0 0 13 0 0 0 6 0 15 0 0 7 33 0 0 12 0 4 0 0 9 9 0 0 5 0 13 0 0 8 38 0 0 17 0 8 0 0 12 43 0 0 6 0 15 0 0 7 35 0 0 12 0 4 0 0 9 
0 0 0 0 0 1 0 0 6 0 0 0 2 0 1 0 0 0 0 0 0 1 0 2 0 0 0 5 0 0 1 0 0 0 0 0 0 0 0 0 0 1 0 0 0 5 0 0 2 0 1 0 0 0 12 0 0 1 0 2 0 0 0 5 0 0 1 0 0 0 0 0 0 0 0 1 0 12 0 0 49 0 0 0 25 0 10 0 0 0 0 0 0 9 0 23 0 0 0 47 0 0 12 0 1 0 0 0 0 0 0 1 0 12 0 0 0 49 0 0 25 0 9 0 0 0 109 0 0 10 0 23 0 0 0 48 0 0 12 0 1 0 0 0 
2 0 0 3 0 3 0 0 12 1 0 0 2 0 2 0 0 2 0 0 0 1 0 1 0 0 1 5 0 0 1 0 1 0 0 2 2 0 0 3 1 3 1 0 2 15 1 0 3 1 3 0 0 1 4 0 0 0 0 1 0 0 1 5 0 0 2 0 1 0 0 2 11 0 0 10 0 18 0 0 54 8 0 0 14 0 7 0 0 8 0 0 0 3 0 10 0 0 6 28 0 0 12 0 4 0 0 12 10 0 0 11 1 18 1 0 9 60 1 0 16 1 8 0 0 8 30 0 0 3 0 10 0 0 6 28 0 0 11 0 4 0 0 10 
1 0 0 0 0 1 0 0 3 0 0 0 1 0 0 0 0 2 0 0 0 1 0 2 0 0 1 5 0 0 1 0 0 0 0 1 1 0 0 0 0 1 0 0 1 3 0 0 1 0 1 0 0 2 5 0 1 2 0 2 0 0 2 5 0 0 1 0 1 0 0 1 6 1 0 3 2 9 1 1 32 5 1 1 14 1 5 0 1 16 0 1 1 7 2 16 1 1 6 38 1 1 10 2 3 0 1 7 8 1 0 2 1 9 1 1 5 30 1 1 14 2 5 1 2 15 39 2 2 8 3 17 2 2 9 38 1 1 10 2 4 1 1 9 
0 0 0 0 0 1 0 0 5 0 0 0 1 0 1 0 0 0 0 0 0 2 0 2 0 0 0 13 0 0 2 0 2 0 0 0 0 0 0 0 0 1 0 0 0 5 0 0 1 0 1 0 0 0 7 0 0 1 0 2 0 0 0 13 0 0 2 0 2 0 0 0 0 0 0 4 0 15 0 0 41 0 0 0 15 0 5 0 0 0 0 0 0 10 0 19 0 0 0 79 0 0 19 0 10 0 0 0 0 0 0 4 0 15 0 0 0 41 0 0 15 0 6 0 0 0 55 0 0 10 0 19 0 0 0 79 0 0 19 0 11 0 0 0 
0 0 0 0 0 0 0 0 1 0 0 0 0 0 0 0 0 0 0 0 0 0 0 0 0 0 0 1 0 0 0 0 0 0 0 0 0 0 0 0 0 1 0 0 0 1 0 0 0 0 0 0 0 0 1 0 0 0 0 0 0 0 0 1 0 0 0 0 0 0 0 0 8 2 0 1 2 15 0 0 58 2 0 0 8 1 1 0 0 4 0 1 0 1 1 7 0 0 2 56 0 0 16 2 1 0 1 8 8 1 1 0 2 15 0 0 2 58 0 0 7 1 0 0 1 2 60 0 0 1 1 7 0 0 3 60 0 0 14 1 1 0 1 9 
0 0 0 0 0 1 0 0 6 0 0 0 2 0 0 0 0 0 0 0 0 0 0 2 0 0 0 6 0 0 1 0 0 0 0 0 0 0 0 0 0 1 0 0 0 6 0 0 2 0 0 0 0 0 12 0 0 0 0 2 0 0 0 6 0 0 1 0 0 0 0 0 0 0 0 1 0 14 0 0 53 0 0 0 23 0 5 0 0 0 0 0 0 6 0 23 0 0 0 56 0 0 14 0 1 0 0 0 0 0 0 1 0 14 0 0 0 53 0 0 23 0 5 0 0 0 98 0 0 6 0 23 0 0 0 55 0 0 14 0 1 0 0 0 
2 0 0 0 0 1 0 0 4 1 0 0 2 0 1 0 0 2 0 0 0 1 0 2 0 0 1 5 0 0 1 0 1 0 0 1 2 0 0 0 0 1 0 0 1 4 0 0 2 0 1 0 0 3 6 0 0 1 0 2 0 0 1 5 0 0 1 0 1 0 0 2 10 0 0 3 0 10 0 0 29 8 0 0 16 1 7 0 1 19 0 1 0 8 1 18 0 0 9 34 0 0 11 0 4 0 0 10 9 0 0 3 0 10 0 0 9 28 0 0 16 0 6 0 0 20 46 0 0 8 1 17 0 0 7 36 0 0 11 0 4 0 0 8 
2 0 0 0 0 1 0 0 4 1 0 0 1 0 0 0 0 2 0 0 0 0 0 1 0 0 1 4 0 0 2 0 0 0 0 2 5 0 0 1 0 2 0 1 2 4 1 1 2 1 2 2 1 3 10 1 2 2 2 3 1 1 2 5 1 1 2 1 1 0 0 5 8 1 1 3 1 9 1 1 20 6 1 1 8 1 4 1 1 9 0 1 1 4 1 8 1 1 6 20 1 1 9 1 4 1 1 8 22 2 1 5 2 11 2 3 7 24 3 3 13 4 7 4 4 13 39 5 4 8 4 14 3 3 11 25 3 2 12 3 5 1 2 19 
0 0 0 0 0 0 0 0 0 0 0 0 0 0 0 0 0 0 0 0 0 0 0 0 0 0 0 0 0 0 0 0 0 0 0 0 0 0 0 0 0 0 0 0 0 0 0 0 0 0 0 0 0 0 0 0 0 0 0 0 0 0 0 0 0 0 0 0 0 0 0 0 2 0 0 0 0 6 0 0 82 0 0 0 7 0 0 0 0 1 0 0 0 0 0 8 0 0 1 84 0 0 6 0 0 0 0 2 2 0 0 0 1 5 0 0 0 84 0 0 8 0 0 0 0 2 78 0 0 0 0 8 0 0 1 85 0 0 5 1 0 0 1 2 
0 0 0 0 0 0 0 0 0 0 0 0 0 0 0 0 0 0 0 0 0 0 0 0 0 0 0 0 0 0 0 0 0 0 0 0 0 0 0 0 0 0 0 0 0 0 0 0 0 0 0 0 0 0 0 0 0 0 0 0 0 0 0 0 0 0 0 0 0 0 0 0 0 0 0 0 0 0 0 0 101 0 0 0 0 0 0 0 0 0 0 0 0 0 0 0 0 0 0 101 0 0 0 0 0 0 0 0 0 0 0 0 0 0 0 0 0 101 0 0 0 0 0 0 0 0 100 0 0 0 0 0 0 0 0 101 0 0 0 0 0 0 0 0 
0 0 0 0 0 1 0 0 6 0 0 0 2 0 1 0 0 0 0 0 0 1 0 2 0 0 0 6 0 0 1 0 0 0 0 0 0 0 0 0 0 1 0 0 0 6 0 0 2 0 1 0 0 0 10 0 0 1 0 2 0 0 0 6 0 0 1 0 0 0 0 0 0 0 0 4 0 16 0 0 51 0 0 0 23 0 8 0 0 0 0 0 0 8 0 23 0 0 0 52 0 0 16 0 4 0 0 0 0 0 0 4 0 16 0 0 0 52 0 0 23 0 8 0 0 0 79 0 0 9 0 22 0 0 0 52 0 0 15 0 4 0 0 0 
2 0 0 1 0 2 0 0 5 1 0 0 2 0 1 0 0 2 0 0 0 1 0 2 0 0 2 5 0 0 2 0 1 0 0 3 3 0 0 0 0 2 0 0 1 4 0 0 1 0 1 0 0 2 5 0 0 1 0 2 0 0 2 6 0 0 2 0 1 0 0 2 15 1 0 4 1 12 0 0 29 8 0 0 12 1 4 0 1 14 0 1 0 5 1 13 0 1 11 33 1 0 14 1 6 0 1 15 15 1 0 3 1 12 0 0 8 28 0 0 12 1 4 0 1 13 34 1 0 5 1 13 0 0 10 36 0 0 14 1 6 0 1 13 
0 0 0 0 0 1 0 0 1 0 0 0 0 0 0 0 0 0 0 0 0 0 0 0 0 0 1 3 0 0 0 0 0 0 0 0 0 0 0 0 0 0 0 0 0 1 0 0 0 0 0 0 0 1 1 0 0 0 0 0 0 0 0 3 0 0 0 0 0 0 0 0 5 1 0 2 2 10 0 0 49 4 0 1 9 1 0 0 1 3 0 2 1 1 3 10 1 1 8 68 0 1 11 2 3 1 0 5 6 2 0 2 3 9 1 0 3 48 0 1 8 1 0 0 0 6 40 2 1 3 3 12 0 1 6 63 1 1 11 3 3 1 3 7 
2 0 0 2 0 2 0 0 7 2 0 0 2 0 1 0 0 2 0 0 0 1 0 2 0 0 1 5 0 0 1 0 1 0 0 2 2 0 0 1 0 2 0 0 1 6 0 0 2 0 1 0 0 2 5 0 0 1 0 2 0 0 1 6 0 0 2 0 1 0 0 2 12 1 1 8 2 15 1 1 37 8 1 1 12 1 5 1 1 11 0 1 0 4 1 11 0 1 8 30 1 0 12 1 5 0 1 13 11 1 1 7 1 15 0 1 8 37 1 0 12 1 5 0 1 9 30 1 0 4 1 11 1 1 7 32 1 1 13 1 6 1 1 12 
1 0 0 1 0 1 0 0 3 0 0 0 1 0 0 0 0 1 0 0 0 0 0 0 0 0 1 3 0 0 1 0 0 0 0 2 2 0 0 1 0 1 0 0 1 3 0 0 0 0 0 0 0 1 2 0 0 0 0 0 0 0 1 3 0 0 1 0 0 0 0 1 9 2 1 5 4 11 1 2 39 5 1 1 9 2 3 1 2 7 0 2 1 3 3 9 1 1 5 36 1 1 10 3 4 1 3 9 12 3 2 4 4 12 2 2 6 39 2 1 9 3 3 1 2 8 32 2 1 3 2 9 1 2 6 36 2 2 11 3 4 1 3 10 
1 0 0 0 0 1 0 0 5 1 0 0 2 0 2 0 0 2 0 0 0 1 0 1 0 0 1 3 0 0 1 0 0 0 0 1 1 0 0 0 0 1 0 0 1 4 0 0 2 0 2 1 0 2 7 0 0 1 0 1 0 0 1 3 0 0 1 0 0 0 0 1 8 0 0 3 0 10 0 0 35 8 0 1 18 1 10 1 1 18 0 1 0 6 1 15 0 0 7 29 0 0 10 0 3 0 0 8 8 0 0 3 1 10 0 1 9 34 0 0 19 1 10 1 1 16 50 1 0 6 1 15 0 0 6 30 0 0 9 0 3 0 0 8 
1 0 0 1 0 2 0 0 6 2 0 0 2 1 1 0 0 1 0 0 0 1 0 1 0 0 0 2 0 0 0 0 1 0 0 1 1 0 0 1 0 2 0 1 2 8 1 1 2 1 2 1 0 1 2 0 0 0 0 1 0 0 1 2 0 0 0 0 0 0 0 1 6 1 0 7 3 12 1 1 48 10 1 1 14 3 7 1 1 8 0 1 1 3 2 9 1 1 4 26 1 0 8 1 3 0 2 7 7 2 1 5 2 12 2 3 10 53 3 3 16 4 9 1 2 11 25 2 1 3 2 8 1 1 5 25 1 0 9 2 3 1 1 9 
1 0 0 1 0 2 0 0 9 1 0 0 2 0 1 0 0 1 0 0 0 1 0 1 0 0 1 5 0 0 2 0 1 0 0 2 1 0 0 2 0 2 0 0 1 9 0 0 2 0 1 0 0 1 5 0 0 1 0 1 0 0 1 6 0 0 2 0 1 0 0 1 9 0 0 7 1 16 0 0 52 7 0 0 14 1 6 0 0 9 0 0 0 3 0 12 0 0 6 35 0 0 12 0 4 0 0 10 9 0 0 7 1 17 0 0 7 52 0 0 15 1 6 0 0 8 37 0 0 4 0 12 0 0 5 37 0 0 12 0 4 0 0 8 
1 0 0 1 0 2 0 0 5 1 0 0 2 0 1 0 0 2 0 0 0 3 0 3 0 0 1 8 0 0 2 0 1 0 0 1 1 0 0 1 0 1 0 0 1 4 0 0 1 0 1 0 0 1 8 0 0 3 0 3 0 0 1 9 0 0 2 0 1 0 0 1 9 0 0 3 0 12 0 0 31 5 0 0 15 0 5 0 0 12 0 0 0 11 0 20 0 0 7 47 0 0 13 0 5 0 0 8 9 0 0 3 0 11 0 0 5 30 0 0 14 0 5 0 0 10 50 0 0 12 0 20 0 0 7 49 0 0 13 0 5 0 0 8 
0 0 0 1 0 1 0 0 8 0 0 0 2 0 2 0 0 0 0 0 0 1 0 2 0 0 0 6 0 0 1 0 0 0 0 0 0 0 0 1 0 1 0 0 0 8 0 0 2 0 2 0 0 0 10 0 0 1 0 2 0 0 0 6 0 0 1 0 0 0 0 0 0 0 0 4 0 13 0 0 59 0 0 0 25 0 15 0 0 0 0 0 0 8 0 20 0 0 0 44 0 0 12 0 3 0 0 0 0 0 0 4 0 14 0 0 0 59 0 0 25 0 14 0 0 0 78 0 0 8 0 20 0 0 0 45 0 0 12 0 3 0 0 0 
1 0 0 0 0 1 0 0 5 2 0 0 2 0 2 0 0 1 0 0 0 1 0 1 0 1 1 3 1 1 2 1 1 1 1 2 2 1 2 1 2 2 1 1 2 5 2 1 2 1 1 1 1 4 3 0 0 0 0 1 0 0 0 2 0 0 0 0 0 0 0 1 5 1 1 3 2 8 1 2 27 9 2 2 12 3 7 2 2 8 0 3 2 5 3 9 3 3 5 22 4 4 9 4 5 4 4 9 9 5 5 7 6 12 5 6 12 29 5 5 15 5 8 3 3 17 21 2 2 4 3 8 2 2 5 17 2 1 6 2 3 1 2 5 
1 0 0 0 0 1 0 0 3 1 0 0 2 0 2 2 2 5 0 0 0 1 0 1 0 0 1 3 0 0 0 0 0 0 0 2 1 0 0 0 0 1 0 0 1 3 0 0 1 0 1 0 0 2 6 0 0 1 0 1 0 0 1 3 0 0 1 0 0 0 0 1 8 2 1 3 2 8 1 2 27 8 2 2 16 4 10 4 5 24 0 3 2 7 3 13 2 2 7 26 1 1 7 2 2 1 1 8 5 1 0 2 2 8 1 2 7 26 1 1 14 2 7 1 2 16 43 2 1 6 2 14 1 1 5 28 2 1 8 2 3 1 1 5 
0 0 0 0 0 1 0 0 6 0 0 0 2 0 0 0 0 0 0 0 0 1 0 2 0 0 0 7 0 0 2 0 1 0 0 0 0 0 0 0 0 2 0 0 0 7 0 0 2 0 0 0 0 0 10 0 0 1 0 2 0 0 0 7 0 0 2 0 1 0 0 0 0 0 0 4 0 17 0 0 52 0 0 0 20 0 5 0 0 0 0 0 0 6 0 21 0 0 0 57 0 0 18 0 5 0 0 0 0 0 0 4 0 18 0 0 0 53 0 0 20 0 5 0 0 0 77 0 0 6 0 20 0 0 0 57 0 0 18 0 5 0 0 0 
0 0 0 0 0 1 0 0 5 0 0 0 2 0 1 0 0 0 0 0 0 1 0 2 0 0 0 6 0 0 1 0 0 0 0 0 0 0 0 0 0 1 0 0 0 5 0 0 2 0 1 0 0 0 11 0 0 1 0 2 0 0 0 6 0 0 1 0 0 0 0 0 0 0 0 1 0 12 0 0 46 0 0 0 23 0 8 0 0 0 0 0 0 10 0 25 0 0 0 52 0 0 13 0 2 0 0 0 0 0 0 1 0 12 0 0 0 47 0 0 24 0 8 0 0 0 100 0 0 11 0 25 0 0 0 54 0 0 12 0 2 0 0 0 
0 0 0 0 0 0 0 0 0 0 0 0 0 0 0 0 0 0 0 0 0 0 0 0 0 0 0 1 0 0 0 0 0 0 0 0 0 0 0 0 0 0 0 0 0 1 0 0 0 0 0 0 0 0 1 0 0 0 0 0 0 0 0 1 0 0 0 0 0 0 0 0 3 1 0 0 0 9 0 0 60 2 0 0 14 1 0 0 1 7 0 0 0 0 1 14 0 0 3 71 0 0 9 0 0 0 0 3 3 0 0 0 0 9 0 0 1 60 0 0 14 1 0 0 0 6 72 1 0 1 1 15 0 0 2 71 0 0 9 1 0 0 0 2 
0 0 0 0 0 0 0 0 0 0 0 0 0 0 0 0 0 0 0 0 0 0 0 0 0 0 0 0 0 0 0 0 0 0 0 0 0 0 0 0 0 0 0 0 0 0 0 0 0 0 0 0 0 0 1 0 0 0 0 0 0 0 0 0 0 0 0 0 0 0 0 0 0 0 0 0 0 1 0 0 69 0 0 0 29 0 0 0 0 18 0 0 0 0 0 26 0 0 0 60 0 0 1 0 0 0 0 0 0 0 0 0 0 0 0 0 1 70 0 0 29 0 0 0 1 9 92 0 0 0 0 29 0 0 0 58 0 0 0 0 0 0 0 0 
2 0 0 0 0 0 0 0 1 0 0 0 0 0 0 0 0 0 0 0 0 0 0 0 0 0 0 1 0 0 0 0 0 0 0 3 3 0 0 0 0 0 0 0 0 1 0 0 0 0 0 0 0 0 2 0 0 0 0 0 0 0 0 1 0 0 0 0 0 0 0 3 33 1 0 3 3 14 0 0 36 2 0 0 5 0 0 0 0 2 0 0 0 0 0 4 0 0 2 36 0 0 15 1 3 0 1 33 34 1 0 3 2 15 0 0 2 37 0 0 4 0 0 0 0 2 59 0 0 0 0 5 0 0 2 35 0 0 16 2 2 0 1 35 
0 0 0 0 0 2 0 0 5 0 0 0 2 0 0 0 0 0 0 0 0 1 0 2 0 0 0 6 0 0 2 0 0 0 0 0 0 0 0 0 0 2 0 0 0 5 0 0 1 0 0 0 0 0 8 0 0 1 0 2 0 0 0 6 0 0 2 0 1 0 0 0 0 0 0 5 0 21 0 0 49 0 0 0 18 0 5 0 0 0 0 0 0 6 0 19 0 0 0 54 0 0 21 0 7 0 0 0 0 0 0 6 0 22 0 0 0 50 0 0 18 0 5 0 0 0 71 0 0 6 0 18 0 0 0 57 0 0 21 0 8 0 0 0 
1 0 0 0 0 1 0 0 5 1 0 0 2 0 1 0 0 2 0 0 0 1 0 2 0 0 1 4 0 0 1 0 0 0 0 1 1 0 0 0 0 1 0 0 1 4 0 0 2 0 1 0 0 2 8 0 0 1 0 2 0 0 1 5 0 0 1 0 0 0 0 1 7 0 0 2 0 11 0 0 41 6 0 0 20 0 7 0 0 15 0 0 0 6 0 19 0 0 6 40 0 0 11 0 2 0 0 7 8 0 0 2 0 11 0 0 7 40 0 0 19 0 6 0 0 15 63 0 0 6 0 19 0 0 6 40 0 0 11 0 2 0 0 7 
1 0 0 0 0 1 0 0 5 0 0 0 2 0 2 0 0 1 0 0 0 1 0 2 0 0 0 6 0 0 1 0 1 0 0 1 3 0 0 0 0 1 0 1 1 5 0 1 4 2 5 1 0 2 21 0 1 3 1 3 0 0 1 8 1 0 1 0 1 0 0 2 4 0 0 2 0 8 0 0 31 2 0 0 17 0 11 0 0 6 0 0 0 7 0 13 0 0 2 29 0 0 8 0 3 0 0 4 11 0 0 2 0 9 1 1 4 33 1 2 21 3 15 2 1 11 91 1 1 10 3 17 1 1 5 33 1 0 10 0 3 0 0 10 
2 0 0 1 0 2 0 0 7 1 0 0 3 0 3 0 0 2 0 0 0 3 0 3 0 0 1 8 0 0 2 0 1 0 0 2 2 0 0 1 0 2 0 0 1 6 0 0 2 0 2 0 0 1 9 0 0 2 0 2 0 0 1 7 0 0 2 0 1 0 0 2 13 0 0 4 0 12 0 0 34 6 0 0 17 1 8 0 0 11 0 0 0 10 1 18 0 0 7 39 0 0 12 0 4 0 0 12 9 0 0 4 0 12 0 0 7 33 0 0 16 0 7 0 0 9 54 0 0 9 0 17 0 0 6 39 0 0 11 0 4 0 0 9 
0 0 0 0 0 0 0 0 0 0 0 0 0 0 0 0 0 0 0 0 0 0 0 0 0 0 0 0 0 0 0 0 0 0 0 0 0 0 0 0 0 0 0 0 0 0 0 0 0 0 0 0 0 0 2 0 0 0 0 0 0 0 0 0 0 0 0 0 0 0 0 0 25 2 0 0 2 22 0 0 35 0 0 0 0 0 0 0 0 0 0 0 0 0 0 0 0 0 0 38 0 0 24 2 0 0 0 25 37 2 0 0 1 25 0 0 0 37 0 0 0 0 0 0 0 0 104 0 0 0 0 0 0 0 1 35 0 0 21 1 0 0 4 36 
3 0 0 1 0 2 0 0 6 1 0 0 3 1 3 1 0 2 0 0 0 2 0 2 0 0 1 4 0 0 2 0 1 0 0 3 2 0 0 0 0 1 0 0 1 4 0 0 2 0 1 0 0 1 9 0 0 1 0 2 0 0 1 5 0 0 1 0 0 0 0 1 16 0 0 4 1 12 0 0 30 9 1 2 18 3 10 2 2 14 0 2 2 8 2 16 1 1 9 27 1 0 11 0 4 0 0 16 7 0 0 3 0 10 0 0 9 27 0 0 16 0 8 0 0 10 53 0 0 6 0 14 0 0 5 30 0 0 10 0 3 0 0 7 
5 0 0 1 0 2 0 1 6 2 1 1 3 1 3 2 1 3 0 1 2 2 1 3 1 1 2 4 1 0 2 0 1 0 0 5 2 0 0 0 0 1 0 0 1 3 0 0 1 0 0 0 0 2 5 0 0 0 0 2 0 0 1 5 0 0 2 0 1 0 0 1 22 2 2 5 2 11 2 3 22 9 4 3 12 4 7 4 4 12 0 4 4 7 4 12 4 3 9 21 3 3 12 3 5 1 2 23 8 2 1 4 2 10 1 1 8 20 1 1 10 1 4 0 1 8 27 1 1 4 1 10 1 1 6 25 1 1 10 2 4 1 1 7 
2 1 0 2 0 1 0 0 5 1 0 0 1 0 1 0 0 1 0 0 0 1 0 1 0 1 3 8 1 1 3 1 3 0 0 3 2 0 0 1 0 1 0 0 1 4 0 0 1 0 1 0 0 1 3 0 0 1 0 1 0 1 3 7 0 1 3 1 3 1 0 2 10 3 2 5 2 10 1 1 25 5 1 1 8 1 3 1 1 8 0 1 1 4 2 9 2 2 10 38 3 3 15 4 10 2 3 11 13 2 1 4 2 9 1 1 5 25 1 1 9 2 3 1 1 7 22 1 1 5 2 10 1 2 10 39 2 2 15 3 10 2 2 12 
2 0 0 1 0 2 0 0 6 1 0 0 2 0 1 0 0 1 0 0 0 1 0 2 0 0 1 8 0 0 2 0 2 0 0 1 1 0 0 1 0 2 0 0 1 7 0 0 2 0 1 0 0 1 5 0 0 2 0 2 0 0 1 9 0 0 2 0 2 0 0 1 10 0 0 4 0 13 0 0 36 6 0 0 13 0 5 0 0 10 0 0 0 6 0 15 0 0 8 43 0 0 15 0 6 0 0 10 10 0 0 5 0 13 0 0 7 37 0 0 14 0 5 0 0 9 38 0 0 7 0 16 0 0 8 46 0 0 15 0 7 0 0 10 
1 0 0 0 0 0 0 0 2 0 0 0 0 0 0 0 0 1 0 0 0 0 0 0 0 0 0 2 0 0 0 0 0 0 0 1 1 0 0 0 0 0 0 0 0 2 0 0 0 0 0 0 0 0 2 0 0 0 0 0 0 0 0 2 0 0 0 0 0 0 0 0 6 1 0 1 1 9 0 0 50 3 0 0 15 2 2 0 1 11 0 1 0 2 2 14 0 0 4 53 0 0 9 2 1 0 1 5 6 1 0 1 1 9 0 0 4 51 0 0 14 2 2 0 1 11 49 1 0 2 2 15 0 1 5 51 1 0 10 2 1 0 1 6 
1 0 0 1 0 2 0 0 10 1 0 0 3 0 3 0 0 1 0 0 0 1 0 2 0 0 1 5 0 0 1 0 1 0 0 2 2 0 0 1 0 2 0 0 1 10 0 0 3 0 3 0 0 1 10 0 0 1 0 2 0 0 1 6 0 0 2 0 1 0 0 2 7 0 0 5 0 13 0 0 48 6 0 0 19 0 11 0 0 9 0 0 0 6 0 14 0 0 5 31 0 0 11 0 3 0 0 8 9 0 0 5 0 13 0 0 7 47 0 0 19 1 11 0 0 9 51 0 0 6 0 15 0 0 6 33 0 0 11 0 3 0 0 9 
1 0 0 0 0 1 0 0 5 0 0 0 2 0 1 0 0 2 0 0 0 1 0 1 0 0 1 4 0 0 1 0 0 0 0 1 3 0 0 1 0 1 0 0 1 4 0 1 3 1 3 3 2 3 10 1 1 2 0 2 0 0 1 4 0 0 1 0 0 0 0 2 5 0 0 3 1 8 0 1 29 4 0 0 14 1 7 0 1 14 0 0 0 6 1 12 0 0 4 27 1 0 8 1 3 0 0 5 13 1 0 3 2 9 1 1 5 30 2 2 17 4 11 5 5 19 51 4 3 8 3 14 2 2 9 25 1 1 10 1 3 0 1 13 
2 0 0 0 0 0 0 0 1 1 0 0 1 0 3 0 0 5 0 2 1 1 0 0 0 0 2 1 0 1 1 0 0 0 0 3 0 0 0 0 0 0 0 0 1 3 0 0 2 0 1 0 0 3 7 0 0 1 0 1 0 0 0 4 0 0 1 0 0 0 0 0 10 1 0 0 0 7 4 1 11 7 1 2 11 4 13 4 6 39 0 6 5 10 5 7 3 1 8 12 1 2 7 1 1 1 0 11 2 1 0 2 2 7 0 1 8 27 0 3 14 1 9 0 1 18 67 0 0 8 1 17 1 2 3 33 2 1 7 0 4 1 1 2 
0 0 0 0 0 2 0 0 7 0 0 0 2 0 1 0 0 0 0 0 0 0 0 2 0 0 0 6 0 0 2 0 0 0 0 0 0 0 0 1 0 2 0 0 0 7 0 0 2 0 1 0 0 0 9 0 0 1 0 2 0 0 0 6 0 0 2 0 0 0 0 0 0 0 0 5 0 19 0 0 56 0 0 0 21 0 6 0 0 0 0 0 0 6 0 20 0 0 0 51 0 0 18 0 5 0 0 0 0 0 0 5 0 19 0 0 0 57 0 0 21 0 6 0 0 0 73 0 0 6 0 20 0 0 0 52 0 0 18 0 5 0 0 0 
2 0 0 1 0 2 0 0 4 1 0 0 1 0 1 0 0 1 0 0 0 1 0 1 0 0 1 4 0 0 2 0 1 0 0 2 2 0 0 1 0 2 0 0 1 4 0 0 2 0 1 0 0 1 8 0 0 1 0 2 0 0 1 5 0 0 2 0 1 0 0 2 13 0 0 4 0 15 0 0 34 7 0 0 14 0 5 0 0 11 0 0 0 5 0 14 0 0 8 35 0 0 16 0 5 0 0 13 14 0 0 4 0 15 0 0 7 34 0 0 14 0 4 0 0 11 54 0 0 5 0 14 0 0 8 37 0 0 16 0 5 0 0 13 
1 0 0 0 0 1 0 0 4 1 0 0 1 0 1 0 0 2 0 0 0 1 0 2 0 0 1 5 0 0 1 0 0 0 0 1 1 0 0 0 0 1 0 0 1 3 0 0 1 0 1 0 0 2 8 0 0 1 0 2 0 0 1 5 0 0 1 0 1 0 0 1 8 0 0 2 0 10 0 0 31 6 0 0 17 0 6 0 0 20 0 0 0 10 0 20 0 0 8 39 0 0 11 0 3 0 0 8 8 0 0 2 0 9 0 0 7 30 0 0 18 0 7 0 0 19 62 0 0 10 0 20 0 0 7 40 0 0 11 0 3 0 0 8 
1 0 0 1 0 1 0 0 5 1 0 0 2 0 1 0 0 2 0 0 0 2 0 2 0 0 1 7 0 0 2 0 1 0 0 1 2 0 0 1 0 2 0 0 1 6 0 0 2 0 2 0 0 2 5 0 0 1 0 2 0 0 1 6 0 0 2 0 1 0 0 1 8 0 0 4 1 11 0 0 34 7 0 0 14 1 6 0 1 11 0 0 0 7 1 15 1 1 7 39 1 1 12 1 5 1 1 9 9 1 0 5 1 12 1 1 9 36 1 1 15 1 6 1 0 14 33 1 0 6 1 15 0 0 8 37 0 0 12 1 4 0 0 8 
0 0 0 0 0 2 0 0 5 0 0 0 1 0 0 0 0 0 0 0 0 1 0 1 0 0 0 5 0 0 2 0 0 0 0 0 0 0 0 0 0 2 0 0 0 4 0 0 1 0 1 0 0 0 9 0 0 1 0 1 0 0 0 6 0 0 2 0 1 0 0 0 0 0 0 5 0 20 0 0 47 0 0 0 17 0 5 0 0 0 0 0 0 7 0 19 0 0 0 55 0 0 21 0 7 0 0 0 0 0 0 5 0 20 0 0 0 46 0 0 17 0 5 0 0 0 84 0 0 7 0 18 0 0 0 56 0 0 21 0 8 0 0 0 
1 0 0 0 0 1 0 0 4 1 0 0 1 0 1 0 0 2 0 0 0 1 0 1 0 0 1 3 0 0 1 0 0 0 0 1 1 0 0 0 0 1 0 0 1 3 0 0 1 0 0 0 0 2 4 0 0 0 0 1 0 0 1 3 0 0 1 0 0 0 0 1 9 2 1 3 2 10 1 2 34 7 2 2 13 2 5 1 2 13 0 2 1 4 2 12 1 2 7 33 1 1 10 2 3 1 2 9 8 1 1 3 2 10 1 1 7 34 1 1 13 2 4 1 2 11 37 2 1 4 2 12 1 1 6 35 2 1 10 2 3 1 2 8 
0 0 0 0 0 1 0 0 8 0 0 0 2 0 2 0 0 0 0 0 0 2 0 2 0 0 0 9 0 0 1 0 1 0 0 0 0 0 0 1 0 1 0 0 0 8 0 0 2 0 1 0 0 0 8 0 0 2 0 2 0 0 0 9 0 0 1 0 1 0 0 0 0 0 0 4 0 15 0 0 51 0 0 0 20 0 9 0 0 0 0 0 0 11 0 21 0 0 0 59 0 0 15 0 6 0 0 0 0 0 0 4 0 15 0 0 0 52 0 0 19 0 9 0 0 0 64 0 0 12 0 22 0 0 0 59 0 0 15 0 6 0 0 0 
2 0 0 1 0 1 0 0 6 1 0 0 2 0 2 0 0 1 0 0 0 1 0 2 0 0 1 6 0 0 2 0 1 0 0 2 2 0 0 1 0 2 0 0 1 7 0 0 3 0 4 0 0 1 16 0 0 2 0 2 0 0 1 6 0 0 2 0 1 0 0 2 8 0 0 4 0 11 0 0 36 5 0 0 16 0 8 0 0 8 0 0 0 6 0 14 0 0 5 32 0 0 11 0 4 0 0 8 15 0 0 4 0 13 0 0 6 36 0 1 18 1 10 0 0 10 67 0 0 8 1 15 0 0 7 33 0 0 12 0 4 0 0 14 
2 0 0 0 0 1 0 0 4 1 0 0 2 0 2 1 1 3 0 1 1 3 1 3 1 0 1 6 0 0 1 0 1 0 0 3 1 0 0 0 0 1 0 0 1 3 0 0 1 0 1 0 0 2 7 0 0 2 0 2 0 0 1 6 0 0 1 0 1 0 0 1 13 0 0 3 0 9 0 0 24 8 1 1 15 2 8 2 3 19 0 3 3 14 4 20 2 2 10 31 1 1 10 1 4 0 0 13 5 0 0 3 1 8 0 0 8 23 0 0 14 0 6 0 0 13 48 0 0 10 1 17 0 0 5 35 0 0 9 0 3 0 0 5 
3 0 0 1 0 2 0 0 4 1 0 0 1 0 1 0 0 2 0 0 0 0 0 1 0 0 1 4 0 0 2 0 1 0 0 2 2 0 0 0 0 2 0 0 1 4 0 0 1 0 0 0 0 2 4 0 0 0 0 1 0 0 1 4 0 0 2 0 1 0 0 3 16 1 1 5 1 14 1 1 29 9 1 1 11 1 4 1 1 11 0 1 0 3 1 10 1 1 9 29 1 1 14 1 6 1 1 17 15 1 1 5 2 14 1 1 8 30 1 0 11 1 3 0 1 10 30 1 0 3 1 10 0 1 9 31 1 1 15 2 6 1 1 16 
0 0 0 1 0 2 0 0 6 0 0 0 1 0 0 0 0 0 0 0 0 1 0 1 0 0 0 5 0 0 2 0 0 0 0 0 0 0 0 1 0 2 0 0 0 6 0 0 1 0 0 0 0 0 9 0 0 0 0 1 0 0 0 5 0 0 2 0 0 0 0 0 0 0 0 8 0 21 0 0 52 0 0 0 17 0 5 0 0 0 0 0 0 5 0 18 0 0 0 49 0 0 20 0 5 0 0 0 0 0 0 8 0 22 0 0 0 54 0 0 18 0 5 0 0 0 82 0 0 5 0 18 0 0 0 50 0 0 21 0 5 0 0 0 
