1 0.00210977 0.00105528 0.00210977 0.0261962 0.0161509 0.00105528 0.00877288 0.00210977 0.0158096 0.00880582 0.00210977 0.00105528 0.0261962 0.00105528 0.0165449 0.0142064 0.0261962 0.0261962 0.00880219 0.0161509 0.00645149 0.00210977 0.00867441 0.0261962 0.00870724 0.0261962 0.00210977 0.00210977 0.00210977 0.00210977 0.00210977 0.00105528 0.00210977 0.00210977 0.00870724 0.00210977 0.00105528 0.0165449 0.00772831 0.0261962 0.0261962 0.00429821 0.0261962 0.00210977 0.00870724 0.00880582 0.0161175 0.0261962 0.00657814 0.00105528 
1 0 0 0 0.0355711 0.0373856 0 0 0 0.0398579 0 0 0 0.0355711 0 0.047564 0.0528587 0.0355711 0.0355711 0 0.0373856 0 0 0 0.0355711 0 0.0355711 0 0 0 0 0 0 0 0 0 0 0 0.047564 0 0.0355711 0.0355711 0 0.0355711 0 0 0 0.0446261 0.0355711 0 0 
1 0 0 0 0.0261251 0.024985 0 0.00371341 0 0.0227749 0.00371341 0 0 0.0261251 0 0.0231141 0.022901 0.0261251 0.0261251 0.00366319 0.024985 0 0 0 0.0261251 0.00366319 0.0261251 0 0 0 0 0 0 0 0 0.00366319 0 0 0.0231141 0.00371341 0.0261251 0.0261251 0 0.0261251 0 0.00366319 0.00371341 0.0229357 0.0261251 0.00187048 0 
1 0 0 0 0.0345927 0.0359933 0 0 0 0.0381644 0 0 0 0.0345927 0 0.0456023 0.0504092 0.0345927 0.0345927 0 0.0359933 0 0 0 0.0345927 0 0.0345927 0 0 0 0 0 0 0 0 0 0 0 0.0456023 0 0.0345927 0.0345927 0 0.0345927 0 0 0 0.0425913 0.0345927 0 0 
1 0.0150161 0.0311297 0.0150161 0.0131379 0.0129102 0.0311297 0.00218469 0.0150161 0.0127258 0.00218469 0.0150161 0.0311297 0.0131379 0.0311297 0.0125765 0.0105569 0.0131379 0.0131379 0.00218469 0.0129102 0.00218469 0.0150161 0.00218469 0.0131379 0.00218469 0.0131379 0.0150161 0.0150161 0.0150161 0.0150161 0.0150161 0.0311297 0.0150161 0.0150161 0.00218469 0.0150161 0.0311297 0.0125765 0.00218469 0.0131379 0.0131379 0.00218469 0.0131379 0.0150161 0.00218469 0.00218469 0.0125987 0.0131379 0.00212524 0.0311297 
1 0.00331658 0.00579937 0.00331658 0.0247869 0.0241804 0.00579937 0.0026945 0.00331658 0.0239366 0.00397896 0.00331658 0.00579937 0.0247869 0.00579937 0.0243936 0.0216136 0.0247869 0.0247869 0.00394792 0.0241804 0.0026571 0.00331658 0.0026945 0.0247869 0.0026945 0.0247869 0.00331658 0.00331658 0.00331658 0.00331658 0.004599 0.00579937 0.00331658 0.00331658 0.0026945 0.00331658 0.00579937 0.0243936 0.00397896 0.0247869 0.0247869 0.0025848 0.0247869 0.00331658 0.0026945 0.00397896 0.024203 0.0247869 0.00394253 0.00579937 
1 0.0122106 0.0172086 0.0122106 0.0141066 0.00839532 0.0172086 0.0126466 0.0122106 0.00482897 0.0126443 0.0122106 0.0172086 0.0141066 0.0172086 0.00467146 0.00452153 0.0141066 0.0141066 0.0125905 0.00839532 0.0105328 0.0122106 0.0124885 0.0141066 0.0125905 0.0141066 0.0122106 0.0122106 0.0122106 0.0122106 0.0123083 0.0172086 0.0122106 0.0122106 0.0125905 0.0122106 0.0172086 0.00467146 0.0126443 0.0141066 0.0141066 0.0104851 0.0141066 0.0122106 0.0125905 0.0126443 0.00474274 0.0141066 0.0125955 0.0172086 
1 0 0 0 0.0325745 0.0317795 0 0 0 0.0318188 0 0 0 0.0325745 0 0.033022 0.0337057 0.0325745 0.0325745 0 0.0317795 0 0 0 0.0325745 0 0.0325745 0 0 0 0 0 0 0 0 0 0 0 0.033022 0 0.0325745 0.0325745 0 0.0325745 0 0 0 0.0325475 0.0325745 0 0 
1 0 0 0 0.0303186 0.0287294 0 0 0 0.028168 0 0 0 0.0303186 0 0.0278245 0.0277064 0.0303186 0.0303186 0 0.0287294 0 0 0 0.0303186 0 0.0303186 0 0 0 0 0 0 0 0 0 0 0 0.0278245 0 0.0303186 0.0303186 0 0.0303186 0 0 0 0.0277288 0.0303186 0 0 
1 0 0 0 0.0338873 0.035618 0 0 0 0.0376771 0 0 0 0.0338873 0 0.0415784 0.0460405 0.0338873 0.0338873 0 0.035618 0 0 0 0.0338873 0 0.0338873 0 0 0 0 0 0 0 0 0 0 0 0.0415784 0 0.0338873 0.0338873 0 0.0338873 0 0 0 0.0402583 0.0338873 0 0 
2 0 0 0 0.029309 0.0264196 0 0.00192255 0 0.0264894 0.00192255 0 0 0.029309 0 0.0272572 0.0277049 0.029309 0.029309 0.00192255 0.0264196 0 0 0.00186801 0.029309 0.00192255 0.029309 0 0 0 0 0 0 0 0 0.00192255 0 0 0.0272572 0.00197951 0.029309 0.029309 0 0.029309 0 0.00192255 0.00192255 0.0269427 0.029309 0.00197951 0 
2 0 0 0 0.0365246 0.0374903 0 0.000364259 0 0.0394811 0.000364259 0 0 0.0365246 0 0.0460116 0.0494521 0.0365246 0.0365246 0 0.0374903 0 0 0 0.0365246 0 0.0365246 0 0 0 0 0 0 0 0 0 0 0 0.0460116 0.000364259 0.0365246 0.0365246 0 0.0365246 0 0 0.000364259 0.0434184 0.0365246 0.000364259 0 
2 0 0 0 0.0298797 0.0297101 0 0 0 0.0299939 0 0 0 0.0298797 0 0.0302621 0.0308725 0.0298797 0.0298797 0 0.0297101 0 0 0 0.0298797 0 0.0298797 0 0 0 0 0 0 0 0 0 0 0 0.0302621 0 0.0298797 0.0298797 0 0.0298797 0 0 0 0.0302397 0.0298797 0 0 
2 0 0 0 0.0334893 0.0349201 0 0 0 0.0366304 0 0 0 0.0334893 0 0.0398644 0.0433556 0.0334893 0.0334893 0 0.0349201 0 0 0 0.0334893 0 0.0334893 0 0 0 0 0 0 0 0 0 0 0 0.0398644 0 0.0334893 0.0334893 0 0.0334893 0 0 0 0.038678 0.0334893 0 0 
2 0.00483408 0.0108767 0.00483408 0.0261718 0.0267177 0.0108767 0.00204179 0.00483408 0.0275802 0.00204179 0.00483408 0.0108767 0.0261718 0.0108767 0.0278647 0.0275259 0.0261718 0.0261718 0.00102666 0.0267177 0 0.00483408 0 0.0261718 0.00102666 0.0261718 0.00483408 0.00483408 0.00483408 0.00483408 0.00483408 0.0108767 0.00483408 0.00483408 0.00102666 0.00483408 0.0108767 0.0278647 0.00204179 0.0261718 0.0261718 0 0.0261718 0.00483408 0.00102666 0.00204179 0.0274766 0.0261718 0.00207051 0.0108767 
2 0 0 0 0.0325693 0.0319221 0 0.00106048 0 0.0318526 0.00106048 0 0 0.0325693 0 0.0341671 0.0356103 0.0325693 0.0325693 0.00106048 0.0319221 0.00100317 0 0.00103123 0.0325693 0.00103123 0.0325693 0 0 0 0 0 0 0 0 0.00103123 0 0 0.0341671 0.00106048 0.0325693 0.0325693 0.00100317 0.0325693 0 0.00103123 0.00106048 0.0335126 0.0325693 0.00106048 0 
2 0.00322272 0.00725112 0.00322272 0.0289416 0.0293464 0.00725112 0 0.00322272 0.0299812 0 0.00322272 0.00725112 0.0289416 0.00725112 0.0304094 0.0312962 0.0289416 0.0289416 0 0.0293464 0 0.00322272 0 0.0289416 0 0.0289416 0.00322272 0.00322272 0.00322272 0.00322272 0.00322272 0.00725112 0.00322272 0.00322272 0 0.00322272 0.00725112 0.0304094 0.00201442 0.0289416 0.0289416 0 0.0289416 0.00322272 0 0 0.0305863 0.0289416 0.00201442 0.00725112 
2 0 0 0 0.0351148 0.0369028 0 0 0 0.0392312 0 0 0 0.0351148 0 0.045493 0.0506319 0.0351148 0.0351148 0 0.0369028 0 0 0 0.0351148 0 0.0351148 0 0 0 0 0 0 0 0 0 0 0 0.045493 0 0.0351148 0.0351148 0 0.0351148 0 0 0 0.0431685 0.0351148 0 0 
2 0.0040284 0.0090639 0.0040284 0.027408 0.0269956 0.0090639 0 0.0040284 0.0271865 0 0.0040284 0.0090639 0.027408 0.0090639 0.0289295 0.0295693 0.027408 0.027408 0 0.0269956 0 0.0040284 0 0.027408 0 0.027408 0.0040284 0.0040284 0.0040284 0.0040284 0.0040284 0.0090639 0.0040284 0.0040284 0 0.0040284 0.0090639 0.0289295 0 0.027408 0.027408 0 0.027408 0.0040284 0 0 0.0283286 0.027408 0 0.0090639 
2 0 0 0 0.0343594 0.0346185 0 0 0 0.0356068 0 0 0 0.0343594 0 0.0383335 0.0396982 0.0343594 0.0343594 0 0.0346185 0 0 0 0.0343594 0 0.0343594 0 0 0 0 0 0 0 0 0 0 0 0.0383335 0 0.0343594 0.0343594 0 0.0343594 0 0 0 0.0373024 0.0343594 0 0 
3 0.000704541 0.000704541 0.000704541 0.0282682 0.0269782 0.000704541 0.00213979 0.000704541 0.0256822 0.00213979 0.000704541 0.000704541 0.0282682 0.000704541 0.0250672 0.0250996 0.0282682 0.0282682 0.00212235 0.0269782 0.00206818 0.000704541 0.00212235 0.0282682 0.00212235 0.0282682 0.000704541 0.000704541 0.000704541 0.000704541 0.000722264 0.000704541 0.000704541 0.000704541 0.00212235 0.000704541 0.000704541 0.0250672 0.00213979 0.0282682 0.0282682 0.00140024 0.0282682 0.000704541 0.00212235 0.00213979 0.0261967 0.0282682 0.00213979 0.000704541 
3 0 0 0 0.0361176 0.037027 0 0 0 0.0383312 0 0 0 0.0361176 0 0.0429823 0.0460003 0.0361176 0.0361176 0 0.037027 0 0 0 0.0361176 0 0.0361176 0 0 0 0 0 0 0 0 0 0 0 0.0429823 0 0.0361176 0.0361176 0 0.0361176 0 0 0 0.0413439 0.0361176 0 0 
3 0.00679492 0.00274021 0.00679492 0.0228016 0.0182009 0.00274021 0.00551753 0.00679492 0.0179846 0.00548059 0.00679492 0.00274021 0.0228016 0.00274021 0.0164273 0.0148941 0.0228016 0.0228016 0.00689954 0.0182009 0.00689954 0.00679492 0.00693529 0.0228016 0.00686519 0.0228016 0.00679492 0.00679492 0.00679492 0.00679492 0.00679492 0.00274021 0.00679492 0.00679492 0.00686519 0.00679492 0.00274021 0.0164273 0.00548059 0.0228016 0.0228016 0.00689954 0.0228016 0.00679492 0.00686519 0.00548059 0.0177126 0.0228016 0.00273246 0.00274021 
3 0 0 0 0.0326538 0.0336735 0 0 0 0.0346907 0 0 0 0.0326538 0 0.0355552 0.0372046 0.0326538 0.0326538 0 0.0336735 0 0 0 0.0326538 0 0.0326538 0 0 0 0 0 0 0 0 0 0 0 0.0355552 0 0.0326538 0.0326538 0 0.0326538 0 0 0 0.0354989 0.0326538 0 0 
3 0.00429696 0.00966816 0.00429696 0.024229 0.0232451 0.00966816 0.00268437 0.00429696 0.0216503 0.00268437 0.00429696 0.00966816 0.024229 0.00966816 0.0207349 0.0195249 0.024229 0.024229 0.00268437 0.0232451 0.00133441 0.00429696 0.00133441 0.024229 0.00268437 0.024229 0.00429696 0.00429696 0.00429696 0.00429696 0.00429696 0.00966816 0.00429696 0.00429696 0.00268437 0.00429696 0.00966816 0.0207349 0.00268437 0.024229 0.024229 0 0.024229 0.00429696 0.00268437 0.00268437 0.020593 0.024229 0.00268437 0.00966816 
3 0.00080568 0.00181278 0.00080568 0.0311125 0.0312602 0.00181278 0.000511825 0.00080568 0.0321272 0.000511825 0.00080568 0.00181278 0.0311125 0.00181278 0.0330025 0.0340778 0.0311125 0.0311125 0.000511825 0.0312602 0.000511825 0.00080568 0.000511825 0.0311125 0.000511825 0.0311125 0.00080568 0.00080568 0.00080568 0.00080568 0.00080568 0.00181278 0.00080568 0.00080568 0.000511825 0.00080568 0.00181278 0.0330025 0.000511825 0.0311125 0.0311125 0.000511825 0.0311125 0.00080568 0.000511825 0.000511825 0.0329469 0.0311125 0 0.00181278 
3 0.00663616 0.0102983 0.00663616 0.0224513 0.0194297 0.0102983 0.00564403 0.00663616 0.0201443 0.00559709 0.00663616 0.0102983 0.0224513 0.0102983 0.020442 0.0214198 0.0224513 0.0224513 0.00569033 0.0194297 0.00564217 0.00663616 0.00569033 0.0224513 0.00569033 0.0224513 0.00663616 0.00663616 0.00663616 0.00663616 0.00852561 0.0102983 0.00663616 0.00663616 0.00569033 0.00663616 0.0102983 0.020442 0.00559709 0.0224513 0.0224513 0.00564217 0.0224513 0.00663616 0.00569033 0.00559709 0.0205589 0.0224513 0.00555186 0.0102983 
3 0.00878924 0.0197758 0.00878924 0.0212613 0.0218569 0.0197758 0 0.00878924 0.0222777 0 0.00878924 0.0197758 0.0212613 0.0197758 0.0225868 0.0195028 0.0212613 0.0212613 0 0.0218569 0 0.00878924 0 0.0212613 0 0.0212613 0.00878924 0.00878924 0.00878924 0.00878924 0.00878924 0.0197758 0.00878924 0.00878924 0 0.00878924 0.0197758 0.0225868 0 0.0212613 0.0212613 0 0.0212613 0.00878924 0 0 0.0226519 0.0212613 0 0.0197758 
3 0 0 0 0.0278698 0.0269859 0 0.00179124 0 0.0250026 0.00179124 0 0 0.0278698 0 0.0242985 0.021679 0.0278698 0.0278698 0.00179124 0.0269859 0.0008865 0 0.00176728 0.0278698 0.00176728 0.0278698 0 0 0 0 0 0 0 0 0.00176728 0 0 0.0242985 0.00179124 0.0278698 0.0278698 0 0.0278698 0 0.00176728 0.00179124 0.0242316 0.0278698 0.00179124 0 
3 0.000751378 0 0.000751378 0.0325253 0.0332062 0 0 0.000751378 0.0350515 0 0.000751378 0 0.0325253 0 0.0412836 0.0456199 0.0325253 0.0325253 0.000751378 0.0332062 0.000751378 0.000751378 0.000751378 0.0325253 0.000751378 0.0325253 0.000751378 0.000751378 0.000751378 0.000751378 0.000751378 0 0.000751378 0.000751378 0.000751378 0.000751378 0 0.0412836 0 0.0325253 0.0325253 0.000751378 0.0325253 0.000751378 0.000751378 0 0.0389383 0.0325253 0 0 
4 0 0 0 0.031684 0.030368 0 0.00158503 0 0.0301139 0.00158503 0 0 0.031684 0 0.0326712 0.0339605 0.031684 0.031684 0.00160854 0.030368 0.000781939 0 0.00158509 0.031684 0.00156158 0.031684 0 0 0 0 0 0 0 0 0.00156158 0 0 0.0326712 0.00158503 0.031684 0.031684 0.000781939 0.031684 0 0.00156158 0.00158503 0.0316282 0.031684 0.00158503 0 
4 0 0 0 0.0330344 0.0358485 0 0 0 0.0389365 0 0 0 0.0330344 0 0.0488096 0.0565428 0.0330344 0.0330344 0 0.0358485 0 0 0 0.0330344 0 0.0330344 0 0 0 0 0 0 0 0 0 0 0 0.0488096 0 0.0330344 0.0330344 0 0.0330344 0 0 0 0.0448492 0.0330344 0 0 
4 0.0128909 0.0290045 0.0128909 0.017746 0.0177598 0.0290045 0 0.0128909 0.0162858 0 0.0128909 0.0290045 0.017746 0.0290045 0.018159 0.0191458 0.017746 0.017746 0.00202617 0.0177598 0 0.0128909 0.00202617 0.017746 0 0.017746 0.0128909 0.0128909 0.0128909 0.0128909 0.0128909 0.0290045 0.0128909 0.0128909 0 0.0128909 0.0290045 0.018159 0 0.017746 0.017746 0 0.017746 0.0128909 0 0 0.0174851 0.017746 0 0.0290045 
4 0 0 0 0.0335873 0.0358398 0 0 0 0.0383899 0 0 0 0.0335873 0 0.0469987 0.0526131 0.0335873 0.0335873 0 0.0358398 0 0 0 0.0335873 0 0.0335873 0 0 0 0 0 0 0 0 0 0 0 0.0469987 0 0.0335873 0.0335873 0 0.0335873 0 0 0 0.0435887 0.0335873 0 0 
4 0.0080568 0.0181278 0.0080568 0.0209122 0.0207297 0.0181278 0 0.0080568 0.0208767 0 0.0080568 0.0181278 0.0209122 0.0181278 0.0202731 0.020808 0.0209122 0.0209122 0 0.0207297 0 0.0080568 0 0.0209122 0 0.0209122 0.0080568 0.0080568 0.0080568 0.0080568 0.0080568 0.0181278 0.0080568 0.0080568 0 0.0080568 0.0181278 0.0202731 0 0.0209122 0.0209122 0 0.0209122 0.0080568 0 0 0.0198835 0.0209122 0 0.0181278 
4 0 0 0 0.0359894 0.0372235 0 0 0 0.0392922 0 0 0 0.0359894 0 0.0477135 0.0524515 0.0359894 0.0359894 0 0.0372235 0 0 0 0.0359894 0 0.0359894 0 0 0 0 0 0 0 0 0 0 0 0.0477135 0 0.0359894 0.0359894 0 0.0359894 0 0 0 0.0445638 0.0359894 0 0 
4 0.0120852 0.0271917 0.0120852 0.0190656 0.019106 0.0271917 0 0.0120852 0.0197202 0 0.0120852 0.0271917 0.0190656 0.0271917 0.0193085 0.0205908 0.0190656 0.0190656 0.00252228 0.019106 0 0.0120852 0.00252228 0.0190656 0 0.0190656 0.0120852 0.0120852 0.0120852 0.0120852 0.0120852 0.0271917 0.0120852 0.0120852 0 0.0120852 0.0271917 0.0193085 0 0.0190656 0.0190656 0 0.0190656 0.0120852 0 0 0.0184325 0.0190656 0 0.0271917 
4 0.00379144 0.00853073 0.00379144 0.0295239 0.0303847 0.00853073 0 0.00379144 0.0314945 0 0.00379144 0.00853073 0.0295239 0.00853073 0.0333489 0.035054 0.0295239 0.0295239 0 0.0303847 0 0.00379144 0 0.0295239 0 0.0295239 0.00379144 0.00379144 0.00379144 0.00379144 0.00379144 0.00853073 0.00379144 0.00379144 0 0.00379144 0.00853073 0.0333489 0 0.0295239 0.0295239 0 0.0295239 0.00379144 0 0 0.0327537 0.0295239 0 0.00853073 
4 0.0013428 0.0030213 0.0013428 0.0337716 0.0346622 0.0030213 0 0.0013428 0.035288 0 0.0013428 0.0030213 0.0337716 0.0030213 0.0398975 0.0423157 0.0337716 0.0337716 0 0.0346622 0 0.0013428 0 0.0337716 0 0.0337716 0.0013428 0.0013428 0.0013428 0.0013428 0.0013428 0.0030213 0.0013428 0.0013428 0 0.0013428 0.0030213 0.0398975 0 0.0337716 0.0337716 0 0.0337716 0.0013428 0 0 0.0380649 0.0337716 0 0.0030213 
4 0 0 0 0.0341534 0.0370834 0 0 0 0.0403861 0 0 0 0.0341534 0 0.0504828 0.0580639 0.0341534 0.0341534 0 0.0370834 0 0 0 0.0341534 0 0.0341534 0 0 0 0 0 0 0 0 0 0 0 0.0504828 0 0.0341534 0.0341534 0 0.0341534 0 0 0 0.0464426 0.0341534 0 0 
5 0 0 0 0.0316006 0.0297057 0 0.00369848 0 0.029695 0.00369848 0 0 0.0316006 0 0.0288501 0.0298916 0.0316006 0.0316006 0.00375154 0.0297057 0.00187075 0 0.00369848 0.0316006 0.00369848 0.0316006 0 0 0 0 0 0 0 0 0.00369848 0 0 0.0288501 0.00369848 0.0316006 0.0316006 0.00181985 0.0316006 0 0.00369848 0.00369848 0.0285873 0.0316006 0.00187075 0 
5 0 0 0 0.037045 0.037571 0 0 0 0.0392512 0 0 0 0.037045 0 0.0435447 0.0459633 0.037045 0.037045 0 0.037571 0 0 0 0.037045 0 0.037045 0 0 0 0 0 0 0 0 0 0 0 0.0435447 0 0.037045 0.037045 0 0.037045 0 0 0 0.0421587 0.037045 0 0 
5 0.00349124 0.00349124 0.00349124 0.0247397 0.0244135 0.00349124 0.00369359 0.00349124 0.0247704 0.00369359 0.00349124 0.00349124 0.0247397 0.00349124 0.0187473 0.0192395 0.0247397 0.0247397 0.00369359 0.0244135 0.00359028 0.00349124 0.00369359 0.0247397 0.00369359 0.0247397 0.00349124 0.00349124 0.00349124 0.00349124 0.00359028 0.00349124 0.00349124 0.00349124 0.00369359 0.00349124 0.00349124 0.0187473 0.00369359 0.0247397 0.0247397 0.00359028 0.0247397 0.00349124 0.00369359 0.00369359 0.0218052 0.0247397 0.00369359 0.00349124 
5 0 0 0 0.0321548 0.0320521 0 0 0 0.0321563 0 0 0 0.0321548 0 0.0321075 0.0323949 0.0321548 0.0321548 0 0.0320521 0 0 0 0.0321548 0 0.0321548 0 0 0 0 0 0 0 0 0 0 0 0.0321075 0 0.0321548 0.0321548 0 0.0321548 0 0 0 0.0320643 0.0321548 0 0 
5 0 0 0 0.0325516 0.0331717 0 0 0 0.0343672 0 0 0 0.0325516 0 0.0372941 0.039089 0.0325516 0.0325516 0 0.0331717 0 0 0 0.0325516 0 0.0325516 0 0 0 0 0 0 0 0 0 0 0 0.0372941 0 0.0325516 0.0325516 0 0.0325516 0 0 0 0.0361652 0.0325516 0 0 
5 0 0 0 0.0306243 0.0309347 0 0.00168188 0 0.0312827 0.00172892 0 0 0.0306243 0 0.0299636 0.0309123 0.0306243 0.0306243 0.00168188 0.0309347 0 0 0.00168188 0.0306243 0.00168188 0.0306243 0 0 0 0 0 0 0 0 0.00168188 0 0 0.0299636 0.00172892 0.0306243 0.0306243 0 0.0306243 0 0.00168188 0.00172892 0.0300992 0.0306243 0.00172892 0 
5 0 0 0 0.034381 0.0365379 0 0 0 0.038468 0 0 0 0.034381 0 0.042861 0.0463441 0.034381 0.034381 0 0.0365379 0 0 0 0.034381 0 0.034381 0 0 0 0 0 0 0 0 0 0 0 0.042861 0 0.034381 0.034381 0 0.034381 0 0 0 0.0409277 0.034381 0 0 
5 0 0 0 0.0341354 0.0354182 0 0 0 0.0365896 0 0 0 0.0341354 0 0.039931 0.042042 0.0341354 0.0341354 0 0.0354182 0 0 0 0.0341354 0 0.0341354 0 0 0 0 0 0 0 0 0 0 0 0.039931 0 0.0341354 0.0341354 0 0.0341354 0 0 0 0.038843 0.0341354 0 0 
5 0 0 0 0.0267276 0.0187959 0 0.00839637 0 0.0194509 0.00642365 0 0 0.0267276 0 0.0200577 0.0188363 0.0267276 0.0267276 0.00839637 0.0187959 0.00821864 0 0.00839637 0.0267276 0.00839637 0.0267276 0 0 0 0 0 0 0 0 0.00839637 0 0 0.0200577 0.00642365 0.0267276 0.0267276 0.00809957 0.0267276 0 0.00839637 0.00642365 0.0198857 0.0267276 0.00642365 0 
5 0 0 0 0.0317209 0.0332267 0 0 0 0.0348078 0 0 0 0.0317209 0 0.036635 0.0386436 0.0317209 0.0317209 0 0.0332267 0 0 0 0.0317209 0 0.0317209 0 0 0 0 0 0 0 0 0 0 0 0.036635 0 0.0317209 0.0317209 0 0.0317209 0 0 0 0.0360466 0.0317209 0 0 
6 0 0 0 0.0310107 0.032868 0 0 0 0.03476 0 0 0 0.0310107 0 0.0374304 0.0392986 0.0310107 0.0310107 0 0.032868 0 0 0 0.0310107 0 0.0310107 0 0 0 0 0 0 0 0 0 0 0 0.0374304 0 0.0310107 0.0310107 0 0.0310107 0 0 0 0.0365715 0.0310107 0 0 
6 0 0 0 0.0333355 0.0363941 0 0 0 0.0396823 0 0 0 0.0333355 0 0.0497961 0.0579644 0.0333355 0.0333355 0 0.0363941 0 0 0 0.0333355 0 0.0333355 0 0 0 0 0 0 0 0 0 0 0 0.0497961 0 0.0333355 0.0333355 0 0.0333355 0 0 0 0.0458244 0.0333355 0 0 
6 0 0 0 0.0325095 0.0318363 0 0 0 0.0320713 0 0 0 0.0325095 0 0.0331058 0.033975 0.0325095 0.0325095 0 0.0318363 0 0 0 0.0325095 0 0.0325095 0 0 0 0 0 0 0 0 0 0 0 0.0331058 0 0.0325095 0.0325095 0 0.0325095 0 0 0 0.0326374 0.0325095 0 0 
6 0 0 0 0.0339547 0.0366666 0 0 0 0.0394398 0 0 0 0.0339547 0 0.0477752 0.0539103 0.0339547 0.0339547 0 0.0366666 0 0 0 0.0339547 0 0.0339547 0 0 0 0 0 0 0 0 0 0 0 0.0477752 0 0.0339547 0.0339547 0 0.0339547 0 0 0 0.0444831 0.0339547 0 0 
6 0.010071 0.0226598 0.010071 0.021139 0.0226624 0.0226598 0 0.010071 0.0239788 0 0.010071 0.0226598 0.021139 0.0226598 0.0262034 0.0277774 0.021139 0.021139 0 0.0226624 0 0.010071 0 0.021139 0 0.021139 0.010071 0.010071 0.010071 0.010071 0.010071 0.0226598 0.010071 0.010071 0 0.010071 0.0226598 0.0262034 0 0.021139 0.021139 0 0.021139 0.010071 0 0 0.0254783 0.021139 0 0.0226598 
6 0 0 0 0.0344676 0.0363143 0 0 0 0.0385783 0 0 0 0.0344676 0 0.0470647 0.0519029 0.0344676 0.0344676 0 0.0363143 0 0 0 0.0344676 0 0.0344676 0 0 0 0 0 0 0 0 0 0 0 0.0470647 0 0.0344676 0.0344676 0 0.0344676 0 0 0 0.0436202 0.0344676 0 0 
6 0.0128909 0.0290045 0.0128909 0.0174624 0.0178532 0.0290045 0 0.0128909 0.0180425 0 0.0128909 0.0290045 0.0174624 0.0290045 0.0184133 0.0191013 0.0174624 0.0174624 0 0.0178532 0 0.0128909 0 0.0174624 0 0.0174624 0.0128909 0.0128909 0.0128909 0.0128909 0.0128909 0.0290045 0.0128909 0.0128909 0 0.0128909 0.0290045 0.0184133 0 0.0174624 0.0174624 0 0.0174624 0.0128909 0 0 0.0182584 0.0174624 0.00203083 0.0290045 
6 0 0 0 0.0336918 0.0367962 0 0 0 0.0401382 0 0 0 0.0336918 0 0.0496442 0.0571308 0.0336918 0.0336918 0 0.0367962 0 0 0 0.0336918 0 0.0336918 0 0 0 0 0 0 0 0 0 0 0 0.0496442 0 0.0336918 0.0336918 0 0.0336918 0 0 0 0.0459476 0.0336918 0 0 
6 0.0322272 0.0725112 0.0322272 0 0 0.0725112 0 0.0322272 0 0 0.0322272 0.0725112 0 0.0725112 0 0 0 0 0 0 0 0.0322272 0 0 0 0 0.0322272 0.0322272 0.0322272 0.0322272 0.0322272 0.0725112 0.0322272 0.0322272 0 0.0322272 0.0725112 0 0 0 0 0 0 0.0322272 0 0 0 0 0 0.0725112 
6 0 0 0 0.0365997 0.0406374 0 0 0 0.0442817 0 0 0 0.0365997 0 0.0499546 0.0555012 0.0365997 0.0365997 0 0.0406374 0 0 0 0.0365997 0 0.0365997 0 0 0 0 0 0 0 0 0 0 0 0.0499546 0 0.0365997 0.0365997 0 0.0365997 0 0 0 0.0481365 0.0365997 0 0 
7 0 0 0 0.0365659 0.0402372 0 0 0 0.0443472 0 0 0 0.0365659 0 0.0544144 0.062295 0.0365659 0.0365659 0 0.0402372 0 0 0 0.0365659 0 0.0365659 0 0 0 0 0 0 0 0 0 0 0 0.0544144 0 0.0365659 0.0365659 0 0.0365659 0 0 0 0.0507656 0.0365659 0 0 
7 0 0 0 0.0354818 0.0389105 0 0 0 0.0426977 0 0 0 0.0354818 0 0.0524504 0.0601874 0.0354818 0.0354818 0 0.0389105 0 0 0 0.0354818 0 0.0354818 0 0 0 0 0 0 0 0 0 0 0 0.0524504 0 0.0354818 0.0354818 0 0.0354818 0 0 0 0.0488152 0.0354818 0 0 
7 0 0 0 0.0340628 0.0360874 0 0 0 0.0385607 0 0 0 0.0340628 0 0.0467354 0.0524086 0.0340628 0.0340628 0 0.0360874 0 0 0 0.0340628 0 0.0340628 0 0 0 0 0 0 0 0 0 0 0 0.0467354 0 0.0340628 0.0340628 0 0.0340628 0 0 0 0.0435201 0.0340628 0 0 
7 0 0 0 0.0325012 0.0337058 0 0.000200637 0 0.0354748 0.000204405 0 0 0.0325012 0 0.0398377 0.0439299 0.0325012 0.0325012 0.000200637 0.0337058 0.000196972 0 0.000200637 0.0325012 0.000200637 0.0325012 0 0 0 0 0 0 0 0 0.000200637 0 0 0.0398377 0.000204405 0.0325012 0.0325012 0 0.0325012 0 0.000200637 0.000204405 0.0381125 0.0325012 0.000204405 0 
7 0 0 0 0.0345174 0.0353549 0 0 0 0.0369517 0 0 0 0.0345174 0 0.0430402 0.0466379 0.0345174 0.0345174 0 0.0353549 0 0 0 0.0345174 0 0.0345174 0 0 0 0 0 0 0 0 0 0 0 0.0430402 0 0.0345174 0.0345174 0 0.0345174 0 0 0 0.040525 0.0345174 0 0 
7 0.000815414 0.000815414 0.000815414 0.0322551 0.0334677 0.000815414 0.000822458 0.000815414 0.035139 0.000815414 0.000815414 0.000815414 0.0322551 0.000815414 0.0395805 0.043195 0.0322551 0.0322551 0.00082867 0.0334677 0.00082867 0.000815414 0.00082867 0.0322551 0.000822458 0.0322551 0.000815414 0.000815414 0.000815414 0.000815414 0.000815414 0.000815414 0.000815414 0.000815414 0.000822458 0.000815414 0.000815414 0.0395805 0.000815414 0.0322551 0.0322551 0.000822458 0.0322551 0.000815414 0.000822458 0.000815414 0.0378733 0.0322551 0.000803306 0.000815414 
7 0 0 0 0.0343096 0.0372404 0 0 0 0.0400583 0 0 0 0.0343096 0 0.0442249 0.0487666 0.0343096 0.0343096 0 0.0372404 0 0 0 0.0343096 0 0.0343096 0 0 0 0 0 0 0 0 0 0 0 0.0442249 0 0.0343096 0.0343096 0 0.0343096 0 0 0 0.0430421 0.0343096 0 0 
7 0 0 0 0.0352589 0.0373587 0 0 0 0.03972 0 0 0 0.0352589 0 0.0461168 0.0514172 0.0352589 0.0352589 0 0.0373587 0 0 0 0.0352589 0 0.0352589 0 0 0 0 0 0 0 0 0 0 0 0.0461168 0 0.0352589 0.0352589 0 0.0352589 0 0 0 0.0436842 0.0352589 0 0 
7 0 0 0 0.0301202 0.026993 0 0.00471888 0 0.0266327 0.00484836 0 0 0.0301202 0 0.027612 0.0271974 0.0301202 0.0301202 0.00242089 0.026993 0.00223592 0 0.00235676 0.0301202 0.00248767 0.0301202 0 0 0 0 0 0 0 0 0.00248767 0 0 0.027612 0.00484836 0.0301202 0.0301202 0 0.0301202 0 0.00248767 0.00484836 0.0269541 0.0301202 0.00725071 0 
7 0 0 0 0.0356775 0.0368156 0 0 0 0.0386702 0 0 0 0.0356775 0 0.0491275 0.054195 0.0356775 0.0356775 0 0.0368156 0 0 0 0.0356775 0 0.0356775 0 0 0 0 0 0 0 0 0 0 0 0.0491275 0 0.0356775 0.0356775 0 0.0356775 0 0 0 0.0444833 0.0356775 0 0 
8 0 0 0 0.0336138 0.0373297 0 0 0 0.0411662 0 0 0 0.0336138 0 0.0509147 0.0602011 0.0336138 0.0336138 0 0.0373297 0 0 0 0.0336138 0 0.0336138 0 0 0 0 0 0 0 0 0 0 0 0.0509147 0 0.0336138 0.0336138 0 0.0336138 0 0 0 0.0472935 0.0336138 0 0 
8 0 0 0 0.0332793 0.0361577 0 0 0 0.0393738 0 0 0 0.0332793 0 0.0498998 0.0586985 0.0332793 0.0332793 0 0.0361577 0 0 0 0.0332793 0 0.0332793 0 0 0 0 0 0 0 0 0 0 0 0.0498998 0 0.0332793 0.0332793 0 0.0332793 0 0 0 0.0455784 0.0332793 0 0 
8 0 0 0 0.0340017 0.0362128 0 0 0 0.038892 0 0 0 0.0340017 0 0.0445682 0.0500957 0.0340017 0.0340017 0 0.0362128 0 0 0 0.0340017 0 0.0340017 0 0 0 0 0 0 0 0 0 0 0 0.0445682 0 0.0340017 0.0340017 0 0.0340017 0 0 0 0.0426751 0.0340017 0 0 
8 0 0 0 0.0336524 0.0368129 0 0 0 0.0402956 0 0 0 0.0336524 0 0.0491391 0.0573602 0.0336524 0.0336524 0 0.0368129 0 0 0 0.0336524 0 0.0336524 0 0 0 0 0 0 0 0 0 0 0 0.0491391 0 0.0336524 0.0336524 0 0.0336524 0 0 0 0.0459067 0.0336524 0 0 
8 0.000481003 0.00108226 0.000481003 0.0337786 0.035784 0.00108226 0 0.000481003 0.0381753 0 0.000481003 0.00108226 0.0337786 0.00108226 0.0449052 0.0505794 0.0337786 0.0337786 0 0.035784 0 0.000481003 0 0.0337786 0 0.0337786 0.000481003 0.000481003 0.000481003 0.000481003 0.000481003 0.00108226 0.000481003 0.000481003 0 0.000481003 0.00108226 0.0449052 0 0.0337786 0.0337786 0 0.0337786 0.000481003 0 0 0.0423407 0.0337786 0 0.00108226 
8 0 0 0 0.0339851 0.0368452 0 0 0 0.0401106 0 0 0 0.0339851 0 0.0504611 0.058856 0.0339851 0.0339851 0 0.0368452 0 0 0 0.0339851 0 0.0339851 0 0 0 0 0 0 0 0 0 0 0 0.0504611 0 0.0339851 0.0339851 0 0.0339851 0 0 0 0.0463039 0.0339851 0 0 
8 0 0 0 0.0353946 0.0381626 0 0 0 0.0412278 0 0 0 0.0353946 0 0.0481292 0.0554344 0.0353946 0.0353946 0 0.0381626 0 0 0 0.0353946 0 0.0353946 0 0 0 0 0 0 0 0 0 0 0 0.0481292 0 0.0353946 0.0353946 0 0.0353946 0 0 0 0.0456197 0.0353946 0 0 
8 0 0 0 0.0337775 0.0368096 0 0 0 0.0400735 0 0 0 0.0337775 0 0.048765 0.0572362 0.0337775 0.0337775 0 0.0368096 0 0 0 0.0337775 0 0.0337775 0 0 0 0 0 0 0 0 0 0 0 0.048765 0 0.0337775 0.0337775 0 0.0337775 0 0 0 0.0454544 0.0337775 0 0 
8 0 0 0 0.0347671 0.0377708 0 0 0 0.0413191 0 0 0 0.0347671 0 0.0492129 0.0573374 0.0347671 0.0347671 0 0.0377708 0 0 0 0.0347671 0 0.0347671 0 0 0 0 0 0 0 0 0 0 0 0.0492129 0 0.0347671 0.0347671 0 0.0347671 0 0 0 0.0463972 0.0347671 0 0 
8 0 0 0 0.0335283 0.0369007 0 0 0 0.0404935 0 0 0 0.0335283 0 0.0506474 0.0595401 0.0335283 0.0335283 0 0.0369007 0 0 0 0.0335283 0 0.0335283 0 0 0 0 0 0 0 0 0 0 0 0.0506474 0 0.0335283 0.0335283 0 0.0335283 0 0 0 0.0467689 0.0335283 0 0 
9 0.0193363 0.0435067 0.0193363 0.0125165 0.0135801 0.0435067 0 0.0193363 0.0143906 0 0.0193363 0.0435067 0.0125165 0.0435067 0.015276 0.0161487 0.0125165 0.0125165 0 0.0135801 0 0.0193363 0 0.0125165 0 0.0125165 0.0193363 0.0193363 0.0193363 0.0193363 0.0193363 0.0435067 0.0193363 0.0193363 0 0.0193363 0.0435067 0.015276 0 0.0125165 0.0125165 0 0.0125165 0.0193363 0 0 0.0150277 0.0125165 0 0.0435067 
9 0.0128909 0.0290045 0.0128909 0.0193852 0.0211983 0.0290045 0 0.0128909 0.0225282 0 0.0128909 0.0290045 0.0193852 0.0290045 0.0236303 0.0247029 0.0193852 0.0193852 0 0.0211983 0 0.0128909 0 0.0193852 0 0.0193852 0.0128909 0.0128909 0.0128909 0.0128909 0.0128909 0.0290045 0.0128909 0.0128909 0 0.0128909 0.0290045 0.0236303 0 0.0193852 0.0193852 0 0.0193852 0.0128909 0 0 0.0235172 0.0193852 0 0.0290045 
9 0.0322272 0.0725112 0.0322272 0 0 0.0725112 0 0.0322272 0 0 0.0322272 0.0725112 0 0.0725112 0 0 0 0 0 0 0 0.0322272 0 0 0 0 0.0322272 0.0322272 0.0322272 0.0322272 0.0322272 0.0725112 0.0322272 0.0322272 0 0.0322272 0.0725112 0 0 0 0 0 0 0.0322272 0 0 0 0 0 0.0725112 
9 0.0120852 0.0271917 0.0120852 0.0211128 0.0218503 0.0271917 0 0.0120852 0.0230683 0 0.0120852 0.0271917 0.0211128 0.0271917 0.0275355 0.029271 0.0211128 0.0211128 0 0.0218503 0 0.0120852 0 0.0211128 0 0.0211128 0.0120852 0.0120852 0.0120852 0.0120852 0.0120852 0.0271917 0.0120852 0.0120852 0 0.0120852 0.0271917 0.0275355 0 0.0211128 0.0211128 0 0.0211128 0.0120852 0 0 0.0255941 0.0211128 0 0.0271917 
9 0.0281988 0.0634473 0.0281988 0.00337272 0.00348901 0.0634473 0 0.0281988 0.00361142 0 0.0281988 0.0634473 0.00337272 0.0634473 0.00433207 0.004682 0.00337272 0.00337272 0 0.00348901 0 0.0281988 0 0.00337272 0 0.00337272 0.0281988 0.0281988 0.0281988 0.0281988 0.0281988 0.0634473 0.0281988 0.0281988 0 0.0281988 0.0634473 0.00433207 0 0.00337272 0.00337272 0 0.00337272 0.0281988 0 0 0.00401995 0.00337272 0 0.0634473 
9 0.00140118 0.00315266 0.00140118 0.0321437 0.0344699 0.00315266 0 0.00140118 0.0369411 0 0.00140118 0.00315266 0.0321437 0.00315266 0.0451338 0.0507913 0.0321437 0.0321437 0 0.0344699 0 0.00140118 0 0.0321437 0 0.0321437 0.00140118 0.00140118 0.00140118 0.00140118 0.00140118 0.00315266 0.00140118 0.00140118 0 0.00140118 0.00315266 0.0451338 0 0.0321437 0.0321437 0 0.0321437 0.00140118 0 0 0.0419682 0.0321437 0 0.00315266 
9 0.0080568 0.0181278 0.0080568 0.0246782 0.0268889 0.0181278 0 0.0080568 0.0282038 0 0.0080568 0.0181278 0.0246782 0.0181278 0.0299701 0.0312189 0.0246782 0.0246782 0 0.0268889 0 0.0080568 0 0.0246782 0 0.0246782 0.0080568 0.0080568 0.0080568 0.0080568 0.0080568 0.0181278 0.0080568 0.0080568 0 0.0080568 0.0181278 0.0299701 0 0.0246782 0.0246782 0 0.0246782 0.0080568 0 0 0.0293432 0.0246782 0 0.0181278 
9 0.020142 0.0453195 0.020142 0.0122656 0.0137114 0.0453195 0 0.020142 0.0151438 0 0.020142 0.0453195 0.0122656 0.0453195 0.018411 0.02089 0.0122656 0.0122656 0 0.0137114 0 0.020142 0 0.0122656 0 0.0122656 0.020142 0.020142 0.020142 0.020142 0.020142 0.0453195 0.020142 0.020142 0 0.020142 0.0453195 0.018411 0 0.0122656 0.0122656 0 0.0122656 0.020142 0 0 0.0172573 0.0122656 0 0.0453195 
9 0.0184155 0.041435 0.0184155 0.0132773 0.0140556 0.041435 0 0.0184155 0.0146268 0 0.0184155 0.041435 0.0132773 0.041435 0.0151552 0.0156638 0.0132773 0.0132773 0 0.0140556 0 0.0184155 0 0.0132773 0 0.0132773 0.0184155 0.0184155 0.0184155 0.0184155 0.0184155 0.041435 0.0184155 0.0184155 0 0.0184155 0.041435 0.0151552 0 0.0132773 0.0132773 0 0.0132773 0.0184155 0 0 0.0149391 0.0132773 0 0.041435 
9 0.0120852 0.0271917 0.0120852 0.0185628 0.0198784 0.0271917 0 0.0120852 0.0207796 0 0.0120852 0.0271917 0.0185628 0.0271917 0.0216337 0.0224865 0.0185628 0.0185628 0 0.0198784 0 0.0120852 0 0.0185628 0 0.0185628 0.0120852 0.0120852 0.0120852 0.0120852 0.0120852 0.0271917 0.0120852 0.0120852 0 0.0120852 0.0271917 0.0216337 0 0.0185628 0.0185628 0 0.0185628 0.0120852 0 0 0.0214124 0.0185628 0 0.0271917 
10 0 0 0 0.0357183 0.0384826 0 0 0 0.0420323 0 0 0 0.0357183 0 0.0512466 0.0587433 0.0357183 0.0357183 0 0.0384826 0 0 0 0.0357183 0 0.0357183 0 0 0 0 0 0 0 0 0 0 0 0.0512466 0 0.0357183 0.0357183 0 0.0357183 0 0 0 0.0478393 0.0357183 0 0 
10 0 0 0 0.0366993 0.0387869 0 0 0 0.0417919 0 0 0 0.0366993 0 0.0523546 0.0594674 0.0366993 0.0366993 0 0.0387869 0 0 0 0.0366993 0 0.0366993 0 0 0 0 0 0 0 0 0 0 0 0.0523546 0 0.0366993 0.0366993 0 0.0366993 0 0 0 0.0482905 0.0366993 0 0 
10 0 0 0 0.0314879 0.0320855 0 0 0 0.0331744 0 0 0 0.0314879 0 0.0366707 0.0389041 0.0314879 0.0314879 0 0.0320855 0 0 0 0.0314879 0 0.0314879 0 0 0 0 0 0 0 0 0 0 0 0.0366707 0 0.0314879 0.0314879 0 0.0314879 0 0 0 0.0356286 0.0314879 0 0 
10 0 0 0 0.0333898 0.0355955 0 0 0 0.0380108 0 0 0 0.0333898 0 0.0451711 0.0512409 0.0333898 0.0333898 0 0.0355955 0 0 0 0.0333898 0 0.0333898 0 0 0 0 0 0 0 0 0 0 0 0.0451711 0 0.0333898 0.0333898 0 0.0333898 0 0 0 0.0423963 0.0333898 0 0 
10 0.0013991 0.0013991 0.0013991 0.0286258 0.0281559 0.0013991 0.00143568 0.0013991 0.028409 0.00143568 0.0013991 0.0013991 0.0286258 0.0013991 0.0307012 0.0314993 0.0286258 0.0286258 0.00143568 0.0281559 0.00143568 0.0013991 0.00143568 0.0286258 0.00143568 0.0286258 0.0013991 0.0013991 0.0013991 0.0013991 0.0013991 0.0013991 0.0013991 0.0013991 0.00143568 0.0013991 0.0013991 0.0307012 0.00143568 0.0286258 0.0286258 0.00143568 0.0286258 0.0013991 0.00143568 0.00143568 0.0298356 0.0286258 0.00143568 0.0013991 
10 0 0 0 0.0354857 0.0376813 0 0 0 0.0406038 0 0 0 0.0354857 0 0.050694 0.0582781 0.0354857 0.0354857 0 0.0376813 0 0 0 0.0354857 0 0.0354857 0 0 0 0 0 0 0 0 0 0 0 0.050694 0 0.0354857 0.0354857 0 0.0354857 0 0 0 0.0467709 0.0354857 0 0 
10 0 0 0 0.0319915 0.032038 0 0 0 0.032915 0 0 0 0.0319915 0 0.0360837 0.0389465 0.0319915 0.0319915 0 0.032038 0 0 0 0.0319915 0 0.0319915 0 0 0 0 0 0 0 0 0 0 0 0.0360837 0 0.0319915 0.0319915 0 0.0319915 0 0 0 0.0348506 0.0319915 0 0 
10 0.000983357 0.000983357 0.000983357 0.0332816 0.0335468 0.000983357 0.00104119 0.000983357 0.0347216 0.00104119 0.000983357 0.000983357 0.0332816 0.000983357 0.0390461 0.0417374 0.0332816 0.0332816 0.00104119 0.0335468 0.00101165 0.000983357 0.00104119 0.0332816 0.00104119 0.0332816 0.000983357 0.000983357 0.000983357 0.000983357 0.00101165 0.000983357 0.000983357 0.000983357 0.00104119 0.000983357 0.000983357 0.0390461 0.00104119 0.0332816 0.0332816 0.00101165 0.0332816 0.000983357 0.00104119 0.00104119 0.0371148 0.0332816 0.00104119 0.000983357 
10 0 0 0 0.0345978 0.0362264 0 0.0007673 0 0.0386502 0.0007673 0 0 0.0345978 0 0.0443925 0.0494206 0.0345978 0.0345978 0.00074522 0.0362264 0 0 0.00074522 0.0345978 0.00074522 0.0345978 0 0 0 0 0 0 0 0 0.00074522 0 0 0.0443925 0.0007673 0.0345978 0.0345978 0 0.0345978 0 0.00074522 0.0007673 0.0417606 0.0345978 0.0007673 0 
10 0 0 0 0.0337378 0.036639 0 0 0 0.0400466 0 0 0 0.0337378 0 0.049983 0.0579681 0.0337378 0.0337378 0 0.036639 0 0 0 0.0337378 0 0.0337378 0 0 0 0 0 0 0 0 0 0 0 0.049983 0 0.0337378 0.0337378 0 0.0337378 0 0 0 0.0459443 0.0337378 0 0 
11 0.00123951 0.00278889 0.00123951 0.0333684 0.0354644 0.00278889 0 0.00123951 0.0380167 0 0.00123951 0.00278889 0.0333684 0.00278889 0.0440224 0.0498825 0.0333684 0.0333684 0 0.0354644 0 0.00123951 0 0.0333684 0 0.0333684 0.00123951 0.00123951 0.00123951 0.00123951 0.00123951 0.00278889 0.00123951 0.00123951 0 0.00123951 0.00278889 0.0440224 0 0.0333684 0.0333684 0 0.0333684 0.00123951 0 0 0.0417848 0.0333684 0 0.00278889 
11 0 0 0 0.0341156 0.037703 0 0 0 0.0416731 0 0 0 0.0341156 0 0.0510916 0.0601498 0.0341156 0.0341156 0 0.037703 0 0 0 0.0341156 0 0.0341156 0 0 0 0 0 0 0 0 0 0 0 0.0510916 0 0.0341156 0.0341156 0 0.0341156 0 0 0 0.0475753 0.0341156 0 0 
11 0.00801083 0.00485548 0.00801083 0.0178428 0.0100211 0.00485548 0.0137488 0.00801083 0.00820718 0.0137234 0.00801083 0.00485548 0.0178428 0.00485548 0.00650096 0.0065309 0.0178428 0.0178428 0.0139272 0.0100211 0.0121465 0.00801083 0.0137889 0.0178428 0.0137697 0.0178428 0.00801083 0.00801083 0.00801083 0.00801083 0.00961023 0.00485548 0.00801083 0.00801083 0.0137697 0.00801083 0.00485548 0.00650096 0.0136775 0.0178428 0.0178428 0.0121239 0.0178428 0.00801083 0.0137697 0.0137234 0.00654822 0.0178428 0.0112027 0.00485548 
11 0 0 0 0.034203 0.0370172 0 0 0 0.0402922 0 0 0 0.034203 0 0.0506109 0.0589963 0.034203 0.034203 0 0.0370172 0 0 0 0.034203 0 0.034203 0 0 0 0 0 0 0 0 0 0 0 0.0506109 0 0.034203 0.034203 0 0.034203 0 0 0 0.0464596 0.034203 0 0 
11 0.0071616 0.0161136 0.0071616 0.0247986 0.0264795 0.0161136 0 0.0071616 0.0279033 0 0.0071616 0.0161136 0.0247986 0.0161136 0.0294701 0.0308619 0.0247986 0.0247986 0 0.0264795 0 0.0071616 0 0.0247986 0 0.0247986 0.0071616 0.0071616 0.0071616 0.0071616 0.0071616 0.0161136 0.0071616 0.0071616 0 0.0071616 0.0161136 0.0294701 0 0.0247986 0.0247986 0 0.0247986 0.0071616 0 0 0.0291652 0.0247986 0 0.0161136 
11 0 0 0 0.0357571 0.0394573 0 0 0 0.0426815 0 0 0 0.0357571 0 0.0469729 0.0511854 0.0357571 0.0357571 0 0.0394573 0 0 0 0.0357571 0 0.0357571 0 0 0 0 0 0 0 0 0 0 0 0.0469729 0 0.0357571 0.0357571 0 0.0357571 0 0 0 0.04617 0.0357571 0 0 
11 0 0 0 0.0311407 0.0317735 0 0 0 0.0326605 0 0 0 0.0311407 0 0.033374 0.0345368 0.0311407 0.0311407 0 0.0317735 0 0 0 0.0311407 0 0.0311407 0 0 0 0 0 0 0 0 0 0 0 0.033374 0 0.0311407 0.0311407 0 0.0311407 0 0 0 0.0334351 0.0311407 0 0 
11 0 0 0 0.0355157 0.0391972 0 0 0 0.0424477 0 0 0 0.0355157 0 0.0470121 0.0520173 0.0355157 0.0355157 0 0.0391972 0 0 0 0.0355157 0 0.0355157 0 0 0 0 0 0 0 0 0 0 0 0.0470121 0 0.0355157 0.0355157 0 0.0355157 0 0 0 0.0460856 0.0355157 0 0 
11 0 0 0 0.0357267 0.0369909 0 0 0 0.0380514 0 0 0 0.0357267 0 0.0403832 0.0420838 0.0357267 0.0357267 0 0.0369909 0 0 0 0.0357267 0 0.0357267 0 0 0 0 0 0 0 0 0 0 0 0.0403832 0 0.0357267 0.0357267 0 0.0357267 0 0 0 0.0395854 0.0357267 0 0 
11 0 0 0 0.0352168 0.0363793 0 0 0 0.0374734 0 0 0 0.0352168 0 0.0398944 0.0419084 0.0352168 0.0352168 0 0.0363793 0 0 0 0.0352168 0 0.0352168 0 0 0 0 0 0 0 0 0 0 0 0.0398944 0 0.0352168 0.0352168 0 0.0352168 0 0 0 0.0387935 0.0352168 0 0 
12 0.0004476 0.0010071 0.0004476 0.0343757 0.0376267 0.0010071 0 0.0004476 0.0411076 0 0.0004476 0.0010071 0.0343757 0.0010071 0.0495391 0.0565044 0.0343757 0.0343757 0 0.0376267 0 0.0004476 0 0.0343757 0 0.0343757 0.0004476 0.0004476 0.0004476 0.0004476 0.0004476 0.0010071 0.0004476 0.0004476 0 0.0004476 0.0010071 0.0495391 0 0.0343757 0.0343757 0 0.0343757 0.0004476 0 0 0.0463407 0.0343757 0 0.0010071 
12 0.000350296 0.000788165 0.000350296 0.0336073 0.0370953 0.000788165 0 0.000350296 0.0407493 0 0.000350296 0.000788165 0.0336073 0.000788165 0.0500457 0.0584893 0.0336073 0.0336073 0 0.0370953 0 0.000350296 0 0.0336073 0 0.0336073 0.000350296 0.000350296 0.000350296 0.000350296 0.000350296 0.000788165 0.000350296 0.000350296 0 0.000350296 0.000788165 0.0500457 0 0.0336073 0.0336073 0 0.0336073 0.000350296 0 0 0.0464983 0.0336073 0 0.000788165 
12 0.00169617 0.00381638 0.00169617 0.0313234 0.0316034 0.00381638 0 0.00169617 0.0325623 0 0.00169617 0.00381638 0.0313234 0.00381638 0.0355051 0.0379603 0.0313234 0.0313234 0 0.0316034 0 0.00169617 0 0.0313234 0 0.0313234 0.00169617 0.00169617 0.00169617 0.00169617 0.00169617 0.00381638 0.00169617 0.00169617 0 0.00169617 0.00381638 0.0355051 0 0.0313234 0.0313234 0 0.0313234 0.00169617 0 0 0.0344306 0.0313234 0 0.00381638 
12 0.00158494 0.00356613 0.00158494 0.0315324 0.0340247 0.00356613 0 0.00158494 0.0366274 0 0.00158494 0.00356613 0.0315324 0.00356613 0.0437883 0.0498003 0.0315324 0.0315324 0 0.0340247 0 0.00158494 0 0.0315324 0 0.0315324 0.00158494 0.00158494 0.00158494 0.00158494 0.00158494 0.00356613 0.00158494 0.00158494 0 0.00158494 0.00356613 0.0437883 0 0.0315324 0.0315324 0 0.0315324 0.00158494 0 0 0.0410678 0.0315324 0 0.00356613 
12 0.000619754 0.00139445 0.000619754 0.0324371 0.0348505 0.00139445 0 0.000619754 0.0374941 0 0.000619754 0.00139445 0.0324371 0.00139445 0.0437825 0.049502 0.0324371 0.0324371 0 0.0348505 0 0.000619754 0 0.0324371 0 0.0324371 0.000619754 0.000619754 0.000619754 0.000619754 0.000619754 0.00139445 0.000619754 0.000619754 0 0.000619754 0.00139445 0.0437825 0 0.0324371 0.0324371 0 0.0324371 0.000619754 0 0 0.041428 0.0324371 0 0.00139445 
12 0 0 0 0.0340568 0.036912 0 0 0 0.0402398 0 0 0 0.0340568 0 0.0484974 0.0561011 0.0340568 0.0340568 0 0.036912 0 0 0 0.0340568 0 0.0340568 0 0 0 0 0 0 0 0 0 0 0 0.0484974 0 0.0340568 0.0340568 0 0.0340568 0 0 0 0.0454087 0.0340568 0 0 
12 0 0 0 0.0342355 0.0373232 0 0 0 0.0405765 0 0 0 0.0342355 0 0.0475778 0.0545714 0.0342355 0.0342355 0 0.0373232 0 0 0 0.0342355 0 0.0342355 0 0 0 0 0 0 0 0 0 0 0 0.0475778 0 0.0342355 0.0342355 0 0.0342355 0 0 0 0.0449936 0.0342355 0 0 
12 0 0 0 0.0341008 0.0371213 0 0 0 0.0403573 0 0 0 0.0341008 0 0.0474722 0.0546872 0.0341008 0.0341008 0 0.0371213 0 0 0 0.0341008 0 0.0341008 0 0 0 0 0 0 0 0 0 0 0 0.0474722 0 0.0341008 0.0341008 0 0.0341008 0 0 0 0.0448829 0.0341008 0 0 
12 0.000546224 0.001229 0.000546224 0.0317161 0.0334903 0.001229 0 0.000546224 0.0355243 0 0.000546224 0.001229 0.0317161 0.001229 0.0411797 0.0447674 0.0317161 0.0317161 0 0.0334903 0 0.000546224 0 0.0317161 0 0.0317161 0.000546224 0.000546224 0.000546224 0.000546224 0.000546224 0.001229 0.000546224 0.000546224 0 0.000546224 0.001229 0.0411797 0 0.0317161 0.0317161 0 0.0317161 0.000546224 0 0 0.0388381 0.0317161 0 0.001229 
12 0 0 0 0.0327145 0.0351149 0 0 0 0.0378761 0 0 0 0.0327145 0 0.0454825 0.051714 0.0327145 0.0327145 0 0.0351149 0 0 0 0.0327145 0 0.0327145 0 0 0 0 0 0 0 0 0 0 0 0.0454825 0 0.0327145 0.0327145 0 0.0327145 0 0 0 0.0425241 0.0327145 0 0 
13 0 0 0 0.0330974 0.0358412 0 0 0 0.0388666 0 0 0 0.0330974 0 0.0484016 0.0561996 0.0330974 0.0330974 0 0.0358412 0 0 0 0.0330974 0 0.0330974 0 0 0 0 0 0 0 0 0 0 0 0.0484016 0 0.0330974 0.0330974 0 0.0330974 0 0 0 0.0445654 0.0330974 0 0 
13 0.0003357 0.000755325 0.0003357 0.035315 0.0372474 0.000755325 0.000212155 0.0003357 0.0396397 0.000212155 0.0003357 0.000755325 0.035315 0.000755325 0.0490272 0.0556082 0.035315 0.035315 0.000212155 0.0372474 0.000212155 0.0003357 0.000212155 0.035315 0.000212155 0.035315 0.0003357 0.0003357 0.0003357 0.0003357 0.0003357 0.000755325 0.0003357 0.0003357 0.000212155 0.0003357 0.000755325 0.0490272 0.000212155 0.035315 0.035315 0 0.035315 0.0003357 0.000212155 0.000212155 0.0451699 0.035315 0 0.000755325 
13 0.000191829 0.000431614 0.000191829 0.0332687 0.0359459 0.000431614 0 0.000191829 0.0388836 0 0.000191829 0.000431614 0.0332687 0.000431614 0.0474213 0.0544581 0.0332687 0.0332687 0 0.0359459 0 0.000191829 0 0.0332687 0 0.0332687 0.000191829 0.000191829 0.000191829 0.000191829 0.000191829 0.000431614 0.000191829 0.000191829 0 0.000191829 0.000431614 0.0474213 0 0.0332687 0.0332687 0 0.0332687 0.000191829 0 0 0.044088 0.0332687 0 0.000431614 
13 0 0 0 0.0339362 0.034723 0 0 0 0.0359913 0 0 0 0.0339362 0 0.0420218 0.0447885 0.0339362 0.0339362 0 0.034723 0 0 0 0.0339362 0 0.0339362 0 0 0 0 0 0 0 0 0 0 0 0.0420218 0 0.0339362 0.0339362 0 0.0339362 0 0 0 0.0395727 0.0339362 0 0 
13 0 0 0 0.033687 0.0363957 0 0.000136666 0 0.0395929 0.000136666 0 0 0.033687 0 0.0497198 0.058247 0.033687 0.033687 0.000129747 0.0363957 0.000123341 0 0.000126483 0.033687 0.000133139 0.033687 0 0 0 0 0 0 0 0 0.000133139 0 0 0.0497198 0.000136666 0.033687 0.033687 0 0.033687 0 0.000133139 0.000136666 0.0457391 0.033687 0.000140335 0 
13 0 0 0 0.033292 0.0326689 0 0 0 0.032796 0 0 0 0.033292 0 0.0363495 0.0371925 0.033292 0.033292 0 0.0326689 0 0 0 0.033292 0 0.033292 0 0 0 0 0 0 0 0 0 0 0 0.0363495 0 0.033292 0.033292 0 0.033292 0 0 0 0.0347197 0.033292 0 0 
13 0 0 0 0.03347 0.0363581 0 0 0 0.0393862 0 0 0 0.03347 0 0.0480297 0.055452 0.03347 0.03347 0 0.0363581 0 0 0 0.03347 0 0.03347 0 0 0 0 0 0 0 0 0 0 0 0.0480297 0 0.03347 0.03347 0 0.03347 0 0 0 0.0446865 0.03347 0 0 
13 0 0 0 0.036905 0.0370738 0 0.000404383 0 0.0380653 0.000404383 0 0 0.036905 0 0.0435482 0.0457417 0.036905 0.036905 0.000392727 0.0370738 0.000195839 0 0.000201728 0.036905 0.000398887 0.036905 0 0 0 0 0 0 0 0 0.000398887 0 0 0.0435482 0.000404383 0.036905 0.036905 0.000190203 0.036905 0 0.000398887 0.000404383 0.0413459 0.036905 0.000404383 0 
13 0.00106713 0.00240103 0.00106713 0.032344 0.0351207 0.00240103 0 0.00106713 0.0380465 0 0.00106713 0.00240103 0.032344 0.00240103 0.0465533 0.053381 0.032344 0.032344 0 0.0351207 0 0.00106713 0 0.032344 0 0.032344 0.00106713 0.00106713 0.00106713 0.00106713 0.00106713 0.00240103 0.00106713 0.00106713 0 0.00106713 0.00240103 0.0465533 0 0.032344 0.032344 0 0.032344 0.00106713 0 0 0.0433016 0.032344 0 0.00240103 
13 0 0 0 0.0347442 0.0353678 0 0 0 0.0368978 0 0 0 0.0347442 0 0.0444672 0.0482384 0.0347442 0.0347442 0 0.0353678 0 0 0 0.0347442 0 0.0347442 0 0 0 0 0 0 0 0 0 0 0 0.0444672 0 0.0347442 0.0347442 0 0.0347442 0 0 0 0.0413012 0.0347442 0 0 
14 0 0 0 0.0347842 0.0370651 0 0 0 0.0396385 0 0 0 0.0347842 0 0.0437037 0.0483995 0.0347842 0.0347842 0 0.0370651 0 0 0 0.0347842 0 0.0347842 0 0 0 0 0 0 0 0 0 0 0 0.0437037 0 0.0347842 0.0347842 0 0.0347842 0 0 0 0.0423598 0.0347842 0 0 
14 0 0 0 0.0332591 0.0364015 0 0 0 0.0398482 0 0 0 0.0332591 0 0.048822 0.057011 0.0332591 0.0332591 0 0.0364015 0 0 0 0.0332591 0 0.0332591 0 0 0 0 0 0 0 0 0 0 0 0.048822 0 0.0332591 0.0332591 0 0.0332591 0 0 0 0.0453845 0.0332591 0 0 
14 0.00118801 0.00118801 0.00118801 0.0262994 0.0227505 0.00118801 0.00239441 0.00118801 0.0221654 0.00239441 0.00118801 0.00118801 0.0262994 0.00118801 0.0164362 0.0162338 0.0262994 0.0262994 0.002415 0.0227505 0.002415 0.00118801 0.002415 0.0262994 0.00121548 0.0262994 0.00118801 0.00118801 0.00118801 0.00118801 0.00121548 0.00118801 0.00118801 0.00118801 0.00121548 0.00118801 0.00118801 0.0164362 0.00236694 0.0262994 0.0262994 0.00121548 0.0262994 0.00118801 0.00121548 0.00239441 0.0179036 0.0262994 0.00118801 0.00118801 
14 0 0 0 0.0325072 0.0353914 0 0 0 0.0381654 0 0 0 0.0325072 0 0.0431398 0.0488859 0.0325072 0.0325072 0 0.0353914 0 0 0 0.0325072 0 0.0325072 0 0 0 0 0 0 0 0 0 0 0 0.0431398 0 0.0325072 0.0325072 0 0.0325072 0 0 0 0.0415404 0.0325072 0 0 
14 0 0 0 0.0313275 0.0337071 0 0 0 0.0357358 0 0 0 0.0313275 0 0.0381394 0.0400821 0.0313275 0.0313275 0 0.0337071 0 0 0 0.0313275 0 0.0313275 0 0 0 0 0 0 0 0 0 0 0 0.0381394 0 0.0313275 0.0313275 0 0.0313275 0 0 0 0.0375018 0.0313275 0 0 
14 0 0 0 0.0346263 0.0364883 0 0 0 0.0388177 0 0 0 0.0346263 0 0.0462528 0.0504708 0.0346263 0.0346263 0 0.0364883 0 0 0 0.0346263 0 0.0346263 0 0 0 0 0 0 0 0 0 0 0 0.0462528 0 0.0346263 0.0346263 0 0.0346263 0 0 0 0.0433171 0.0346263 0 0 
14 0 0 0 0.0338512 0.0332237 0 0 0 0.0331414 0 0 0 0.0338512 0 0.0320414 0.0321186 0.0338512 0.0338512 0 0.0332237 0 0 0 0.0338512 0 0.0338512 0 0 0 0 0 0 0 0 0 0 0 0.0320414 0 0.0338512 0.0338512 0 0.0338512 0 0 0 0.032292 0.0338512 0 0 
14 0 0 0 0.0375669 0.0393958 0 0 0 0.0409337 0 0 0 0.0375669 0 0.0429529 0.0450333 0.0375669 0.0375669 0 0.0393958 0 0 0 0.0375669 0 0.0375669 0 0 0 0 0 0 0 0 0 0 0 0.0429529 0 0.0375669 0.0375669 0 0.0375669 0 0 0 0.0423988 0.0375669 0 0 
14 0.00322272 0.00725112 0.00322272 0.0298285 0.0314515 0.00725112 0 0.00322272 0.0329638 0 0.00322272 0.00725112 0.0298285 0.00725112 0.03556 0.0380527 0.0298285 0.0298285 0 0.0314515 0 0.00322272 0 0.0298285 0 0.0298285 0.00322272 0.00322272 0.00322272 0.00322272 0.00322272 0.00725112 0.00322272 0.00322272 0 0.00322272 0.00725112 0.03556 0 0.0298285 0.0298285 0 0.0298285 0.00322272 0 0 0.0345714 0.0298285 0 0.00725112 
14 0 0 0 0.0368934 0.0400502 0 0 0 0.0437716 0 0 0 0.0368934 0 0.0477764 0.0525222 0.0368934 0.0368934 0 0.0400502 0 0 0 0.0368934 0 0.0368934 0 0 0 0 0 0 0 0 0 0 0 0.0477764 0 0.0368934 0.0368934 0 0.0368934 0 0 0 0.0471299 0.0368934 0 0 
15 0 0 0 0.0339974 0.0374914 0 0 0 0.0412547 0 0 0 0.0339974 0 0.0526511 0.0624196 0.0339974 0.0339974 0 0.0374914 0 0 0 0.0339974 0 0.0339974 0 0 0 0 0 0 0 0 0 0 0 0.0526511 0 0.0339974 0.0339974 0 0.0339974 0 0 0 0.0482728 0.0339974 0 0 
15 0 0 0 0.033481 0.0367796 0 0 0 0.0402803 0 0 0 0.033481 0 0.0503837 0.0585693 0.033481 0.033481 0 0.0367796 0 0 0 0.033481 0 0.033481 0 0 0 0 0 0 0 0 0 0 0 0.0503837 0 0.033481 0.033481 0 0.033481 0 0 0 0.0465207 0.033481 0 0 
15 0 0 0 0.0338735 0.0357742 0 0 0 0.0382918 0 0 0 0.0338735 0 0.0466557 0.0529474 0.0338735 0.0338735 0 0.0357742 0 0 0 0.0338735 0 0.0338735 0 0 0 0 0 0 0 0 0 0 0 0.0466557 0 0.0338735 0.0338735 0 0.0338735 0 0 0 0.0431143 0.0338735 0 0 
15 0 0 0 0.0339083 0.0357658 0 0 0 0.0382024 0 0 0 0.0339083 0 0.0469388 0.0532676 0.0339083 0.0339083 0 0.0357658 0 0 0 0.0339083 0 0.0339083 0 0 0 0 0 0 0 0 0 0 0 0.0469388 0 0.0339083 0.0339083 0 0.0339083 0 0 0 0.0434409 0.0339083 0 0 
15 0 0 0 0.0345386 0.0366898 0 0 0 0.0394422 0 0 0 0.0345386 0 0.0491794 0.0558133 0.0345386 0.0345386 0 0.0366898 0 0 0 0.0345386 0 0.0345386 0 0 0 0 0 0 0 0 0 0 0 0.0491794 0 0.0345386 0.0345386 0 0.0345386 0 0 0 0.0451085 0.0345386 0 0 
15 0 0 0 0.034795 0.0371854 0 0 0 0.0400212 0 0 0 0.034795 0 0.0493573 0.0565018 0.034795 0.034795 0 0.0371854 0 0 0 0.034795 0 0.034795 0 0 0 0 0 0 0 0 0 0 0 0.0493573 0 0.034795 0.034795 0 0.034795 0 0 0 0.0456652 0.034795 0 0 
15 0 0 0 0.0337567 0.0367778 0 0 0 0.0398292 0 0 0 0.0337567 0 0.0472895 0.0551667 0.0337567 0.0337567 0 0.0367778 0 0 0 0.0337567 0 0.0337567 0 0 0 0 0 0 0 0 0 0 0 0.0472895 0 0.0337567 0.0337567 0 0.0337567 0 0 0 0.0445377 0.0337567 0 0 
15 0.000319081 0.000717933 0.000319081 0.033498 0.0363742 0.000717933 0 0.000319081 0.0394229 0 0.000319081 0.000717933 0.033498 0.000717933 0.0470226 0.0544061 0.033498 0.033498 0 0.0363742 0 0.000319081 0 0.033498 0 0.033498 0.000319081 0.000319081 0.000319081 0.000319081 0.000319081 0.000717933 0.000319081 0.000319081 0 0.000319081 0.000717933 0.0470226 0 0.033498 0.033498 0 0.033498 0.000319081 0 0 0.044183 0.033498 0 0.000717933 
15 0.000511543 0.00115097 0.000511543 0.0329545 0.0360732 0.00115097 0 0.000511543 0.0395326 0 0.000511543 0.00115097 0.0329545 0.00115097 0.0497768 0.0584953 0.0329545 0.0329545 0 0.0360732 0 0.000511543 0 0.0329545 0 0.0329545 0.000511543 0.000511543 0.000511543 0.000511543 0.000511543 0.00115097 0.000511543 0.000511543 0 0.000511543 0.00115097 0.0497768 0 0.0329545 0.0329545 0 0.0329545 0.000511543 0 0 0.0459169 0.0329545 0 0.00115097 
15 0 0 0 0.0338176 0.0366845 0 0 0 0.0398276 0 0 0 0.0338176 0 0.0487381 0.0557214 0.0338176 0.0338176 0 0.0366845 0 0 0 0.0338176 0 0.0338176 0 0 0 0 0 0 0 0 0 0 0 0.0487381 0 0.0338176 0.0338176 0 0.0338176 0 0 0 0.0453117 0.0338176 0 0 
16 0.00113078 0.00254425 0.00113078 0.0326173 0.0357577 0.00254425 0 0.00113078 0.0392975 0 0.00113078 0.00254425 0.0326173 0.00254425 0.0485016 0.0565225 0.0326173 0.0326173 0 0.0357577 0 0.00113078 0 0.0326173 0 0.0326173 0.00113078 0.00113078 0.00113078 0.00113078 0.00113078 0.00254425 0.00113078 0.00113078 0 0.00113078 0.00254425 0.0485016 0 0.0326173 0.0326173 0 0.0326173 0.00113078 0 0 0.0450233 0.0326173 0 0.00254425 
16 0 0 0 0.0338517 0.037438 0 0 0 0.0414355 0 0 0 0.0338517 0 0.051756 0.0608558 0.0338517 0.0338517 0 0.037438 0 0 0 0.0338517 0 0.0338517 0 0 0 0 0 0 0 0 0 0 0 0.051756 0 0.0338517 0.0338517 0 0.0338517 0 0 0 0.0477054 0.0338517 0 0 
16 0 0 0 0.0331851 0.0356274 0 0 0 0.0384749 0 0 0 0.0331851 0 0.0472677 0.0539047 0.0331851 0.0331851 0 0.0356274 0 0 0 0.0331851 0 0.0331851 0 0 0 0 0 0 0 0 0 0 0 0.0472677 0 0.0331851 0.0331851 0 0.0331851 0 0 0 0.0438032 0.0331851 0 0 
16 0.000976582 0.00219731 0.000976582 0.0324057 0.0346831 0.00219731 0 0.000976582 0.0372956 0 0.000976582 0.00219731 0.0324057 0.00219731 0.0439394 0.0496439 0.0324057 0.0324057 0 0.0346831 0 0.000976582 0 0.0324057 0 0.0324057 0.000976582 0.000976582 0.000976582 0.000976582 0.000976582 0.00219731 0.000976582 0.000976582 0 0.000976582 0.00219731 0.0439394 0 0.0324057 0.0324057 0 0.0324057 0.000976582 0 0 0.0415099 0.0324057 0 0.00219731 
16 0 0 0 0.035008 0.0367506 0 0 0 0.0390443 0 0 0 0.035008 0 0.0455188 0.0510284 0.035008 0.035008 0 0.0367506 0 0 0 0.035008 0 0.035008 0 0 0 0 0 0 0 0 0 0 0 0.0455188 0 0.035008 0.035008 0 0.035008 0 0 0 0.0428972 0.035008 0 0 
16 0 0 0 0.0346596 0.0363463 0 0 0 0.0386825 0 0 0 0.0346596 0 0.0455064 0.0503244 0.0346596 0.0346596 0 0.0363463 0 0 0 0.0346596 0 0.0346596 0 0 0 0 0 0 0 0 0 0 0 0.0455064 0 0.0346596 0.0346596 0 0.0346596 0 0 0 0.0426447 0.0346596 0 0 
16 0 0 0 0.0339569 0.0371111 0 0 0 0.0403325 0 0 0 0.0339569 0 0.0482773 0.0562932 0.0339569 0.0339569 0 0.0371111 0 0 0 0.0339569 0 0.0339569 0 0 0 0 0 0 0 0 0 0 0 0.0482773 0 0.0339569 0.0339569 0 0.0339569 0 0 0 0.0453625 0.0339569 0 0 
16 0 0 0 0.0336461 0.0365154 0 0 0 0.039466 0 0 0 0.0336461 0 0.046126 0.0529661 0.0336461 0.0336461 0 0.0365154 0 0 0 0.0336461 0 0.0336461 0 0 0 0 0 0 0 0 0 0 0 0.046126 0 0.0336461 0.0336461 0 0.0336461 0 0 0 0.0436661 0.0336461 0 0 
16 0 0 0 0.0342489 0.0373263 0 0 0 0.0409535 0 0 0 0.0342489 0 0.048968 0.055937 0.0342489 0.0342489 0 0.0373263 0 0 0 0.0342489 0 0.0342489 0 0 0 0 0 0 0 0 0 0 0 0.048968 0 0.0342489 0.0342489 0 0.0342489 0 0 0 0.0460423 0.0342489 0 0 
16 0 0 0 0.0338537 0.0370008 0 0 0 0.0404211 0 0 0 0.0338537 0 0.0493264 0.0570075 0.0338537 0.0338537 0 0.0370008 0 0 0 0.0338537 0 0.0338537 0 0 0 0 0 0 0 0 0 0 0 0.0493264 0 0.0338537 0.0338537 0 0.0338537 0 0 0 0.0459657 0.0338537 0 0 
