1 0 0 0 0 0 0 0 0 0 0 0 0 0 0 0 0 0 0 0 0 0 0 0 0 0 0 0 0 0 0 0 0 0 0 0 0 0 0 0.1 0 0 0 0 0 0 0 0 0 0 0 0 0 0.3 0.2 0 0 0 0 0 0 0 0 0 0 0 0 0 0 0.3 0.1 0 0 0 0 0 0 0 0 0 0.1 0 0 0 0 0.1 0 0 0.1 0 0 0.1 0 0 0 0 0 0 0 0 0 0 0 0 0 0 0 0 0 0 0 0 0 0.1 0 0 0 0 0 0 0 0 0 0 0 0 0.2 0.2 0 0.1 0 0 0 0 0 0 0 0 0 0 0 
1 0 0 0 0 0 0.0555556 0 0 0 0 0 0 0 0 0.111111 0 0 0 0 0.333333 0 0 0 0 0 0 0 0 0.111111 0 0 0 0 0 0 0 0 0 0 0.0555556 0 0 0 0 0 0 0 0 0 0 0 0 0 0.111111 0 0 0 0.0555556 0 0 0 0 0 0 0 0 0 0 0.166667 0 0.0555556 0 0 0 0 0 0 0.0555556 0.0555556 0 0 0 0 0 0 0 0 0.0555556 0 0 0 0 0 0 0.0555556 0 0 0 0 0 0 0 0 0 0 0 0 0 0 0 0 0 0 0.277778 0 0 0.166667 0 0 0 0 0 0.111111 0 0 0.0555556 0.0555556 0 0 0 0 0 0 0 0 0 0 0.0555556 0 0 
1 0 0 0 0.166667 0 0 0 0 0 0 0 0 0 0 0 0 0 0 0 0 0 0 0.333333 0 0 0 0 0 0 0 0 0 0 0 0 0 0 0 0 0 0 0 0 0 0 0 0 0 0 0 0 0 0.333333 0 0 0 0 0 0 0 0 0 0 0 0 0 0 0 0 0.166667 0 0 0 0 0 0 0 0 0 0 0 0 0 0 0.333333 0 0 0.166667 0 0 0.333333 0 0 0 0 0 0 0 0 0 0 0 0 0 0 0 0 0 0 0 0 0 0 0 0 0 0 0 0 0 0 0 0 0 0 0 0.166667 0 0 0 0 0 0 0 0 0 0 0 0 0 
1 0 0 0 0 0 0.047619 0 0 0 0 0 0 0 0 0.0952381 0 0.190476 0 0 0 0 0 0 0 0 0 0 0 0.285714 0 0 0 0 0 0 0 0.142857 0 0.0952381 0 0 0 0 0 0 0 0 0 0 0 0 0 0 0 0 0 0 0 0 0 0 0 0 0 0.142857 0 0 0 0 0 0 0 0 0 0 0 0 0 0 0 0 0.047619 0 0 0 0 0 0.047619 0 0.047619 0.190476 0 0 0 0 0 0 0 0 0 0 0 0 0 0.238095 0 0 0 0 0 0 0 0.047619 0 0 0 0 0 0 0 0 0 0 0 0 0 0.047619 0 0 0 0.142857 0 0.047619 0 0 0 0 0.142857 0 0 
1 0 0 0 0 0 0 0 0 0 0 0 0 0 0 0 0.1 0 0 0 0 0 0.1 0.1 0 0 0 0 0 0 0 0 0 0 0 0 0.4 0 0 0 0 0 0 0 0 0 0 0 0 0 0 0 0 0.1 0.2 0 0 0 0 0 0 0 0 0 0 0 0 0 0 0 0 0 0 0 0.3 0 0 0 0 0 0.1 0 0 0 0 0 0 0 0 0 0 0 0 0 0 0 0 0 0.1 0 0 0 0 0 0 0 0 0 0 0 0 0 0.2 0 0 0 0 0 0 0 0 0.1 0 0 0 0 0 0.1 0 0 0 0 0 0 0 0.1 0 0 0 0 0 
1 0 0 0 0 0 0 0 0 0 0 0 0 0 0 0 0 0 0 0 0 0 0 0.181818 0 0 0 0 0 0.0909091 0 0 0 0 0 0 0.272727 0 0 0 0 0 0 0 0 0 0 0 0 0 0 0 0 0 0.272727 0 0 0 0 0 0 0 0 0 0 0.0909091 0 0 0 0 0.0909091 0 0 0 0 0 0 0 0 0 0 0 0 0 0.0909091 0 0 0 0 0 0 0 0 0 0 0 0 0 0 0 0 0 0 0 0 0 0 0 0 0 0 0 0 0.181818 0 0 0 0.0909091 0 0.0909091 0 0 0.0909091 0 0 0 0.181818 0.0909091 0 0.181818 0 0 0 0 0 0 0 0 0 0 0 
1 0 0 0 0 0 0 0 0 0 0 0 0 0 0 0 0 0 0 0 0 0 0 0 0 0 0 0 0 0 0 0 0 0 0 0 0.25 0 0 0 0 0 0 0 0 0 0 0 0 0 0 0 0 0.625 0 0 0 0 0 0 0 0 0.125 0 0 0 0 0 0 0 0 0 0 0 0.125 0 0 0 0 0 0.375 0 0 0 0 0.125 0 0 0 0 0 0 0 0 0.125 0 0.125 0 0 0 0 0 0 0 0 0 0 0 0 0 0 0 0 0 0 0 0 0 0 0 0 0 0 0 0 0 0 0 0 0 0 0 0 0 0 0.125 0 0 0 0 0 
1 0 0 0 0 0 0 0 0 0 0 0 0 0 0 0 0 0.0833333 0 0 0 0 0 0.333333 0 0 0 0 0 0 0 0 0 0 0 0 0.0833333 0 0 0 0 0 0 0 0 0 0 0.0833333 0 0 0 0 0 0.25 0.166667 0 0 0 0 0 0 0 0 0 0 0 0 0 0 0 0 0 0 0 0 0 0 0 0 0 0 0 0 0 0 0.166667 0 0 0 0.0833333 0 0 0 0 0 0 0.0833333 0 0 0 0 0 0 0 0 0 0 0 0 0 0 0 0.0833333 0 0 0 0 0 0 0 0 0 0 0 0 0 0.166667 0.25 0 0.0833333 0 0 0 0.0833333 0 0 0 0 0 0 0 
1 0 0 0 0.571429 0 0 0 0 0.142857 0 0 0 0 0 0 0 0 0 0 0 0 0 0 0 0 0 0 0 0.142857 0 0 0 0 0 0 0 0 0 0 0 0 0 0 0 0 0 0 0 0 0 0 0 0 0 0 0 0 0 0 0 0 0 0 0 0 0 0 0 0 0.142857 0 0 0 0 0 0 0 0 0 0 0.142857 0 0 0 0.428571 0 0 0 0 0 0.285714 0 0 0 0 0 0 0 0 0 0 0 0 0 0 0 0.142857 0 0 0 0 0 0 0 0 0 0 0 0 0 0 0 0 0 0 0 0 0 0 0 0 0 0 0 0 0 0 0 0 0 
1 0 0 0 0.16 0 0 0 0.04 0 0 0 0 0 0 0 0.04 0 0 0 0 0 0 0 0 0.28 0 0 0 0.08 0 0 0 0 0 0 0 0.04 0 0.24 0 0.04 0 0 0 0 0 0 0 0 0 0 0 0 0 0 0 0 0 0 0 0 0.04 0 0 0 0 0 0.04 0 0 0 0.04 0 0 0 0 0 0.04 0 0 0.12 0 0 0 0.04 0 0 0 0.04 0 0 0 0 0 0 0 0 0 0 0.12 0 0 0.04 0.2 0 0 0 0 0 0 0 0 0.16 0.08 0 0 0 0 0 0 0 0 0 0 0 0 0 0 0.04 0 0 0.04 0 0 0 0 0.04 0 0 0 
1 0.0909091 0 0 0 0 0 0 0 0 0 0 0 0 0 0 0 0 0 0 0 0 0 0.181818 0 0 0 0 0 0.0909091 0 0 0 0.0909091 0 0 0.0909091 0.0909091 0 0.0909091 0 0 0 0 0 0 0 0 0 0 0 0 0 0.0909091 0 0.0909091 0 0 0.0909091 0 0 0 0 0 0 0 0 0 0 0 0 0 0 0 0 0.0909091 0 0 0 0 0.0909091 0 0 0 0 0.0909091 0 0 0.0909091 0 0.0909091 0 0 0 0.0909091 0 0 0 0 0 0.181818 0 0 0 0 0 0 0 0 0 0 0 0 0 0 0.0909091 0 0 0 0 0 0.0909091 0 0 0 0 0 0.0909091 0 0 0 0 0 0 0 0 0 0 0 0 0 
1 0 0 0 0 0.111111 0 0 0 0 0 0 0 0 0 0 0 0 0 0 0 0.111111 0 0.444444 0 0 0 0 0 0 0 0 0 0 0 0 0 0 0 0 0 0 0 0 0 0 0 0 0 0 0 0 0 0.333333 0 0 0 0 0 0 0 0 0 0 0 0 0 0 0 0 0 0 0 0 0 0 0 0 0 0 0 0 0 0 0.111111 0.222222 0 0 0 0 0 0 0 0.111111 0 0 0 0 0 0 0 0 0 0 0 0 0 0 0 0 0 0 0 0 0 0 0 0 0 0 0 0.111111 0 0 0 0 0.222222 0.111111 0 0 0 0 0 0 0 0 0 0.111111 0 0 0 
1 0 0 0 0 0 0 0 0 0 0 0 0 0 0 0.111111 0.111111 0 0 0 0 0.111111 0 0.111111 0 0 0 0 0 0 0 0 0 0 0 0 0.111111 0 0 0 0 0 0 0 0 0 0 0 0 0 0 0 0 0.444444 0 0 0 0 0 0 0 0 0 0 0 0 0 0 0 0 0 0 0.111111 0 0 0 0 0 0 0 0.444444 0 0 0 0 0 0 0 0 0 0 0 0 0 0.111111 0 0 0 0 0 0 0 0 0 0 0 0 0 0 0 0 0 0.111111 0 0 0 0 0 0 0 0 0 0 0 0 0 0 0.222222 0 0 0 0 0 0 0 0 0 0 0 0 0 
1 0 0 0 0 0 0 0 0 0 0 0 0 0 0 0.230769 0.0769231 0.0769231 0 0 0 0 0 0.0769231 0 0 0 0 0 0 0 0 0 0 0 0 0 0 0 0 0 0 0 0 0 0 0 0 0 0 0 0 0 0.153846 0.230769 0 0 0 0 0 0 0 0 0 0 0.153846 0 0 0 0 0 0 0 0 0 0 0 0 0 0 0 0 0 0 0.0769231 0 0 0 0 0 0 0.0769231 0 0 0 0 0 0 0 0 0 0 0 0 0 0 0 0 0 0 0 0 0 0.153846 0 0 0 0 0 0 0 0 0 0.0769231 0 0 0.0769231 0.384615 0 0.0769231 0 0.0769231 0 0 0 0 0 0 0 0 0 
2 0 0 0 0.125 0 0 0 0 0 0 0 0 0 0 0 0 0 0 0 0 0 0 0.25 0 0 0 0 0 0 0 0 0 0 0 0 0.125 0 0 0 0.125 0 0 0 0 0 0 0 0 0 0 0 0 0.25 0.125 0 0 0 0 0 0 0 0 0 0 0 0 0 0 0 0 0 0 0 0 0 0 0 0 0 0 0.125 0 0 0 0.25 0 0 0 0 0 0.125 0 0 0 0 0 0 0 0 0 0 0 0 0 0 0 0 0 0 0 0 0.125 0 0 0 0 0 0 0 0 0.125 0 0 0 0 0.25 0 0 0 0 0 0 0 0 0 0 0 0 0 0 
2 0 0 0 0 0 0.0967742 0 0.0322581 0 0 0 0 0 0 0 0 0 0 0 0 0.0967742 0 0 0 0 0 0 0 0.16129 0 0 0 0 0.0322581 0 0 0.0645161 0 0 0 0.0967742 0 0 0 0 0 0 0 0 0 0 0 0 0 0 0 0 0.0322581 0 0.0322581 0 0 0 0 0 0 0 0 0.258065 0.0967742 0 0 0 0 0 0 0 0 0 0 0 0 0 0 0.0322581 0 0 0 0.129032 0.0322581 0 0 0.0967742 0.0322581 0 0 0 0 0 0.0322581 0 0 0 0 0.0322581 0 0 0.0322581 0 0 0 0 0.16129 0 0 0 0 0 0 0 0 0 0.0645161 0 0 0.0967742 0 0 0.0645161 0 0.16129 0 0 0 0 0 0 0.0322581 0 0 
2 0 0 0 0.111111 0 0 0 0 0.111111 0 0 0 0 0 0 0 0 0 0 0 0 0 0 0 0 0 0 0 0 0 0 0 0 0 0 0.111111 0 0 0 0 0 0 0 0 0 0 0 0 0 0 0 0 0.111111 0.111111 0 0 0 0 0 0 0 0 0 0 0 0.111111 0 0 0.222222 0.111111 0 0 0 0 0 0 0 0 0 0 0.111111 0 0 0 0.111111 0 0 0.111111 0 0 0 0 0 0 0 0.111111 0 0 0 0.111111 0 0 0 0 0 0 0.111111 0 0 0 0 0.111111 0 0 0 0 0 0 0 0 0 0 0 0 0 0 0.222222 0 0 0 0 0 0 0 0 0 0 0 0 0 
2 0 0 0 0.263158 0 0 0 0 0 0 0 0 0 0 0.0526316 0.0526316 0 0 0 0 0 0 0 0 0 0 0 0 0.105263 0 0 0 0 0 0 0 0 0 0.0526316 0 0 0 0 0 0 0 0 0 0 0 0 0 0 0 0 0 0 0 0 0 0 0.315789 0 0 0 0 0 0 0.0526316 0.105263 0 0 0 0 0 0 0 0 0 0 0.105263 0 0 0 0.105263 0 0 0.105263 0.105263 0 0 0 0.105263 0 0 0 0 0 0 0.0526316 0 0 0.0526316 0.105263 0 0 0 0 0 0 0.0526316 0 0.0526316 0 0 0 0 0 0 0 0 0 0 0 0 0 0 0 0.0526316 0 0 0 0 0 0 0 0.0526316 0 0.0526316 0 
2 0 0 0 0 0 0 0 0 0 0 0 0 0 0 0 0 0.157895 0 0 0 0 0 0.105263 0 0 0 0 0 0 0 0 0 0.0526316 0 0 0.263158 0 0 0 0 0 0 0 0 0 0 0 0 0 0 0 0 0.0526316 0.0526316 0 0 0 0 0 0 0 0.0526316 0 0 0 0.157895 0.0526316 0 0 0.0526316 0 0.210526 0 0.157895 0 0 0 0 0 0.0526316 0 0 0 0 0.0526316 0 0 0.0526316 0 0 0 0 0.0526316 0.0526316 0 0 0 0 0 0 0 0 0 0 0 0 0 0 0 0 0 0.0526316 0.0526316 0 0 0 0.0526316 0 0 0 0.0526316 0.0526316 0 0 0 0 0.0526316 0 0.0526316 0 0 0 0 0 0 0 0 0 0 0 
2 0 0 0 0.0555556 0 0 0 0 0 0 0 0 0 0 0 0 0.111111 0 0 0 0.111111 0 0 0 0 0 0 0 0.0555556 0 0 0 0 0 0 0 0 0 0 0.222222 0 0 0 0 0 0 0 0 0 0 0 0 0 0.166667 0.0555556 0 0 0.0555556 0 0 0 0 0 0 0 0 0 0 0 0.166667 0 0 0 0 0 0 0 0 0 0 0 0 0 0 0.0555556 0 0 0 0.0555556 0 0 0 0.0555556 0.0555556 0 0 0 0.0555556 0 0 0 0 0 0 0 0 0 0 0 0 0 0 0.111111 0 0 0 0.222222 0 0 0 0 0 0 0 0 0.0555556 0.111111 0 0.166667 0 0 0 0 0 0 0 0.0555556 0 0 0 
2 0 0 0 0.1 0 0 0 0 0 0 0 0 0 0 0 0 0 0 0 0 0 0 0 0 0 0 0 0 0 0 0 0 0 0 0 0.2 0 0 0 0 0 0 0.1 0 0 0 0 0 0 0.1 0 0 0.2 0.1 0 0 0 0 0 0 0 0 0 0 0 0 0 0 0 0.2 0 0 0.1 0.1 0 0 0 0 0 0.1 0 0 0 0 0.1 0 0 0.1 0 0 0 0 0 0 0 0.2 0 0 0 0.1 0 0 0 0 0 0 0 0 0 0 0 0 0 0 0 0 0 0 0 0 0 0 0 0 0 0.1 0.1 0 0 0 0 0 0 0 0 0 0 0 0 0 
2 0 0 0 0.111111 0 0.037037 0 0.037037 0 0 0 0 0 0 0 0 0.037037 0 0 0 0 0.037037 0 0 0.037037 0 0 0 0 0 0 0 0 0.037037 0 0 0.037037 0 0 0.037037 0.037037 0 0 0.037037 0 0 0.037037 0 0 0 0 0 0 0.037037 0 0 0 0.037037 0.037037 0 0 0 0 0 0 0 0 0.148148 0.037037 0.185185 0.037037 0 0 0 0 0 0 0 0 0 0 0.148148 0 0.0740741 0 0 0 0 0.0740741 0.037037 0.0740741 0 0 0 0 0 0 0 0 0 0 0 0 0 0 0 0 0 0 0 0 0.0740741 0.037037 0 0 0 0.037037 0 0 0.037037 0 0 0.037037 0 0 0 0.037037 0 0.037037 0 0.037037 0 0 0 0 0 0.148148 0 0.0740741 0 
2 0 0 0 0 0 0 0 0 0 0 0 0 0 0 0 0 0 0 0 0.0666667 0 0 0.2 0 0 0 0 0 0.133333 0 0 0 0 0 0 0.2 0 0 0 0 0 0 0 0 0 0 0.0666667 0 0 0 0 0 0 0 0 0 0 0.0666667 0 0 0 0 0 0.133333 0 0 0 0 0.0666667 0.0666667 0 0 0.0666667 0.0666667 0 0 0 0 0 0 0 0 0 0 0 0 0 0 0 0 0.266667 0 0 0 0 0 0 0 0 0 0 0 0 0 0 0 0 0 0 0 0 0.133333 0.133333 0 0 0 0 0 0 0 0.133333 0 0 0 0 0 0.0666667 0 0 0 0 0 0 0 0 0 0 0.133333 0 0 
2 0 0 0 0.047619 0 0 0 0 0 0 0 0 0 0 0.142857 0 0.047619 0 0 0 0.190476 0 0 0 0 0 0 0 0.142857 0 0 0 0 0 0 0 0 0 0.047619 0.142857 0 0 0 0 0 0 0.0952381 0 0 0 0 0 0 0 0 0 0 0 0 0 0 0 0 0 0 0 0 0 0.047619 0.0952381 0 0 0 0 0 0 0 0 0 0 0.047619 0 0 0.047619 0.0952381 0 0 0 0.0952381 0 0 0 0 0 0 0 0 0 0 0.047619 0 0 0.047619 0 0.047619 0 0 0 0 0 0 0.0952381 0.0952381 0 0 0 0.0952381 0 0 0 0 0 0.0952381 0 0 0.142857 0 0 0.047619 0 0 0 0 0 0 0 0 0 0 0 
2 0 0 0.111111 0 0 0 0 0 0 0 0 0 0 0 0 0 0.111111 0 0 0 0 0 0.222222 0 0 0 0 0 0 0 0 0 0.111111 0 0 0.111111 0 0 0 0 0 0 0 0 0 0 0 0 0 0 0 0 0.333333 0 0 0 0 0 0 0 0 0 0 0 0 0 0 0 0 0 0 0 0 0 0 0 0 0 0 0.111111 0 0 0 0 0.222222 0 0.111111 0 0 0 0 0 0 0.111111 0 0 0 0 0 0 0 0 0 0 0 0 0 0 0 0 0 0 0 0.111111 0 0 0.111111 0 0 0 0 0 0 0 0 0.111111 0.111111 0 0 0 0 0 0 0 0 0 0 0 0 0 
2 0 0 0 0 0 0 0 0 0 0 0 0 0 0 0 0 0 0 0 0 0 0 0.214286 0 0 0 0 0 0.0714286 0 0 0 0 0 0 0 0 0 0 0.0714286 0 0 0 0 0 0 0 0 0 0 0 0 0.428571 0.142857 0 0 0 0.0714286 0 0 0 0 0 0 0 0 0 0 0 0 0 0 0 0 0 0 0 0 0 0.0714286 0 0 0 0.0714286 0.214286 0 0 0 0.0714286 0 0 0 0 0 0 0 0 0 0 0 0 0 0 0 0 0 0 0 0 0 0 0 0.142857 0 0 0 0.0714286 0 0 0 0 0 0 0 0 0 0.357143 0 0 0 0 0 0 0 0 0 0 0 0 0 
2 0 0 0 0 0 0 0 0 0 0 0 0 0 0 0 0 0.266667 0 0 0 0 0 0 0 0 0 0 0 0 0 0 0 0.2 0 0 0.266667 0 0 0 0 0 0 0 0 0 0 0 0 0 0 0 0 0.0666667 0.133333 0 0 0 0 0 0 0 0 0 0 0 0 0 0 0 0.0666667 0 0 0 0.0666667 0 0 0 0 0 0 0.0666667 0 0 0 0.0666667 0 0.0666667 0.133333 0 0 0 0 0.0666667 0 0 0 0 0.0666667 0 0 0 0 0 0 0 0 0 0 0 0 0 0 0 0 0 0 0 0 0 0 0.0666667 0 0 0 0 0.266667 0.0666667 0 0 0 0 0.0666667 0 0 0 0 0 0 0 0 
2 0 0 0 0 0 0 0 0 0 0 0 0 0 0 0.0714286 0 0 0 0 0 0.142857 0 0 0 0 0 0 0 0.142857 0 0 0 0 0 0 0 0 0 0 0 0 0 0 0 0 0 0 0 0 0 0 0 0.0714286 0.285714 0 0 0 0.0714286 0 0 0 0 0 0 0 0 0 0 0.142857 0.0714286 0 0 0 0 0 0 0 0 0 0 0 0 0 0.0714286 0.0714286 0 0 0 0 0 0.0714286 0 0 0 0 0 0 0 0 0.0714286 0 0 0 0 0 0 0 0 0 0 0 0 0.142857 0 0 0 0.0714286 0 0 0 0 0 0 0 0 0.357143 0 0 0.142857 0 0 0 0 0 0 0 0 0 0 0 
3 0 0 0 0.294118 0 0 0 0 0 0 0 0 0 0 0.0588235 0.176471 0 0 0.0588235 0 0 0 0 0 0 0 0.117647 0 0.0588235 0 0 0 0 0 0 0.0588235 0 0 0 0 0 0 0 0 0 0 0 0 0 0 0 0 0.117647 0.0588235 0 0 0 0 0 0 0 0 0 0 0 0 0 0 0 0 0.0588235 0 0.0588235 0 0 0 0 0 0 0.352941 0.117647 0 0 0 0 0 0 0.117647 0 0 0 0 0 0 0 0 0 0 0 0 0 0 0 0 0 0 0.117647 0.0588235 0 0 0 0 0 0.0588235 0 0 0 0 0 0 0 0 0 0 0 0 0 0 0 0 0 0 0 0 0.0588235 0 0 0 0 0 
3 0 0 0 0.24 0 0.12 0 0 0 0 0 0 0 0 0.04 0 0 0 0 0 0.04 0 0 0 0 0 0 0 0.08 0 0 0 0 0 0 0 0 0 0 0.08 0 0 0 0 0 0 0 0 0 0 0 0 0 0 0 0 0 0.04 0 0 0 0.04 0.16 0 0 0 0 0 0.16 0 0.04 0 0 0 0 0 0 0 0 0 0 0 0 0 0 0 0 0.04 0.16 0.04 0.04 0 0.08 0 0 0 0 0 0 0 0 0 0.08 0.12 0 0 0 0 0 0 0 0.12 0 0 0 0 0 0 0 0 0 0 0 0 0 0 0 0 0.12 0 0 0 0.08 0 0.04 0 0.04 0 0 0 
3 0 0.363636 0 0.181818 0 0 0 0 0.0909091 0 0 0 0 0 0 0 0 0 0 0 0 0.0909091 0 0 0 0 0.272727 0 0 0 0 0 0 0 0 0 0 0 0 0 0 0 0 0 0 0 0 0 0 0 0 0 0 0 0 0 0 0 0 0 0 0 0 0 0 0 0 0 0 0 0 0 0 0 0 0 0 0 0 0.181818 0.0909091 0 0 0 0 0 0 0 0 0 0 0 0 0 0 0 0 0 0 0 0 0 0 0 0 0 0.454545 0 0 0 0 0 0 0 0.0909091 0 0 0 0 0 0 0 0 0 0 0 0 0 0 0 0 0 0 0 0.181818 0 0 0 0 0 
3 0 0.206897 0 0.103448 0 0 0 0 0.655172 0.0344828 0 0 0 0 0 0 0 0 0 0 0 0 0 0 0 0 0 0 0 0 0 0 0 0 0 0 0 0 0 0 0 0 0 0 0 0 0 0 0 0 0 0 0 0 0 0 0 0 0 0 0 0 0 0 0 0 0 0 0 0 0 0 0 0 0 0 0 0 0 0 0.517241 0 0 0 0 0 0 0 0 0 0 0 0 0 0 0 0 0 0 0 0 0 0.0344828 0.0344828 0 0 0.310345 0 0 0 0 0 0 0 0 0 0 0 0 0 0 0 0 0 0 0.0344828 0 0 0 0 0 0 0.0689655 0 0 0 0 0 0 0 
3 0 0.0769231 0 0.153846 0 0 0 0 0 0.0769231 0 0 0 0 0 0 0.0769231 0 0 0 0.153846 0 0 0 0 0 0 0 0 0 0 0 0 0 0 0.153846 0 0 0 0 0 0 0 0 0 0 0 0 0 0 0 0 0.153846 0.0769231 0 0 0 0 0 0 0 0 0 0 0 0 0 0 0 0.0769231 0.0769231 0 0 0 0 0 0 0 0 0.153846 0.153846 0 0 0 0.0769231 0 0 0.0769231 0 0 0 0 0 0 0 0 0 0 0 0 0 0 0.153846 0 0 0 0.0769231 0 0 0 0 0 0 0 0 0 0 0 0 0 0.0769231 0 0 0 0.0769231 0 0.0769231 0 0 0 0 0 0 0 0 0 0 0 0 0 
3 0 0.310345 0 0.172414 0 0 0 0 0.206897 0 0 0 0 0 0 0.0344828 0 0 0 0 0 0 0 0 0 0 0 0 0 0 0 0 0 0 0 0.137931 0 0 0 0.0344828 0 0 0 0.0344828 0 0 0 0 0 0 0 0 0 0 0 0.0344828 0 0 0 0 0 0 0 0.0344828 0 0 0 0 0 0 0 0 0.0689655 0 0 0 0 0 0 0 0.37931 0 0 0 0 0 0 0.0344828 0 0 0 0 0 0 0 0.0344828 0 0 0 0 0 0 0 0 0 0 0.0689655 0 0 0 0 0.0344828 0.0344828 0 0 0 0.0344828 0 0 0 0.103448 0 0 0 0 0 0 0 0.0689655 0 0 0.0689655 0 0 0.0344828 0 0 0 0.0344828 0 
3 0 0.181818 0 0 0.0909091 0 0 0 0.0909091 0 0 0 0 0 0 0 0 0 0 0 0 0 0 0 0 0 0.181818 0 0 0 0 0 0 0 0 0.363636 0 0 0 0 0 0 0 0 0 0 0 0 0 0 0 0 0 0 0 0 0 0 0 0 0 0 0 0.0909091 0 0 0 0 0 0 0 0 0 0 0 0.0909091 0 0 0 0.0909091 0 0 0 0 0 0 0 0 0 0 0 0 0 0 0 0 0 0 0 0.0909091 0 0 0 0 0 0 0.0909091 0 0 0 0 0.0909091 0 0 0 0 0 0 0 0 0.0909091 0 0 0 0 0 0 0 0 0 0 0.0909091 0.0909091 0 0.272727 0 0 0 0 0 
3 0 0.1 0 0 0 0 0 0 0 0 0 0 0.1 0 0 0 0 0 0 0 0 0 0 0.2 0 0 0.1 0 0 0 0 0 0 0 0 0.5 0 0 0 0 0 0 0 0 0 0 0 0 0 0 0 0 0 0 0 0 0 0 0 0 0 0 0 0 0 0 0 0 0 0 0 0 0 0.1 0 0 0 0 0 0 0.1 0 0 0 0 0 0 0 0 0 0 0 0 0 0 0.2 0 0 0 0 0 0 0 0 0 0 0 0 0 0 0 0 0 0 0 0 0 0 0 0 0.4 0 0 0 0 0 0 0 0.1 0 0 0 0.1 0 0 0 0 0 0 0 
3 0 0 0 0 0 0 0 0 0 0 0 0 0 0 0 0.307692 0 0 0 0 0 0 0 0.0769231 0 0 0.538462 0 0 0 0 0 0 0 0 0.0769231 0 0 0 0 0 0 0 0 0 0 0 0 0 0 0 0 0 0 0 0 0 0 0 0 0 0 0 0 0 0 0 0 0 0 0 0 0 0.0769231 0 0 0 0 0 0.384615 0.153846 0 0 0 0 0 0 0.153846 0 0 0 0 0 0 0 0 0 0 0 0 0 0 0 0.0769231 0 0 0.0769231 0 0 0 0 0 0 0 0 0 0 0 0 0 0 0 0 0 0 0 0.0769231 0 0 0 0 0 0 0 0 0 0 0 0 0 
3 0 0 0 0 0 0 0 0.0588235 0 0 0 0 0 0 0 0.352941 0.0588235 0 0 0 0.0588235 0 0 0.0588235 0 0 0 0.0588235 0 0 0 0 0 0 0 0 0.294118 0 0 0 0 0 0 0 0 0 0 0 0 0 0 0 0 0 0 0 0 0.0588235 0 0 0 0 0 0 0 0 0 0 0 0 0 0.0588235 0 0 0 0 0 0 0 0 0.0588235 0.0588235 0 0 0 0 0 0 0.117647 0 0 0 0 0.0588235 0.0588235 0.0588235 0 0 0 0 0 0 0 0.0588235 0 0 0.0588235 0.0588235 0 0 0 0.0588235 0 0.0588235 0 0 0.117647 0 0 0 0 0 0 0 0 0.117647 0 0 0 0 0 0 0 0 0 0 0 0 0 0 
3 0 0 0 0.142857 0 0 0 0 0.0714286 0 0 0 0 0 0 0 0 0 0 0 0 0 0 0 0 0 0.214286 0 0 0 0 0 0 0 0 0.5 0 0 0 0 0 0 0 0 0 0 0 0 0 0 0 0 0 0 0 0 0 0 0 0 0 0 0 0 0 0 0 0 0 0.0714286 0 0 0.0714286 0.214286 0 0 0 0 0 0.0714286 0.0714286 0 0 0 0 0 0 0 0 0 0 0 0 0 0 0 0 0 0 0 0 0 0 0 0 0 0.285714 0 0 0.0714286 0 0 0 0 0 0 0 0 0 0 0.142857 0 0 0 0 0 0 0 0.0714286 0 0 0 0 0 0 0 0 0 0 0 
3 0 0.0833333 0 0.0833333 0 0 0 0 0 0 0 0 0 0 0 0 0 0 0 0 0 0 0 0.0833333 0 0 0 0.0833333 0 0 0 0 0 0 0 0.583333 0 0 0 0 0 0 0.0833333 0 0 0 0 0 0 0 0 0 0 0 0 0 0 0 0 0 0 0 0 0 0 0 0 0 0 0 0 0 0.0833333 0.166667 0 0 0 0 0 0 0 0 0 0.166667 0 0 0 0 0 0 0 0 0 0 0 0 0 0 0 0 0 0 0.0833333 0 0 0.0833333 0.0833333 0 0 0 0 0.0833333 0 0 0 0 0 0 0 0 0.25 0 0 0 0 0 0 0 0 0 0 0 0 0 0 0 0 0 0 0 
3 0 0.0833333 0.166667 0 0 0 0 0 0 0 0 0 0 0 0 0 0 0 0 0 0 0 0 0.25 0 0 0.166667 0 0 0 0 0 0 0 0 0.333333 0 0 0 0 0 0 0 0 0 0 0 0 0 0 0 0 0 0 0 0 0 0 0 0 0 0 0 0 0 0 0 0 0 0 0 0 0 0.0833333 0 0 0 0 0 0 0 0 0 0 0 0 0 0 0 0 0 0 0 0 0 0.0833333 0 0 0 0 0 0 0.166667 0 0 0 0.25 0 0 0 0 0 0.0833333 0 0 0 0 0 0 0 0.333333 0 0 0 0 0 0 0 0 0 0 0 0 0 0 0 0 0 0 0 
3 0 0.307692 0 0 0 0 0 0 0 0 0 0 0 0 0 0 0 0 0 0 0 0.0769231 0 0.307692 0 0 0 0.0769231 0 0 0 0 0 0 0 0.230769 0 0 0 0 0 0 0 0 0 0 0 0 0 0 0 0 0 0 0 0 0 0 0 0 0 0 0 0 0 0 0 0 0 0 0 0 0 0.0769231 0 0 0 0 0 0 0.0769231 0 0 0 0 0 0 0 0 0 0 0 0 0.0769231 0 0.230769 0 0 0 0 0 0 0.153846 0 0 0 0.153846 0 0 0 0 0 0 0 0 0 0.0769231 0 0 0 0 0 0 0 0 0 0 0 0.0769231 0 0 0 0 0 0.0769231 0 0 0 0 0 
4 0 0 0 0.0588235 0 0 0 0 0 0 0 0 0 0 0.176471 0 0 0 0 0 0.0588235 0 0.176471 0 0 0 0 0 0.117647 0 0 0 0 0 0 0 0 0 0 0.0588235 0 0 0 0 0 0 0 0 0 0 0 0 0.0588235 0.235294 0 0 0 0 0 0 0 0 0 0 0 0 0 0 0 0.0588235 0.0588235 0.0588235 0.0588235 0 0 0 0 0 0 0.117647 0 0 0 0 0.117647 0 0 0.0588235 0 0.117647 0 0 0.0588235 0 0 0 0 0 0 0 0 0 0 0.117647 0 0 0 0 0 0 0 0 0.0588235 0.0588235 0 0 0 0 0 0 0 0 0 0 0 0 0.117647 0 0 0 0 0 0 0 0 0 0 0 0 0 
4 0.0181818 0 0 0 0 0.00454545 0.0227273 0 0 0 0 0 0.00909091 0.0590909 0 0 0 0 0 0.0363636 0 0 0 0 0 0 0 0 0 0 0.118182 0 0 0.00909091 0.00909091 0 0 0 0 0 0 0 0 0 0.35 0.00454545 0 0 0 0 0.00909091 0.0272727 0 0 0 0 0 0 0 0 0.322727 0 0 0 0 0 0 0 0 0 0 0 0 0 0 0.00454545 0 0.00454545 0.113636 0 0 0 0.0272727 0 0 0.0227273 0 0 0 0 0 0.0363636 0 0 0.2 0 0 0 0 0 0.00909091 0.00454545 0 0 0 0 0 0.0181818 0 0 0 0.00454545 0 0.0181818 0 0 0.0409091 0 0.0818182 0.00454545 0 0 0.00454545 0 0 0 0 0.0136364 0 0.240909 0.00454545 0 0 0.0636364 0 0 0.00454545 0.0136364 0 0.0636364 
4 0 0 0 0 0.25 0 0 0 0 0 0 0 0 0 0 0 0 0 0 0 0 0 0.125 0 0 0 0 0 0 0 0 0 0 0 0 0.5 0 0 0 0 0 0 0 0 0 0 0 0 0 0 0 0 0 0.125 0 0 0 0 0 0 0 0 0 0 0 0 0 0 0 0 0.125 0 0 0.125 0 0 0 0 0 0 0 0 0 0 0.125 0 0 0 0 0 0 0 0 0 0.125 0.125 0 0 0 0 0 0 0 0 0 0.125 0 0 0 0 0 0 0 0 0 0 0 0 0 0 0.25 0 0 0 0 0 0 0 0 0 0 0 0 0 0 0 0 0 0 0 
4 0.0833333 0 0 0 0 0 0 0 0 0 0 0 0 0 0 0 0 0 0 0.0119048 0 0 0 0 0.0119048 0 0 0 0 0 0 0 0 0.0119048 0.0714286 0 0.0119048 0.047619 0 0 0.0238095 0.119048 0 0.0357143 0 0.297619 0 0.0952381 0 0 0 0 0 0 0.0595238 0 0 0 0.0833333 0 0 0 0 0 0.0238095 0 0 0.0119048 0 0 0.0238095 0.0119048 0 0 0.047619 0 0 0.0833333 0 0 0 0.166667 0.0119048 0 0 0 0 0 0.0238095 0.0595238 0.0119048 0 0 0.0357143 0 0 0 0 0 0 0 0 0 0 0.0952381 0 0 0.0357143 0.0595238 0 0.0119048 0 0 0.0119048 0 0 0 0 0 0.0357143 0 0.0119048 0.0952381 0.0119048 0 0 0 0 0 0 0.0238095 0 0.0119048 0 0 0 0 0.119048 0 0 
4 0 0 0 0 0 0 0 0 0 0 0 0 0 0 0 0 0 0 0 0 0 0 0 0 0 0 0 0 0 0 0 0 0 0 0 0.111111 0 0 0 0 0 0 0 0 0 0 0 0 0.111111 0 0 0 0.222222 0 0 0 0.111111 0.222222 0 0 0 0 0 0 0 0.222222 0 0 0 0 0 0 0 0.333333 0 0 0 0 0 0.111111 0 0 0 0 0.111111 0 0 0 0 0 0 0 0 0 0 0 0 0 0 0.111111 0 0 0 0 0 0 0 0 0 0 0 0 0 0 0 0 0 0 0 0 0 0 0 0 0 0 0.222222 0 0 0 0 0.111111 0 0 0 0 0 0 0 0 
4 0 0 0 0 0 0 0 0 0 0 0 0 0 0 0.0416667 0 0 0 0 0 0 0 0 0 0 0 0 0 0.0833333 0 0 0 0 0 0 0.0416667 0 0 0 0 0 0 0 0.25 0 0 0.0416667 0 0 0 0 0 0 0 0 0 0 0.0416667 0.0833333 0 0 0 0 0 0.25 0 0 0.125 0 0.0416667 0 0 0 0 0 0 0 0.0416667 0 0 0 0.25 0 0.0833333 0 0 0 0 0 0 0 0 0 0.0416667 0 0 0 0 0 0 0 0 0 0 0 0 0 0 0 0 0 0 0.0833333 0.0416667 0 0 0 0 0 0 0.0416667 0 0 0 0 0 0 0 0.0833333 0 0.125 0 0 0 0 0 0.0833333 0 0.125 0 
4 0 0 0.142857 0 0.142857 0 0 0 0 0 0 0 0 0 0.142857 0 0 0 0 0 0 0 0.142857 0 0 0 0 0 0 0 0 0 0 0 0 0.285714 0 0 0 0 0 0 0 0 0 0 0 0 0 0 0 0 0 0 0 0 0 0 0 0.142857 0 0 0 0 0 0 0 0 0 0 0 0 0 0.428571 0 0 0 0 0 0 0 0 0 0 0.142857 0 0 0 0 0 0 0 0 0 0 0 0 0 0 0 0 0 0 0 0 0 0 0 0 0 0 0 0.142857 0 0 0 0.285714 0 0 0 0 0 0 0 0 0 0 0 0 0 0 0 0 0 0 0 0 0 0 0 
4 0 0 0 0.25 0 0 0.166667 0 0 0 0 0 0 0 0.0833333 0 0 0 0 0 0 0 0 0 0 0 0 0 0 0 0 0 0 0 0 0.166667 0 0 0 0.25 0 0 0 0 0 0 0 0 0 0 0 0 0 0 0 0 0 0 0 0 0 0 0 0 0 0 0 0 0.0833333 0 0 0 0.166667 0.0833333 0 0 0 0 0 0 0 0 0 0 0 0 0 0 0 0 0 0 0 0 0 0 0 0 0 0 0 0 0 0 0 0 0 0 0 0 0 0.0833333 0.25 0.0833333 0 0 0 0 0 0 0.166667 0 0 0 0 0 0 0 0.166667 0 0 0 0 0 0 0 0 0 0 0 
4 0 0.0555556 0 0.111111 0.0555556 0 0 0 0 0 0 0 0 0 0 0.0555556 0 0 0 0 0 0 0.111111 0 0.0555556 0 0 0 0.166667 0 0 0 0 0 0 0.0555556 0 0 0 0.0555556 0 0 0 0 0 0 0 0 0 0 0 0 0.0555556 0 0 0 0 0.111111 0 0 0 0 0 0 0 0 0 0 0.0555556 0.0555556 0.0555556 0 0 0 0 0 0 0 0 0 0 0 0 0.0555556 0 0 0 0 0.0555556 0 0.222222 0 0 0.0555556 0 0 0 0 0 0 0 0 0 0 0 0 0.0555556 0 0 0 0 0 0.0555556 0 0 0 0.0555556 0 0 0 0.111111 0 0.0555556 0 0 0.0555556 0 0 0.111111 0 0 0 0.0555556 0 0 0 0 0 0 0 
4 0.0810811 0 0 0 0 0 0.036036 0 0.00900901 0 0 0 0 0 0 0 0 0 0 0.234234 0 0 0 0 0.018018 0 0 0 0.018018 0 0 0 0 0 0 0 0.027027 0 0.0900901 0.018018 0.045045 0 0 0 0.126126 0 0 0 0 0 0 0.162162 0 0 0 0 0 0.00900901 0 0.027027 0.0630631 0.00900901 0 0 0 0 0 0 0.00900901 0.018018 0 0 0 0 0.00900901 0.018018 0 0.108108 0.135135 0 0.00900901 0 0.018018 0.00900901 0 0 0 0 0.027027 0 0.018018 0.00900901 0.00900901 0.018018 0.00900901 0 0 0 0 0.00900901 0 0.00900901 0 0.018018 0.00900901 0 0 0.171171 0 0 0 0.027027 0.045045 0.00900901 0 0 0 0 0.018018 0.027027 0 0 0 0 0 0 0 0.0630631 0.00900901 0.036036 0.027027 0.00900901 0 0 0 0 0 0 0 0.117117 
4 0 0 0 0.181818 0 0 0 0 0 0 0 0 0 0 0 0 0 0 0 0 0.0909091 0 0 0 0 0 0 0 0 0 0 0 0 0 0 0.181818 0 0 0 0 0 0 0 0 0 0 0.0909091 0 0 0 0 0 0 0 0 0 0 0.181818 0 0 0 0 0 0 0 0 0 0 0.181818 0.0909091 0 0 0 0 0 0 0 0 0 0 0 0.181818 0 0.0909091 0 0 0 0 0 0 0 0 0 0.0909091 0 0.0909091 0 0 0 0 0 0 0 0 0 0 0 0 0 0 0 0 0.0909091 0 0 0 0.181818 0 0 0 0 0 0 0 0 0.0909091 0 0 0.0909091 0 0.0909091 0 0 0 0 0 0 0 0 0 
4 0 0 0 0 0 0 0 0 0 0 0 0 0 0 0 0 0 0 0 0.25 0 0 0 0 0 0 0 0 0 0 0 0 0 0 0 0 0.25 0 0 0 0.0625 0 0.0625 0 0 0 0 0 0 0 0 0 0 0 0 0 0 0.25 0 0 0 0 0 0 0.0625 0 0 0 0.0625 0 0 0 0 0 0 0 0 0 0 0 0 0 0 0 0 0 0 0 0.25 0 0 0 0 0 0 0 0 0 0 0 0 0 0 0 0 0 0 0.4375 0 0 0 0 0.0625 0.125 0 0 0 0 0 0.0625 0 0 0 0 0 0 0 0 0 0 0.0625 0 0 0 0 0 0 0 0 0 
4 0 0 0.153846 0 0 0 0 0 0 0 0 0 0 0 0 0 0 0 0 0 0 0 0 0 0 0 0 0 0 0 0 0 0 0 0 0.538462 0 0 0 0.153846 0 0 0 0 0 0 0 0 0 0 0 0 0 0.0769231 0.0769231 0 0 0 0 0 0 0 0 0 0 0 0 0 0 0 0 0 0.153846 0.153846 0 0 0 0 0 0 0 0 0 0 0 0 0.0769231 0 0 0 0 0 0 0.0769231 0 0 0 0 0 0.0769231 0 0 0 0 0 0.0769231 0.0769231 0 0 0 0 0.0769231 0 0.0769231 0 0 0 0 0 0 0.153846 0 0 0 0 0 0 0 0 0 0 0 0 0 0 0 0 0 0 0 
4 0 0 0 0.0714286 0 0 0 0 0 0 0 0 0 0 0.214286 0 0 0 0 0 0 0 0.142857 0 0 0 0 0 0.214286 0 0 0 0 0 0 0 0 0 0 0.0714286 0 0 0 0 0 0 0 0 0.0714286 0 0 0 0 0 0 0 0 0 0 0 0 0.0714286 0 0 0 0 0 0 0.142857 0 0 0 0 0 0 0 0 0 0 0 0 0 0 0.214286 0 0 0 0 0 0 0 0 0 0.0714286 0 0 0 0 0 0.0714286 0 0 0 0.0714286 0 0 0 0 0 0 0 0 0 0.0714286 0 0 0.0714286 0 0 0 0 0 0 0 0 0 0 0 0 0 0.357143 0 0 0 0 0 0.0714286 0 0 0 
5 0 0 0 0.0909091 0 0 0 0 0 0 0 0 0 0 0 0.0909091 0 0 0 0 0 0 0 0 0 0 0 0.181818 0 0 0 0 0 0 0 0 0 0 0 0 0 0 0.181818 0 0 0 0 0 0 0 0 0 0.0909091 0.181818 0 0 0 0 0 0 0 0.0909091 0 0 0 0 0 0 0 0.0909091 0 0 0 0 0 0 0 0 0 0.181818 0 0 0 0.0909091 0 0 0 0 0 0 0 0 0 0 0 0 0 0.181818 0 0 0 0 0 0 0 0 0.181818 0 0 0 0 0 0 0 0 0 0 0 0 0 0 0 0 0 0 0 0.0909091 0 0.181818 0 0 0 0.0909091 0 0 0 0 0 0 0 
5 0 0 0 0 0 0 0 0.107143 0 0 0 0 0 0 0.0357143 0 0 0 0 0 0 0 0.0357143 0 0 0 0 0 0 0 0 0 0 0 0 0.0357143 0.0357143 0 0.0357143 0.0357143 0 0 0 0 0 0 0 0 0 0 0 0 0.0357143 0.321429 0 0 0 0 0 0 0 0.0357143 0 0 0 0 0 0 0.25 0.0357143 0 0 0 0 0 0 0 0.0357143 0 0 0 0 0 0.0357143 0 0 0 0.0357143 0.107143 0.0357143 0 0 0.142857 0 0 0 0 0 0 0 0 0 0 0.0357143 0 0 0 0 0 0 0 0 0.0357143 0.0357143 0 0 0.0357143 0 0 0 0.0357143 0 0 0 0 0.214286 0 0 0.107143 0 0 0 0 0 0 0 0.0714286 0.0357143 0 0 
5 0 0.166667 0 0 0 0 0 0 0 0 0 0 0 0 0 0 0 0 0.166667 0 0 0 0 0.333333 0 0 0.333333 0 0 0 0 0 0 0 0 0 0 0 0 0 0 0 0 0 0 0 0 0 0 0 0 0 0 0 0 0 0 0 0 0 0 0 0 0 0 0 0 0 0 0 0 0 0 0 0 0 0 0 0 0.166667 0 0 0 0 0 0 0 0 0 0 0 0 0 0 0 0 0 0 0 0 0 0 0 0 0 0 0.333333 0 0 0 0 0 0 0 0.166667 0 0 0 0 0 0 0 0 0 0 0 0 0 0 0 0 0 0 0 0.333333 0 0 0 0 0 
5 0 0 0 0.125 0 0 0 0 0 0 0 0 0 0 0 0.375 0 0 0 0 0 0 0 0.5 0 0 0 0 0 0 0 0 0 0 0 0 0 0 0 0 0 0 0 0 0 0 0 0 0 0 0 0 0 0 0 0 0 0 0 0 0 0 0 0 0 0 0 0 0 0 0 0 0 0 0 0 0 0 0 0 0 0 0 0 0 0 0 0 0 0 0 0 0 0 0 0 0 0 0 0 0 0 0 0 0 0 0.125 0 0 0 0 0 0 0 0 0 0 0 0 0 0 0 0 0 0 0 0.125 0 0 0 0 0 0 0 0.75 0 0 0 0 0 
5 0 0 0 0 0 0 0 0 0 0 0 0 0 0 0 0 0.0714286 0 0 0 0.0714286 0.0714286 0.0714286 0 0 0 0 0 0.0714286 0 0 0 0 0 0 0.285714 0 0 0 0 0 0 0 0 0 0 0 0 0 0 0 0 0 0.142857 0 0 0 0.0714286 0 0 0 0 0 0 0 0 0 0.0714286 0.0714286 0 0 0.0714286 0 0 0 0 0 0 0 0 0 0 0 0 0.0714286 0 0 0 0.0714286 0 0 0 0 0 0 0 0 0 0 0 0 0 0 0.0714286 0.0714286 0.0714286 0.0714286 0 0 0 0 0.0714286 0 0 0 0 0 0 0.0714286 0 0.0714286 0 0 0 0 0 0.214286 0 0 0 0 0.0714286 0 0 0 0 0 0 0 0 
5 0 0 0 0.1 0 0 0 0 0 0 0 0 0 0 0 0.1 0 0 0 0 0 0 0.1 0 0 0 0 0 0 0 0 0 0 0 0 0.2 0 0 0 0.1 0 0 0 0 0 0 0.1 0 0 0 0 0 0 0 0 0 0 0 0 0 0 0 0 0.3 0 0 0 0 0 0 0 0 0 0 0 0 0 0 0 0 0 0 0 0.1 0 0 0 0.2 0 0 0 0 0 0 0 0.1 0 0.1 0 0 0 0 0.1 0 0 0 0.1 0 0 0 0 0 0 0 0 0 0.1 0 0 0 0 0 0 0 0 0 0 0 0 0 0 0.1 0 0 0.1 0 0 0 0 0 
5 0 0.111111 0 0 0 0 0 0 0 0 0 0 0 0 0 0.222222 0 0 0.111111 0 0.111111 0 0 0 0 0 0 0 0 0 0 0 0 0 0 0.222222 0 0 0 0 0 0 0.111111 0 0 0 0 0 0 0 0 0 0 0 0 0 0 0 0 0 0 0 0.111111 0 0 0 0 0 0 0 0 0 0 0 0 0 0 0 0 0 0 0 0 0.111111 0 0 0 0 0 0 0 0 0 0.111111 0 0 0 0.222222 0 0.111111 0 0 0 0 0 0 0 0 0 0 0 0 0.111111 0.111111 0 0 0.111111 0 0 0 0 0 0 0 0 0 0 0 0 0 0 0 0 0 0 0 0.111111 0 0 0 
5 0 0 0 0 0 0 0 0 0 0 0 0 0 0 0 0.1 0 0 0 0 0 0 0 0 0 0 0 0 0 0 0 0 0.1 0 0 0.4 0 0 0 0.1 0 0 0.1 0 0 0 0 0 0 0 0 0 0 0.1 0 0 0 0 0 0 0 0 0 0 0 0 0 0 0.1 0 0.1 0 0 0 0 0 0 0 0 0 0 0 0 0 0 0 0 0 0 0 0.1 0 0 0.1 0 0 0 0.2 0 0 0 0 0.1 0 0 0 0 0 0 0 0 0.1 0 0 0 0 0.1 0 0 0 0.2 0 0 0 0 0 0 0 0 0 0 0 0 0 0 0 0 0 0 0 
5 0 0 0 0 0 0 0 0 0 0 0 0 0 0 0 0.222222 0 0 0.111111 0 0 0 0 0 0 0 0 0 0 0 0 0 0 0 0 0.111111 0 0 0 0 0 0 0 0 0 0 0.111111 0 0 0 0 0 0.111111 0.111111 0 0 0 0 0 0 0 0.111111 0 0 0 0 0 0 0 0.111111 0 0 0 0 0 0 0 0 0 0.222222 0 0 0 0.111111 0 0 0 0 0 0 0 0 0 0 0 0 0 0 0 0 0 0 0 0 0 0 0 0 0 0 0 0.111111 0 0 0 0 0.111111 0 0 0 0.111111 0 0 0 0 0 0.111111 0 0 0 0 0 0 0 0.222222 0 0 0 0 0 
5 0 0 0 0.0833333 0 0 0 0 0 0 0 0 0 0 0 0 0 0 0 0 0 0 0 0 0 0 0 0 0 0 0 0 0 0 0 0.416667 0 0 0 0 0 0 0 0 0 0 0.0833333 0 0 0 0 0 0 0 0 0.25 0 0 0 0 0 0 0 0 0 0 0 0 0 0.166667 0 0 0.25 0.166667 0 0 0 0 0 0 0 0 0 0 0 0 0 0 0 0 0 0 0 0 0 0 0 0 0 0 0 0 0 0 0 0 0 0 0 0 0 0.166667 0 0.0833333 0 0.0833333 0 0 0 0 0.0833333 0 0 0 0 0 0 0 0 0 0 0 0 0 0 0 0.0833333 0.0833333 0 0 
5 0 0 0 0 0.0909091 0 0 0 0.0909091 0 0 0 0 0 0 0 0 0 0 0 0.0909091 0 0 0 0 0 0 0.0909091 0 0 0 0 0 0 0 0.363636 0 0 0 0.0909091 0 0 0 0 0 0 0 0 0 0.181818 0 0 0 0 0 0 0 0 0 0 0 0 0 0 0 0 0 0 0 0 0 0 0 0 0 0 0 0 0 0 0.0909091 0 0 0.181818 0 0 0 0 0 0.0909091 0 0 0 0 0 0 0 0 0 0 0 0 0 0.0909091 0 0 0 0 0 0 0.0909091 0 0.0909091 0 0 0 0 0 0 0 0.0909091 0.0909091 0 0 0 0 0 0 0.0909091 0 0 0 0 0 0 0 0.0909091 0 0 0 
5 0 0.0714286 0 0 0 0 0 0 0 0 0 0 0 0 0 0 0 0 0 0 0.0714286 0 0 0.428571 0 0 0 0 0 0 0 0 0 0 0 0.0714286 0 0 0 0 0 0 0 0.142857 0 0 0 0 0.0714286 0 0 0 0 0 0 0 0 0 0 0 0 0 0 0 0.0714286 0 0 0 0 0.0714286 0 0 0 0 0 0 0 0 0 0 0 0 0 0 0 0 0 0.142857 0 0 0 0 0 0 0 0 0 0.214286 0 0 0 0 0 0.0714286 0 0 0.0714286 0 0 0 0 0 0.0714286 0 0 0 0 0 0 0 0.0714286 0 0.0714286 0 0 0.0714286 0 0 0 0 0 0 0 0 0.142857 0 0.0714286 0 0 0 
5 0 0 0 0 0 0 0 0 0 0 0 0 0 0 0 0 0.142857 0 0 0 0.142857 0 0 0 0 0 0 0 0.142857 0 0 0 0 0 0 0 0 0 0 0 0 0 0 0 0 0 0 0 0 0 0 0 0 0 0 0 0 0.142857 0 0 0 0 0 0 0.142857 0 0 0 0.142857 0.142857 0 0 0 0 0 0 0 0 0 0 0.142857 0 0 0.285714 0 0 0 0 0 0 0 0 0 0.142857 0 0 0 0 0 0 0 0 0 0 0 0 0 0.142857 0 0 0.142857 0 0 0 0 0 0 0 0 0 0 0 0 0 0 0 0 0 0 0 0.142857 0 0 0 0 0 0 0 0 0 
5 0 0 0 0 0 0 0 0 0 0 0 0 0 0 0 0 0 0 0 0 0.428571 0 0.142857 0 0 0 0 0 0 0 0 0 0 0 0 0 0 0 0 0 0 0 0 0 0 0 0 0 0 0 0 0 0 0 0 0 0.285714 0 0 0 0 0 0 0 0 0 0 0 0.142857 0 0 0.142857 0 0 0 0 0 0 0 0 0 0 0 0 0 0 0 0.428571 0 0 0 0 0 0.142857 0 0 0 0 0 0 0 0 0 0 0 0 0 0 0 0 0 0 0.142857 0 0 0 0 0 0 0 0 0 0 0 0 0 0.142857 0 0 0 0 0 0 0 0 0 0 0 0 0 
6 0 0 0 0 0 0 0 0 0 0 0 0 0 0 0 0 0 0 0 0 0 0 0 0 0 0 0 0 0.166667 0 0 0 0 0 0 0 0 0 0 0.333333 0 0 0 0 0 0 0 0 0 0 0 0 0 0 0 0 0 0.333333 0 0 0 0 0 0 0 0 0 0 0.166667 0 0 0 0.333333 0 0 0 0 0 0 0.166667 0 0 0 0.166667 0 0 0 0 0 0 0 0 0 0 0.166667 0 0 0 0 0 0 0 0 0 0 0 0 0 0 0 0 0 0 0 0 0 0 0 0 0 0.166667 0 0 0 0 0 0 0 0 0 0 0 0 0 0 0 0 0 0 0 
6 0.0153061 0 0 0 0 0.0663265 0.0663265 0.00510204 0 0 0 0 0 0.0255102 0 0 0 0.0153061 0 0.0408163 0 0 0 0 0 0 0 0 0 0 0.0918367 0 0 0.147959 0.0153061 0 0 0 0 0 0.0153061 0 0 0 0.0612245 0 0 0 0 0 0.00510204 0.0612245 0 0 0 0 0 0.00510204 0 0.00510204 0.352041 0 0 0 0 0 0 0 0.00510204 0 0 0 0 0 0 0.0408163 0 0.0102041 0.102041 0 0 0 0.0255102 0 0 0.0255102 0 0 0.0306122 0 0 0.0102041 0.00510204 0 0.158163 0 0 0 0 0.00510204 0 0.00510204 0 0.00510204 0 0 0 0.0714286 0 0 0.0102041 0.00510204 0 0.0408163 0 0 0.0102041 0 0.0561224 0.0459184 0 0 0.0153061 0 0 0 0 0.0102041 0.00510204 0.102041 0 0 0 0.0102041 0 0 0.0255102 0.0306122 0 0.137755 
6 0 0.222222 0 0 0 0 0 0 0 0 0 0 0 0 0.111111 0 0 0 0 0 0 0 0 0.111111 0 0 0.444444 0 0 0 0 0 0 0 0 0 0 0 0 0 0 0 0 0 0 0 0 0 0 0.111111 0 0 0 0 0 0 0 0 0 0 0 0 0 0 0 0 0 0 0 0 0 0 0 0 0 0 0 0 0 0 0 0 0 0 0 0 0 0 0 0 0 0 0 0 0 0 0 0.111111 0 0 0 0 0 0.111111 0 0 0.333333 0 0 0 0 0 0 0 0 0 0 0 0 0 0 0 0 0 0 0.111111 0.111111 0 0.111111 0 0 0 0 0 0.111111 0 0 0 0 0 
6 0 0 0 0 0 0 0 0.0410959 0 0 0 0 0 0 0 0 0 0 0 0.0136986 0 0 0 0 0.0136986 0 0 0 0 0 0 0 0 0.109589 0.479452 0 0 0.0958904 0.0136986 0 0.0136986 0 0 0.0136986 0 0.0547945 0 0 0 0 0 0 0 0 0.0273973 0 0 0 0.0821918 0 0 0 0.0136986 0 0 0 0 0.0273973 0 0 0 0 0 0 0.0547945 0 0 0.150685 0 0 0 0.0958904 0 0 0 0 0 0 0 0 0.0136986 0.0136986 0 0.0136986 0 0 0 0 0.205479 0 0 0 0 0.0136986 0 0 0 0 0.0684932 0 0.0136986 0 0 0.0136986 0 0 0 0 0.0136986 0.0273973 0 0.0136986 0.109589 0 0 0 0 0.0136986 0 0 0 0 0 0 0 0.0547945 0.0273973 0.0547945 0.0273973 0 
6 0 0 0 0 0 0 0 0 0 0 0 0 0 0 0 0 0 0 0 0.0625 0 0 0 0 0 0 0 0.0625 0 0 0 0 0 0 0 0.6875 0 0 0 0 0 0 0 0 0 0 0 0 0 0 0 0 0 0 0 0 0 0.0625 0 0 0 0 0 0 0 0.125 0 0 0 0 0 0 0 0.25 0 0 0 0 0 0 0 0 0 0 0 0 0.0625 0 0 0 0 0 0 0 0 0.0625 0 0.0625 0 0 0 0 0.0625 0 0 0 0 0 0 0 0 0 0 0 0 0 0.125 0 0 0.0625 0.3125 0 0 0 0 0 0 0 0 0 0 0 0 0 0 0 0 0 0 0 
6 0 0 0 0 0 0 0 0 0 0 0 0 0 0 0.0697674 0 0.162791 0 0 0.0232558 0.0232558 0.0232558 0 0 0 0 0 0 0.0232558 0 0 0 0 0 0.162791 0 0.0465116 0 0 0 0 0 0 0.0697674 0 0 0 0 0.186047 0 0 0 0 0 0.0232558 0 0.0232558 0 0.0930233 0 0 0 0 0 0.0465116 0 0 0 0 0.0232558 0 0 0 0 0 0 0 0.0232558 0 0 0 0.0930233 0 0 0 0 0 0 0.0232558 0.116279 0.0930233 0 0.0232558 0.0697674 0 0 0 0 0 0 0 0 0 0 0.0697674 0 0 0.0232558 0.139535 0 0 0 0.0232558 0.0232558 0.0930233 0 0 0 0 0 0 0 0 0 0 0 0.0232558 0 0 0 0 0 0.0232558 0 0 0.0232558 0.0697674 0 0.0465116 0 
6 0 0 0 0 0 0 0 0 0 0 0 0 0 0 0 0 0 0 0 0 0 0 0 0.1 0 0 0 0.5 0 0 0 0 0 0 0 0.4 0 0 0 0 0 0 0 0 0 0 0 0 0 0 0 0 0 0 0 0 0 0 0 0 0 0 0 0 0 0 0 0 0 0 0 0 0 0.2 0 0 0 0 0 0 0 0 0 0 0 0 0.1 0 0 0 0 0 0 0 0 0.2 0 0.3 0 0 0 0 0 0 0 0 0 0 0 0 0 0 0 0 0 0 0 0 0 0 0.1 0 0 0 0 0 0 0 0 0 0 0 0 0 0.1 0 0 0 0 0 
6 0.0483871 0 0 0 0 0.016129 0 0.0322581 0 0 0 0 0 0 0.016129 0 0 0 0 0.016129 0.016129 0.016129 0 0 0 0 0 0 0 0 0 0 0 0.0967742 0.112903 0 0.0645161 0.322581 0 0.0322581 0.0483871 0 0 0 0 0 0 0.016129 0 0.016129 0 0 0 0 0 0 0 0 0.0322581 0.0967742 0 0 0 0 0 0 0 0 0 0 0 0 0 0 0.0322581 0.016129 0 0 0.016129 0 0 0 0 0 0 0.0322581 0 0 0.0483871 0.016129 0.016129 0 0.016129 0.016129 0.0483871 0.016129 0 0 0 0 0 0 0.016129 0.112903 0 0 0 0.016129 0.016129 0 0 0.016129 0 0.16129 0 0 0.016129 0 0.016129 0.0967742 0 0 0.0967742 0 0 0 0 0.016129 0 0 0.016129 0 0 0 0 0 0 0.129032 0 0 
6 0 0 0 0 0.0909091 0 0 0 0 0 0 0 0 0 0 0 0 0 0 0 0 0 0 0 0 0 0 0 0 0 0 0 0 0 0 0.727273 0 0 0 0 0 0 0 0 0 0 0 0 0 0 0 0 0 0 0 0 0 0 0 0 0 0 0 0 0 0.181818 0 0 0 0 0 0 0 0.454545 0 0 0 0 0 0 0 0 0 0 0 0 0 0 0 0 0 0 0 0 0 0 0 0 0 0 0 0 0 0 0 0.0909091 0 0 0 0 0 0 0 0 0 0 0 0 0 0 0.454545 0 0 0 0 0 0 0 0 0 0 0 0 0 0 0 0 0 0 0 
6 0 0 0 0 0 0 0 0 0 0 0 0 0 0 0 0 0 0 0 0 0.357143 0 0 0 0 0 0 0.0714286 0 0 0 0 0 0 0 0 0 0 0.0714286 0.214286 0 0 0 0 0 0 0.0714286 0 0 0 0 0 0 0 0 0 0 0.142857 0 0 0 0 0 0 0 0 0 0 0 0.0714286 0 0 0 0 0 0 0 0.0714286 0 0 0 0 0 0.357143 0 0 0 0 0 0 0 0 0 0 0 0 0 0.0714286 0 0.0714286 0 0 0 0 0 0 0 0.0714286 0 0 0 0.214286 0 0 0 0 0.142857 0 0 0 0 0 0 0 0 0 0 0 0 0 0 0 0 0 0 0 0 0 0 0 
6 0 0 0 0 0 0 0 0 0 0 0 0 0 0 0 0 0 0 0 0 0 0 0 0 0 0 0 0 0 0 0 0 0 0 0 0.846154 0 0 0 0.0769231 0 0 0.0769231 0 0 0 0 0 0 0 0 0 0 0 0 0 0 0 0 0 0 0 0 0 0 0 0 0 0 0 0 0 0 0.0769231 0 0 0 0 0 0 0 0 0 0 0 0 0.0769231 0 0.0769231 0 0 0 0 0 0 0.230769 0 0.0769231 0 0 0 0 0 0 0 0.0769231 0 0 0 0 0 0 0 0 0 0 0.153846 0 0 0 0.153846 0 0 0 0.0769231 0 0 0 0 0 0 0 0 0 0 0 0 0 0 0 
6 0 0 0 0 0 0 0 0 0 0 0 0 0 0 0 0 0 0 0 0 0 0 0 0 0 0 0 0 0 0 0 0 0 0 0.0833333 0.75 0 0 0 0 0 0 0 0 0 0 0 0 0 0.0833333 0 0 0 0 0 0 0 0 0 0 0 0 0 0 0.0833333 0 0 0 0 0 0 0 0.166667 0.0833333 0 0 0 0 0 0 0 0 0 0 0 0 0 0 0 0 0 0 0 0 0 0.166667 0 0.0833333 0 0 0 0 0 0 0 0 0 0 0 0 0 0 0 0 0 0 0 0 0 0 0.333333 0 0 0 0.0833333 0 0 0 0 0 0.0833333 0 0 0 0 0 0 0 0 0 
6 0 0 0 0 0 0 0 0 0 0 0 0 0 0 0 0 0 0 0 0 0 0 0 0 0 0 0 0 0 0 0 0 0 0 0 0.777778 0 0 0 0 0 0 0 0 0 0 0 0 0 0 0 0 0 0 0.111111 0 0 0 0 0 0 0 0 0 0 0.111111 0 0 0 0 0 0 0 0.222222 0 0 0 0 0 0 0 0 0 0.111111 0 0 0 0 0 0 0 0 0 0 0 0.222222 0 0 0 0 0 0 0 0 0 0.111111 0 0 0 0 0 0 0 0 0 0 0.111111 0 0 0 0.222222 0 0 0 0 0 0 0 0 0 0 0 0 0 0 0 0 0 0 0 
6 0.0909091 0 0 0 0 0 0 0 0 0 0 0 0 0 0 0 0 0 0 0 0.0909091 0 0 0.181818 0 0 0 0.181818 0 0 0 0 0 0 0 0 0 0 0 0.181818 0 0 0.181818 0 0 0 0 0 0 0 0 0 0 0 0.0909091 0 0 0 0 0 0 0 0 0 0 0 0 0 0 0 0 0 0.0909091 0 0 0 0 0 0 0 0 0 0 0.0909091 0 0 0 0 0 0 0 0 0 0 0 0.272727 0 0.0909091 0 0 0 0 0 0 0 0 0 0 0 0 0 0 0 0 0 0 0.454545 0 0 0 0 0 0 0 0 0 0 0 0 0 0 0 0 0 0 0 0 0 0 0 
7 0 0 0 0 0 0.207547 0 0.0943396 0 0 0 0 0 0 0.0188679 0.0188679 0 0 0 0 0 0 0 0 0 0 0 0 0 0 0 0 0 0 0 0 0 0 0 0 0 0 0 0 0 0 0 0 0 0 0 0 0 0.0188679 0 0 0 0 0 0 0 0.0566038 0.490566 0 0 0 0 0 0.0943396 0 0 0 0 0 0 0 0 0 0 0 0 0 0 0 0 0 0 0.0566038 0.0754717 0.0188679 0 0 0.415094 0.0943396 0 0 0 0 0 0 0 0 0 0.0188679 0 0 0 0 0 0 0 0.0377358 0 0.0188679 0 0 0 0 0 0.0188679 0 0 0 0 0 0.0188679 0 0 0.0188679 0 0 0 0 0 0 0 0.207547 0 0 0 
7 0 0.0153846 0 0.0153846 0 0.476923 0 0.107692 0.0153846 0 0 0 0 0 0 0 0 0 0 0 0 0 0 0 0 0 0 0 0.0461538 0 0 0 0 0.0307692 0 0 0 0 0 0 0.0923077 0 0 0 0 0 0 0 0.0153846 0.0153846 0 0 0 0.0153846 0 0 0 0 0 0 0 0 0.0769231 0 0.0153846 0 0 0 0.0307692 0.0307692 0 0 0 0 0 0 0 0 0 0 0 0 0 0 0 0 0 0.0307692 0.184615 0 0 0 0.0615385 0.107692 0 0 0 0 0 0.0153846 0 0 0 0.0769231 0 0 0 0.0153846 0 0 0.0307692 0.0461538 0 0.0615385 0.0153846 0 0 0 0 0.0769231 0 0 0.0153846 0 0 0.0461538 0 0 0.0461538 0 0 0 0 0 0.0153846 0 0.123077 0.0153846 0.0153846 0 
7 0 0 0 0.0363636 0 0 0 0.0363636 0 0 0 0 0 0 0.0181818 0 0.0909091 0 0 0 0 0 0 0 0.0181818 0 0 0 0.0545455 0 0 0 0 0.0727273 0.0363636 0 0.109091 0.0545455 0 0 0 0 0 0.127273 0 0 0 0.0181818 0.0363636 0 0 0 0 0 0.0363636 0 0 0 0 0.0727273 0 0 0 0 0.0727273 0 0 0.0909091 0.0181818 0 0 0.0545455 0 0 0.0363636 0 0 0.0181818 0 0 0 0.0181818 0 0 0 0 0 0.0363636 0.0181818 0 0.0181818 0 0 0.0363636 0 0 0 0 0 0 0 0 0 0.0545455 0.327273 0 0 0 0 0 0 0 0.0363636 0 0.0909091 0 0 0 0 0.0363636 0 0 0 0 0 0.0181818 0 0 0 0 0.0181818 0 0.0181818 0 0 0.0909091 0.0545455 0 0.0181818 0 
7 0 0.0952381 0 0.238095 0.0238095 0 0 0 0.0714286 0.119048 0 0 0 0 0 0 0 0 0 0 0 0.0238095 0 0 0.047619 0 0 0 0 0 0 0 0 0 0 0 0 0.0238095 0.0238095 0 0.0238095 0 0 0 0 0 0 0 0 0.047619 0 0 0 0 0 0 0 0 0.0238095 0 0 0.0238095 0 0.166667 0 0 0 0.047619 0 0 0.0238095 0 0 0 0 0 0 0 0 0 0.285714 0 0 0 0 0 0 0 0 0 0.0238095 0 0 0 0 0 0 0 0 0 0 0 0.047619 0.119048 0 0 0.0238095 0 0.0238095 0 0 0 0 0 0.047619 0 0 0 0 0 0 0 0 0 0 0 0 0 0 0 0 0.285714 0.047619 0 0.047619 0.0238095 0 0 0 0 
7 0 0 0 0 0 0 0 0 0 0 0 0 0 0 0 0 0 0 0.0238095 0 0 0.0952381 0 0 0 0 0 0 0 0 0 0 0 0 0.0238095 0 0 0 0 0 0 0.0952381 0 0.0952381 0 0 0 0 0.571429 0.0238095 0 0 0 0 0 0 0 0 0 0 0 0.047619 0 0 0 0 0 0.0238095 0 0 0 0.0238095 0 0 0.047619 0 0 0 0 0 0 0 0 0 0 0 0 0 0 0.119048 0.0714286 0 0 0 0 0 0 0 0 0.047619 0 0 0 0.0238095 0.0714286 0 0 0 0 0 0 0 0.0238095 0 0.380952 0 0 0 0 0 0 0 0 0 0 0 0 0 0 0 0.0238095 0 0.0952381 0 0 0 0.0238095 0 0.047619 0 
7 0 0.025 0 0.3 0 0 0 0.075 0.05 0.025 0 0 0 0 0.025 0 0 0 0.1 0 0 0.025 0 0 0.025 0 0.025 0 0.025 0 0 0 0 0.025 0 0 0 0 0.15 0 0 0 0 0.025 0 0 0 0 0.025 0.025 0 0 0 0 0 0 0 0 0 0 0 0.025 0.025 0 0 0 0 0 0 0 0.025 0 0 0 0 0 0 0 0 0 0.125 0.075 0 0 0 0 0 0.025 0.025 0 0 0 0.025 0 0 0 0 0 0 0.075 0 0 0.075 0.1 0 0 0.1 0 0 0 0.025 0 0 0 0 0 0 0 0 0 0 0 0 0 0 0 0 0 0.025 0 0 0 0.05 0 0 0 0.075 0.025 0.15 0 
7 0 0.0285714 0 0.0142857 0 0 0 0 0.0857143 0.614286 0 0 0 0 0.0142857 0 0 0 0 0 0.0285714 0 0 0 0 0 0 0 0 0 0 0 0 0 0 0 0 0 0 0 0 0 0 0.0285714 0 0 0 0 0 0.114286 0 0 0 0 0 0 0 0 0 0 0 0.0142857 0.0142857 0 0 0 0 0.0142857 0.0142857 0.0142857 0 0 0 0 0 0.0142857 0 0 0 0 0.0142857 0.0142857 0 0 0 0 0 0 0.171429 0 0 0 0.0428571 0 0 0 0 0 0 0.271429 0 0 0.142857 0.0428571 0 0 0 0 0 0 0.0142857 0.0285714 0.0142857 0.0285714 0 0 0 0 0 0 0 0 0 0 0 0.0142857 0 0 0.0285714 0 0 0.0285714 0 0 0 0 0.0142857 0 0.114286 0 
7 0 0 0 0 0 0.0869565 0 0.115942 0 0 0.0144928 0 0 0 0.144928 0 0.0434783 0 0.0144928 0 0 0 0.0144928 0 0 0.0869565 0 0 0.057971 0 0 0 0 0.057971 0 0 0.0144928 0 0 0 0 0 0 0 0 0 0 0 0.0289855 0.0434783 0 0 0 0.0144928 0 0 0 0 0 0 0 0.0434783 0.144928 0 0 0 0 0 0.0724638 0 0.0144928 0.0144928 0 0 0.0144928 0 0 0.0144928 0 0 0.0144928 0 0 0 0 0 0 0 0.057971 0.0144928 0.057971 0 0.0434783 0.0434783 0 0 0 0 0 0 0 0.0144928 0.0289855 0.0724638 0.0144928 0 0 0.0289855 0 0 0.0144928 0.0144928 0.0144928 0.0289855 0.0289855 0 0 0.0724638 0 0.0724638 0 0 0.0144928 0.0144928 0 0.057971 0.0144928 0 0 0 0.0434783 0 0.0869565 0 0 0 0.0289855 0.0289855 0.0144928 0 
7 0 0 0 0 0.111111 0 0 0 0 0 0 0 0 0 0 0 0 0 0 0 0.111111 0.222222 0.222222 0 0 0 0 0 0 0 0 0 0 0 0 0 0 0 0 0 0 0 0 0 0 0 0 0 0 0 0 0 0 0.111111 0 0 0 0.111111 0 0 0 0 0 0 0 0 0 0 0 0.111111 0 0 0 0 0 0 0 0 0 0.222222 0 0 0 0 0 0 0 0 0 0 0.222222 0 0 0 0 0.111111 0 0 0 0 0 0 0 0 0 0 0 0 0 0 0 0 0 0 0 0 0 0 0 0 0 0 0 0 0 0.222222 0.222222 0 0 0 0 0 0 0 0 0 0 0 0 0 
7 0 0 0 0.030303 0 0 0 0 0 0 0 0 0 0 0 0 0 0 0 0.212121 0 0 0.030303 0 0 0 0 0 0.0606061 0 0 0 0 0 0 0 0 0 0 0.030303 0 0.0909091 0 0.121212 0 0 0 0 0.030303 0 0 0 0 0 0 0 0 0 0.181818 0 0 0 0 0 0.181818 0 0 0 0.030303 0 0.030303 0 0 0 0.151515 0 0 0.151515 0 0 0 0.151515 0 0 0 0 0 0 0 0.0606061 0 0 0 0 0 0 0 0 0 0.030303 0 0 0 0 0 0 0.030303 0 0 0 0 0 0 0 0 0 0.030303 0 0 0 0 0 0 0 0 0.121212 0 0 0 0 0 0 0 0 0 0.030303 0 0.151515 0.0606061 0 
7 0.0192308 0 0 0 0 0.0192308 0 0.0769231 0 0 0 0 0 0 0.0192308 0 0.0769231 0 0 0 0 0 0.0192308 0 0 0 0 0 0.0192308 0 0 0 0.0384615 0.0961538 0.0384615 0 0.0769231 0.0192308 0 0 0.0384615 0 0 0 0 0 0 0 0.0769231 0 0 0 0 0 0 0 0 0.0192308 0 0.173077 0 0.0769231 0 0 0 0 0 0 0.0576923 0.0384615 0 0 0 0 0.115385 0 0 0.0961538 0 0 0 0 0 0 0 0 0 0.0192308 0 0.153846 0 0 0.0384615 0 0.0192308 0 0 0 0.0192308 0 0 0 0 0.0576923 0 0 0 0.0769231 0 0 0 0 0.0192308 0.0192308 0.0384615 0 0 0 0 0.115385 0 0 0.0192308 0 0 0 0 0 0.0192308 0 0 0 0.0384615 0 0.0192308 0.0192308 0.0961538 0 0 0 
7 0 0.0222222 0 0.0888889 0 0 0 0 0 0 0 0 0 0 0 0 0 0 0.111111 0 0 0.155556 0 0 0 0 0.0222222 0 0.0222222 0 0 0 0 0 0 0.0888889 0 0.0222222 0 0 0.0444444 0.0222222 0 0.0666667 0 0 0 0 0.0444444 0.111111 0 0 0 0 0 0 0 0 0 0 0 0.0222222 0.0888889 0 0 0 0 0.0666667 0 0 0.0222222 0 0 0.0444444 0 0 0.0222222 0 0 0.0222222 0 0.0222222 0 0 0 0 0 0 0.0888889 0.0888889 0 0 0 0 0 0 0.0222222 0 0 0.111111 0 0 0.0222222 0.0888889 0 0 0.0222222 0 0 0 0 0 0 0 0 0 0 0 0 0 0 0 0.0222222 0 0 0.0666667 0 0 0 0 0 0 0.177778 0 0 0 0.0222222 0.0222222 0.111111 0 
7 0.0217391 0 0 0.0217391 0 0 0 0 0 0 0 0 0 0 0.0217391 0 0 0 0.0217391 0 0 0 0.0217391 0 0.0217391 0 0 0 0.0652174 0 0 0 0 0.0652174 0.0217391 0 0 0.0434783 0 0 0 0 0 0.326087 0 0 0 0.217391 0.0217391 0 0 0 0 0 0 0 0 0 0.0217391 0 0 0 0 0 0.0652174 0 0 0.0217391 0 0 0 0 0 0 0.23913 0 0 0.0217391 0 0 0 0.0434783 0 0 0 0 0 0 0 0 0.0869565 0 0 0 0 0 0 0 0 0 0 0 0 0.0434783 0.0217391 0 0 0.0217391 0 0 0 0 0.0217391 0 0.0217391 0 0 0 0 0.0217391 0 0 0.108696 0 0 0.0217391 0.0434783 0 0 0 0 0 0.0652174 0 0 0.0217391 0.0434783 0.0434783 0.108696 0 
7 0 0 0 0 0 0 0 0 0 0 0 0 0 0 0.214286 0 0 0 0 0 0 0.0714286 0.5 0 0 0 0 0 0 0 0 0 0 0 0 0 0.0714286 0 0 0 0 0 0 0 0 0 0 0 0 0 0 0 0.0714286 0.0714286 0 0 0 0 0 0 0 0 0 0 0 0 0 0 0 0 0.0714286 0 0 0 0 0 0 0 0 0.142857 0 0 0 0.0714286 0 0 0 0.0714286 0 0 0.0714286 0 0 0 0 0 0 0 0 0 0 0 0 0 0 0 0 0 0 0 0 0 0 0 0 0 0 0 0 0 0 0 0 0 0 0.214286 0.214286 0 0 0 0 0 0 0 0 0.0714286 0 0.0714286 0 0 
8 0 0 0 0 0 0.109091 0 0 0 0 0.109091 0.0363636 0 0.163636 0 0 0 0.0181818 0 0 0 0 0 0 0.0363636 0 0 0 0 0 0 0 0 0.309091 0 0 0 0.0181818 0 0 0 0 0 0 0 0 0 0.0363636 0 0 0 0 0 0 0.0909091 0 0 0 0 0 0.0181818 0 0.0181818 0 0 0 0 0.0363636 0 0 0 0 0 0 0 0.0181818 0 0.0727273 0 0 0 0 0.0909091 0 0 0.109091 0 0 0.127273 0 0 0 0 0 0.127273 0 0 0 0 0 0 0.0181818 0 0 0.0181818 0 0 0.0727273 0 0 0.0181818 0 0 0.0181818 0 0 0 0 0 0.127273 0 0 0 0 0.0181818 0 0 0 0 0.0181818 0 0 0 0.0181818 0 0 0.0727273 0.0363636 0 0.0181818 
8 0.0138889 0 0 0 0 0 0.00694444 0 0 0 0.118056 0.173611 0.0972222 0.243056 0 0 0 0.118056 0 0 0 0 0 0 0 0.0138889 0 0 0 0.0416667 0.0347222 0.0347222 0 0.00694444 0 0 0 0 0 0 0 0 0 0 0.00694444 0 0 0 0 0 0.00694444 0.00694444 0 0 0 0 0 0.0138889 0 0 0.0625 0 0 0 0 0 0 0 0 0 0 0 0 0 0.0138889 0.00694444 0 0 0.00694444 0 0 0 0.0694444 0 0 0.194444 0 0 0.00694444 0 0 0.0972222 0 0 0 0 0 0 0 0 0.0833333 0.104167 0 0 0 0 0 0 0 0 0.00694444 0 0 0 0 0 0 0.0208333 0 0 0 0 0 0 0 0 0 0.0138889 0 0.131944 0.00694444 0 0 0.222222 0 0 0 0 0 0.0138889 
8 0 0 0 0.0588235 0 0 0 0 0 0 0 0 0 0 0 0 0 0 0 0 0 0 0 0 0.352941 0 0 0 0 0 0 0 0 0 0 0 0 0 0.352941 0 0 0 0 0 0 0 0 0 0 0 0 0 0 0 0.0588235 0 0 0 0 0.0588235 0 0.117647 0 0 0 0 0 0 0 0 0 0 0 0 0 0 0 0 0 0 0 0 0 0 0 0 0 0 0.0588235 0 0 0 0 0.0588235 0 0 0 0 0 0.117647 0 0 0.0588235 0.117647 0.0588235 0 0 0 0 0 0.352941 0 0.0588235 0 0 0 0 0 0 0 0 0 0 0 0 0 0 0 0 0 0 0.0588235 0 0 0 0 0 0.0588235 0 0 
8 0.046875 0 0 0 0 0 0 0 0 0 0 0.03125 0.03125 0 0 0 0 0 0 0 0 0 0 0 0.171875 0 0 0 0 0 0 0 0 0.015625 0.046875 0 0 0.078125 0.03125 0 0 0 0 0 0 0 0.03125 0.15625 0 0 0 0 0 0 0.234375 0 0 0 0.015625 0.09375 0 0 0 0 0.015625 0 0 0 0 0 0 0.046875 0 0 0 0 0 0.03125 0 0 0 0.015625 0 0 0 0.015625 0 0 0.078125 0.015625 0 0 0.015625 0 0 0 0 0 0 0.140625 0 0 0.015625 0.046875 0 0 0 0 0 0 0.3125 0 0 0 0 0.015625 0 0.046875 0 0.03125 0 0 0 0.015625 0 0 0 0 0 0 0.015625 0.0625 0 0 0 0 0.015625 0.03125 0.03125 0 
8 0 0 0 0.16129 0 0 0 0.0645161 0 0 0 0 0 0 0.0967742 0 0.0967742 0 0 0 0 0 0.0322581 0 0.0645161 0 0 0 0.0645161 0 0 0 0 0 0 0 0.0645161 0 0.225806 0 0 0 0 0 0 0 0 0 0 0 0 0 0 0 0.0322581 0 0 0 0 0 0 0.0322581 0 0 0 0.0322581 0 0 0.0322581 0 0 0 0 0 0 0 0 0 0 0 0.0322581 0 0 0 0.0322581 0 0 0.0645161 0.0322581 0 0.0322581 0 0.0322581 0.0322581 0 0 0 0 0 0 0 0 0.0322581 0.258065 0.0322581 0 0.0322581 0 0.0322581 0 0.129032 0 0 0 0 0 0 0 0 0.0967742 0.0322581 0 0 0 0 0 0 0 0 0 0 0 0.0322581 0 0 0 0.0322581 0.0322581 0 0 
8 0.0597015 0 0 0 0 0 0 0 0 0 0 0.0298507 0 0 0 0 0 0.0597015 0 0.0298507 0 0 0.0149254 0 0.0895522 0 0 0 0.0298507 0.0149254 0 0 0 0.164179 0.119403 0 0.0597015 0.0447761 0 0 0 0 0 0 0 0 0 0.0298507 0 0 0 0 0 0 0 0 0 0 0.0746269 0.0746269 0 0.0149254 0 0 0.0298507 0 0 0.0447761 0.0149254 0 0 0.0447761 0 0 0.0447761 0.0149254 0 0.0597015 0 0 0 0.0149254 0 0 0 0.0149254 0 0 0.0149254 0 0 0 0.0447761 0 0 0 0 0 0 0.0895522 0.0149254 0.0149254 0 0.0149254 0.0149254 0 0 0 0.0298507 0 0.104478 0 0.0149254 0 0 0 0.0149254 0.0149254 0 0.0447761 0 0.0149254 0 0.0298507 0 0 0 0 0 0.0746269 0.0298507 0 0 0 0 0.0447761 0.0447761 0.104478 0.0298507 0 
8 0 0 0 0.0416667 0 0.0625 0 0.104167 0 0 0.0625 0 0 0 0.0208333 0 0 0 0 0 0 0.0208333 0 0 0.125 0.0208333 0 0 0 0 0 0 0 0.0208333 0 0 0 0 0 0 0 0 0 0 0 0 0 0 0 0.145833 0 0 0 0 0.0625 0 0 0 0 0 0 0.0833333 0.229167 0 0 0 0 0 0 0 0.0208333 0 0 0 0 0 0 0 0 0 0 0 0 0 0 0.0625 0 0 0.0416667 0 0.0833333 0 0.0416667 0.0416667 0 0 0 0 0 0 0 0.0208333 0.0416667 0.104167 0 0 0 0.0416667 0 0 0.0416667 0.0208333 0 0 0 0 0 0.0208333 0 0 0 0 0.0416667 0 0 0 0.0416667 0 0 0 0 0.0208333 0.0416667 0 0.0416667 0 0.166667 0.0625 0 0 
8 0.0130719 0 0 0 0 0 0.0196078 0.0522876 0 0 0.366013 0.0130719 0.0196078 0.183007 0 0 0 0.00653595 0 0 0 0 0 0 0.0196078 0.0196078 0 0 0.00653595 0.00653595 0.0196078 0.189542 0 0.0196078 0 0 0 0 0 0 0 0 0.00653595 0 0 0 0 0 0 0.0196078 0 0.00653595 0 0 0 0 0 0 0 0 0.0130719 0 0 0 0 0 0 0 0 0 0 0 0 0 0 0 0 0.00653595 0.0196078 0 0 0.00653595 0.0261438 0 0 0.0849673 0 0 0.00653595 0 0 0.0784314 0 0 0 0 0 0 0 0.00653595 0.0457516 0.0522876 0.00653595 0.0196078 0 0 0 0.00653595 0 0 0.00653595 0 0.00653595 0 0 0 0 0.0326797 0 0.00653595 0 0.00653595 0.0130719 0.0392157 0.163399 0 0 0.0326797 0 0.143791 0 0 0 0.124183 0 0 0 0.0261438 0.0196078 0.0130719 
8 0 0 0 0 0 0 0 0.0344828 0 0 0 0 0 0 0 0 0 0 0 0 0 0 0 0 0.62069 0 0 0 0 0 0 0 0 0 0 0 0 0 0.0344828 0 0 0 0 0 0 0 0 0 0 0 0 0 0 0 0.137931 0 0 0 0 0.103448 0 0.0689655 0 0 0 0 0 0 0 0 0 0.0689655 0 0 0 0 0 0 0 0 0 0 0 0 0 0 0 0.0689655 0.103448 0 0 0 0 0 0 0 0 0 0 0.103448 0 0 0 0.0689655 0 0 0 0 0 0 0.275862 0 0 0 0 0 0 0.0344828 0 0.0689655 0 0 0 0 0 0 0 0 0 0 0 0 0 0 0 0 0.103448 0.0344828 0.0689655 0 
8 0.00684932 0 0 0 0 0 0.178082 0 0 0 0.0273973 0.0342466 0.164384 0.136986 0 0 0 0.0410959 0 0.00684932 0 0 0 0 0.0136986 0.00684932 0 0 0 0.0273973 0.00684932 0 0 0 0 0 0 0.00684932 0 0 0 0 0 0 0.0342466 0 0 0.0136986 0 0 0.10274 0.0479452 0 0 0.0136986 0 0 0 0 0.00684932 0.123288 0 0 0 0 0 0 0 0 0 0 0 0 0 0 0.157534 0 0 0.0616438 0 0 0 0.0616438 0 0 0.10274 0 0 0.00684932 0 0 0.0684932 0 0.00684932 0.0342466 0 0 0 0 0.00684932 0 0.123288 0 0 0 0 0 0.0205479 0 0 0 0.0136986 0 0.00684932 0 0.0273973 0 0.0205479 0 0 0 0 0 0 0 0 0 0.0616438 0 0.10274 0 0 0 0.0479452 0 0 0 0 0 0.0684932 
8 0.0666667 0 0 0 0 0 0 0 0 0 0 0 0 0 0 0 0 0 0 0 0 0 0 0 0 0 0 0 0.266667 0 0 0 0 0 0 0 0 0 0.0666667 0 0.0666667 0 0 0 0 0 0 0 0 0 0 0 0.0666667 0.0666667 0 0 0 0.0666667 0 0 0 0 0 0 0 0 0 0 0.133333 0.2 0 0 0 0 0 0 0 0.0666667 0 0 0.0666667 0 0 0.133333 0.0666667 0 0 0 0.0666667 0 0.0666667 0 0 0 0 0 0 0 0 0 0 0 0 0 0 0 0 0 0 0 0 0 0 0.0666667 0 0 0 0 0 0 0 0 0.0666667 0 0 0.0666667 0 0 0 0 0.0666667 0 0 0 0 0 0 0.266667 0 0 
8 0.236111 0 0 0 0 0 0.0555556 0.0277778 0 0 0 0 0 0 0 0 0.0416667 0 0 0.0833333 0 0 0 0 0.0694444 0 0 0 0 0 0 0 0 0.0833333 0.0277778 0 0.0138889 0.0138889 0.0277778 0 0 0 0 0 0.111111 0.0416667 0 0.0277778 0 0 0 0 0 0 0.0416667 0 0 0.0277778 0.0138889 0.0138889 0.0138889 0 0 0 0 0 0 0.0138889 0.0138889 0 0 0 0 0 0.138889 0.0277778 0 0.138889 0.0555556 0 0 0 0.0138889 0 0 0.0416667 0 0 0.0833333 0 0 0 0.0277778 0 0 0 0 0 0 0.0277778 0 0 0 0.0277778 0 0 0 0.125 0 0 0.0138889 0 0 0.0138889 0.0138889 0 0 0 0.0416667 0.0555556 0 0 0 0 0 0 0 0 0 0 0.0416667 0 0 0.0138889 0 0 0.0555556 0 0 0.0416667 
8 0 0 0 0 0 0 0 0 0 0 0 0 0 0 0 0 0 0 0 0.0384615 0 0 0 0 0.115385 0 0 0.0384615 0.0384615 0 0 0 0.0384615 0.0384615 0 0 0.192308 0 0.269231 0 0.0384615 0 0 0 0 0 0 0 0 0 0 0 0 0 0 0 0 0 0 0.0769231 0 0.0384615 0 0 0 0 0 0.0384615 0.0384615 0 0 0.0384615 0 0 0 0 0 0.0384615 0 0 0 0 0 0 0.0384615 0 0.0384615 0 0.0769231 0 0 0 0 0.0769231 0 0 0 0 0 0.0384615 0 0 0.0384615 0.0384615 0.0384615 0 0 0 0 0 0.192308 0 0 0 0 0 0 0 0 0.0384615 0 0 0.0384615 0 0 0 0 0 0 0 0 0 0 0 0 0 0.0384615 0.153846 0.0769231 0 
8 0.0918367 0 0 0 0 0 0 0 0 0 0.0102041 0.255102 0.0204082 0 0 0 0 0.132653 0 0 0 0 0 0 0.0102041 0 0 0 0 0.204082 0 0 0.0102041 0 0.0102041 0 0.0102041 0 0 0 0 0 0 0 0.0102041 0 0 0.0102041 0 0 0 0 0 0 0.102041 0 0 0 0.0102041 0.0408163 0.0612245 0 0 0 0 0 0 0.0102041 0 0 0 0 0 0 0 0.0612245 0 0 0.0204082 0 0 0 0.122449 0 0 0.0816327 0 0 0 0 0 0.0102041 0 0 0.0102041 0 0 0 0 0 0.0816327 0.0204082 0 0.0102041 0.0102041 0 0 0.0102041 0 0 0.112245 0 0 0 0 0 0 0.0816327 0.0102041 0.0918367 0 0.0612245 0.0102041 0.0408163 0 0 0 0 0 0.112245 0 0 0 0.0204082 0 0 0 0.0102041 0 0.0102041 
9 0 0 0 0 0.6 0 0 0 0 0 0 0 0 0 0 0 0 0 0 0 0 0 0 0 0 0 0 0 0 0 0 0 0.1 0 0 0.3 0 0 0 0 0 0 0 0 0 0 0 0 0 0 0 0 0 0 0 0 0 0 0 0 0 0 0 0 0 0 0 0 0 0 0 0 0 0.5 0 0 0 0 0 0 0 0 0 0 0 0 0 0 0 0 0 0 0 0 0 0 0 0 0 0 0 0 0 0 0 0 0 0 0 0 0 0 0 0 0 0 0 0 0 0 0.5 0 0 0 0 0 0 0 0 0 0 0 0 0 0 0 0 0 0 0 
9 0 0 0 0 0.4 0 0 0 0 0 0 0 0 0 0 0 0 0 0 0 0 0 0 0 0 0 0 0 0 0 0 0 0 0 0 0.4 0 0 0 0.2 0 0 0 0 0 0 0 0 0 0 0 0 0 0 0 0 0 0 0 0 0 0 0 0 0 0 0 0 0 0 0 0 0 0 0 0 0 0 0 0 0 0 0 0 0 0 0 0 0 0 0 0 0 0.2 0 0 0 0 0 0 0 0 0 0 0 0 0 0 0 0 0 0 0 0 0 0 0 0 0 0 0.8 0 0 0 0 0 0 0 0 0 0 0 0 0 0 0 0 0 0 0 
9 0 0 0 0 0 0 0 0 0 0 0 0 0 0 0 0 0 0 0 0 0 0 0 0 0 0 0 0 0 0 0 0 0 0 0 0.5 0 0 0 0 0 0 0 0 0 0 0 0 0 0 0 0 0 0 0 0 0 0 0 0 0 0 0 0 0 0.5 0 0 0 0 0 0 0 0.666667 0 0 0 0 0 0 0 0 0 0 0 0 0 0 0 0 0 0 0 0 0 0 0 0 0 0 0 0 0 0 0 0 0 0 0 0 0 0 0 0 0 0 0 0 0 0 0.333333 0 0 0 0 0 0 0 0 0 0 0 0 0 0 0 0 0 0 0 
9 0 0 0 0 0 0 0 0 0 0 0 0 0 0 0 0 0 0 0 0 0 0 0 0 0 0 0 0 0 0 0 0 0 0 0 0.714286 0.142857 0 0 0 0 0 0 0 0 0 0 0 0 0 0 0 0 0 0 0 0 0 0 0 0 0 0 0 0.142857 0 0 0 0 0 0 0 0 0.285714 0 0 0 0 0 0 0 0 0 0 0 0 0 0 0 0 0 0 0 0 0 0 0 0 0 0 0 0 0 0 0 0 0 0 0 0 0 0 0.142857 0 0 0 0 0 0 0 0.285714 0 0 0 0 0 0 0 0 0 0.285714 0 0 0 0 0 0 0 0 0 
9 0 0 0.125 0 0 0 0 0 0 0 0 0 0 0 0 0 0 0 0 0 0 0 0 0 0 0 0 0 0 0 0 0 0 0 0 0.625 0 0 0 0 0 0 0 0 0 0 0 0 0 0 0 0 0 0 0 0 0 0 0 0 0 0 0 0 0 0.25 0 0 0 0 0 0 0 0.75 0 0 0 0 0 0 0 0 0 0 0 0 0 0 0 0 0 0 0 0 0.125 0 0 0 0 0 0 0 0 0 0 0 0 0 0 0 0 0 0 0 0 0 0 0 0 0 0.125 0 0 0 0 0 0 0 0 0 0 0 0 0 0 0 0 0 0 0 
9 0.0869565 0 0 0 0.0434783 0 0 0 0 0 0 0 0 0 0 0 0 0 0 0 0 0 0 0 0 0 0 0 0 0 0 0 0 0 0.0434783 0.130435 0 0 0 0 0 0.0869565 0 0 0 0.26087 0 0.173913 0 0 0 0 0 0 0 0 0 0.0434783 0 0.0434783 0 0 0 0 0.0869565 0 0 0 0 0 0 0 0 0.0869565 0.304348 0 0 0 0 0 0 0 0 0 0 0 0 0 0 0 0 0 0 0.0434783 0 0 0 0 0 0 0 0 0 0 0.0869565 0 0 0 0 0 0 0 0 0 0 0 0.0434783 0 0 0.0869565 0.0434783 0 0 0 0 0 0 0 0 0 0.0434783 0.0434783 0 0 0 0.130435 0 0.0869565 0 0 
9 0 0 0.5 0 0 0 0 0 0 0 0 0 0 0 0 0 0 0 0 0 0 0 0 0 0 0 0 0.25 0 0 0 0 0 0 0 0.25 0 0 0 0 0 0 0 0 0 0 0 0 0 0 0 0 0 0 0 0 0 0 0 0 0 0 0 0 0 0 0 0 0 0 0 0 0 0.25 0 0 0 0 0 0 0 0 0 0 0 0 0 0 0 0 0 0 0 0 0 0.25 0 0 0 0 0 0 0 0 0 0 0 0 0 0 0 0 0 0 0 0 0 0 0 0 0.5 0 0 0 0 0 0 0 0 0 0 0 0 0 0 0 0 0 0 0 
9 0.125 0 0 0 0 0 0 0 0 0 0 0 0 0 0 0 0 0 0 0 0 0 0 0 0 0 0 0 0 0 0 0 0 0 0 0.625 0 0 0 0 0 0 0 0 0 0 0 0 0 0 0.125 0 0 0 0 0 0 0 0 0 0 0 0 0 0 0.125 0 0 0 0 0 0 0 0.375 0 0 0 0 0 0 0 0 0 0 0 0 0 0 0 0 0 0 0 0 0 0 0 0 0 0 0 0 0 0 0 0 0 0 0 0 0 0 0 0 0 0 0.375 0 0 0 0.25 0 0 0 0 0 0 0 0 0 0 0 0 0 0 0 0 0 0 0 
9 0 0 0 0 0 0 0 0 0 0 0 0 0 0 0 0 0 0 0 0 0 0 0 0 0 0 0 0 0 0 0 0 0 0 0 0.714286 0 0 0 0 0 0 0 0 0 0 0 0 0 0 0 0 0 0 0 0 0 0 0 0 0 0 0 0 0 0.285714 0 0 0 0 0 0 0 0.285714 0 0 0 0 0 0 0 0 0 0 0 0 0 0 0 0 0 0 0 0 0 0.142857 0 0 0 0 0 0 0 0 0 0 0 0 0 0 0 0 0 0 0 0 0 0 0 0 0.428571 0 0 0 0 0 0 0 0 0 0.142857 0 0 0 0 0 0 0 0 0 
9 0 0 0 0 0.25 0 0 0 0 0 0 0 0 0 0 0 0 0 0 0 0 0 0 0 0 0 0 0 0 0 0 0 0 0 0 0.75 0 0 0 0 0 0 0 0 0 0 0 0 0 0 0 0 0 0 0 0 0 0 0 0 0 0 0 0 0 0 0 0 0 0 0 0 0.25 0 0 0 0 0 0 0 0 0 0 0 0 0 0 0 0 0 0 0 0 0 0 0 0 0 0 0 0 0 0 0 0 0 0 0 0 0 0 0 0 0 0 0 0.125 0 0 0 0.625 0 0 0 0 0 0 0 0 0 0 0 0 0 0 0 0 0 0 0 
9 0 0 0 0 0.222222 0 0 0 0 0 0 0 0 0 0 0 0 0 0 0 0 0 0 0 0 0 0 0.444444 0 0 0 0 0 0 0 0.111111 0 0 0 0 0 0 0.222222 0 0 0 0 0 0 0 0 0 0 0 0 0 0 0 0 0 0 0 0 0 0 0 0 0 0 0 0 0 0 0.222222 0 0 0 0 0 0 0 0 0 0 0 0 0.333333 0 0 0 0 0 0 0 0 0.222222 0 0.222222 0 0 0 0 0 0 0 0 0 0 0 0 0 0 0 0 0 0 0 0 0 0 0 0 0 0 0 0 0 0 0 0 0 0 0 0 0 0 0 0 0 0 
9 0 0 0 0 0 0 0 0 0 0 0.0909091 0 0 0 0 0 0 0 0 0 0.0909091 0 0 0 0 0 0 0.545455 0 0 0 0 0 0 0 0 0 0 0 0 0 0 0.0909091 0 0 0 0 0 0 0 0.0909091 0 0 0 0 0 0 0.0909091 0 0 0 0 0 0 0 0 0 0 0 0 0 0 0 0 0 0 0 0.0909091 0 0 0 0 0 0 0 0 0 0 0.181818 0 0 0 0 0 0.0909091 0 0 0.545455 0 0 0 0 0 0 0 0 0 0 0 0 0 0 0 0 0 0 0.0909091 0 0 0 0 0 0 0 0 0 0 0 0 0 0 0 0 0 0 0 0 0 0 0 
9 0 0 0.888889 0 0 0 0 0 0 0 0 0 0 0 0 0 0 0 0 0 0 0 0 0 0 0 0 0 0 0 0 0 0 0 0 0.111111 0 0 0 0 0 0 0 0 0 0 0 0 0 0 0 0 0 0 0 0 0 0 0 0 0 0 0 0 0 0 0 0 0 0 0 0 0 0.888889 0 0 0 0 0 0 0 0 0 0 0 0 0 0 0 0 0 0 0 0 0 0 0 0 0 0 0 0 0 0 0 0 0 0 0 0 0 0 0 0 0 0 0 0 0 0 0.111111 0 0 0 0 0 0 0 0 0 0 0 0 0 0 0 0 0 0 0 
9 0 0 0 0 0 0 0 0 0 0 0 0 0 0 0 0 0 0 0 0 0 0 0 0 0 0 0 0 0 0 0 0 0.0909091 0 0 0.545455 0 0 0 0 0 0 0 0 0 0 0 0 0 0 0 0 0 0 0 0 0 0.0909091 0.0909091 0 0 0 0 0 0.181818 0 0 0 0 0 0 0 0 0.0909091 0 0 0 0 0 0 0 0 0 0 0 0 0 0 0 0 0.0909091 0 0 0 0.0909091 0 0 0 0.0909091 0 0 0 0 0 0 0.0909091 0 0.0909091 0 0 0 0 0 0 0 0 0 0 0 0 0.363636 0 0.0909091 0 0 0 0 0 0 0 0 0 0 0 0 0 0 0 0 0 
10 0 0 0 0 0 0.0769231 0 0 0 0 0 0 0 0 0 0 0 0 0 0 0.153846 0 0 0 0.153846 0 0 0 0 0 0 0 0 0.0769231 0 0 0.0769231 0 0.0769231 0 0 0 0 0 0 0 0 0 0 0 0 0 0 0 0.0769231 0 0 0 0 0.0769231 0 0.0769231 0 0 0 0 0 0 0.153846 0 0 0 0 0 0 0 0 0 0 0 0 0 0 0 0 0 0 0 0 0.0769231 0 0 0.0769231 0.0769231 0 0 0 0 0 0 0 0 0 0.153846 0 0 0 0.0769231 0 0 0 0 0.153846 0 0 0 0.0769231 0 0 0.0769231 0 0 0 0 0 0 0 0 0 0 0.0769231 0 0 0 0 0 0.0769231 0.0769231 0 0 
10 0 0 0 0 0 0.142857 0 0 0 0 0 0 0 0 0.142857 0 0 0 0 0 0 0 0 0 0 0 0 0 0 0 0 0 0 0 0 0 0.142857 0 0.0714286 0 0.214286 0 0 0 0 0 0 0 0 0 0 0 0.0714286 0 0 0 0 0 0 0 0 0 0 0 0.0714286 0 0 0 0.142857 0 0 0 0 0 0 0 0 0.0714286 0 0 0 0.0714286 0 0.0714286 0 0 0 0 0 0 0.0714286 0 0 0 0 0 0 0 0 0 0 0 0 0 0 0 0 0 0 0 0 0 0 0.0714286 0 0 0 0 0 0 0 0 0.142857 0 0 0.0714286 0.0714286 0 0 0 0.0714286 0 0 0 0 0 0.142857 0.142857 0 0 
10 0 0 0 0 0 0 0 0 0 0 0 0 0 0 0 0 0 0 0 0 0 0 0 0 0 0 0 0 0 0 0 0 0 0 0 0 0 0 0.5 0 0 0 0 0 0 0 0 0 0 0 0 0 0 0 0 0 0 0 0 0 0 0 0 0 0 0 0 0 0 0.5 0 0 0 0 0 0 0 0 0 0 0 0 0 0 0 0 0 0 0 0 0 0 0.5 0 0 0 0 0 0 0 0 0 0 0 0 0 0 0 0 0 0 0 0 0 0 0 0 0 0 0 0 0 0 0 0 0 0.5 0 0 0 0 0 0 0 0 0 0 0 0 0 
10 0.0833333 0 0 0 0 0 0 0 0 0 0 0 0 0 0 0 0 0 0 0 0 0 0 0 0.0833333 0 0 0 0 0 0 0 0.166667 0 0 0 0.0833333 0 0 0 0.0833333 0 0 0.166667 0 0 0 0 0 0 0 0 0 0 0.0833333 0.0833333 0 0 0 0.0833333 0 0 0 0.0833333 0 0 0 0 0 0 0 0.166667 0 0 0.0833333 0 0 0.0833333 0 0 0 0.166667 0 0 0 0 0 0 0 0 0 0 0 0 0 0 0 0 0 0.0833333 0 0 0 0 0 0 0 0 0 0 0.166667 0 0 0 0 0 0 0 0 0 0 0 0.0833333 0.166667 0 0 0 0 0 0 0 0 0 0 0 0 0 0 0 0 
10 0 0 0 0 0 0 0 0 0 0 0 0 0 0 0 0 0 0 0 0 0 0 0.125 0 0.25 0 0 0 0.125 0 0 0 0 0 0 0 0 0.125 0 0 0 0 0 0.125 0 0 0 0 0 0 0 0 0.125 0.125 0 0 0 0 0 0 0 0 0 0 0 0 0 0 0 0 0 0.125 0 0 0 0 0 0 0 0.125 0 0 0 0 0.125 0 0 0 0 0 0 0 0 0 0 0 0 0 0 0.125 0 0 0 0.125 0 0 0 0 0 0 0 0 0 0 0 0 0 0 0 0 0 0 0 0 0 0.125 0.25 0 0 0 0 0 0 0 0 0 0 0 0 0 
10 0 0 0 0 0 0.0588235 0 0 0 0 0 0 0 0 0 0 0 0 0 0.176471 0 0 0 0 0.0588235 0 0 0 0.117647 0 0 0 0 0.117647 0 0 0.0588235 0 0.0588235 0 0 0 0 0.294118 0 0 0 0 0 0 0 0 0 0 0 0 0 0 0 0 0 0 0 0 0 0 0 0 0.0588235 0 0 0 0 0 0 0 0 0.176471 0 0 0 0.117647 0 0 0 0 0 0 0 0 0.0588235 0 0 0 0 0 0 0 0 0 0 0 0 0.0588235 0 0 0 0 0 0 0.117647 0 0.0588235 0 0 0 0 0 0 0 0 0 0 0 0 0.0588235 0 0 0 0 0.176471 0 0 0 0 0 0 0.176471 0 0 
10 0 0 0 0.222222 0 0 0 0 0 0 0 0 0 0 0 0 0 0 0 0 0 0 0.333333 0 0 0 0 0 0 0 0 0 0 0 0 0 0 0 0 0 0 0 0 0 0 0 0 0 0 0.222222 0 0 0 0 0 0 0 0 0 0 0 0.111111 0 0 0 0.111111 0 0 0 0 0 0 0.111111 0 0 0 0 0 0 0.111111 0 0 0 0 0.111111 0 0 0 0.111111 0 0 0 0 0 0 0 0 0 0 0 0 0 0 0 0 0 0.111111 0 0.111111 0 0 0 0 0 0 0 0 0 0 0 0 0 0 0 0 0.222222 0.111111 0 0 0 0 0 0 0 0 0 0 0 0 0 
10 0 0 0 0 0 0 0 0.0909091 0 0 0 0 0 0 0 0 0 0 0 0 0.0909091 0 0 0 0 0 0 0 0 0 0 0 0 0 0 0 0 0 0 0 0 0 0.0909091 0 0 0 0 0 0 0 0 0 0.0909091 0.181818 0 0 0 0 0 0 0 0.0909091 0 0 0 0 0 0 0.363636 0 0 0 0 0 0 0 0 0.0909091 0 0 0 0 0 0.0909091 0 0 0 0 0.0909091 0 0.272727 0 0.181818 0 0 0 0 0 0 0 0 0 0 0 0 0 0 0 0 0 0 0 0 0.0909091 0 0 0 0 0 0 0 0 0 0 0 0 0.181818 0 0 0 0 0 0 0 0 0 0 0 0 0 
10 0.0666667 0 0 0 0 0 0 0 0 0 0 0 0 0 0 0 0 0 0 0 0 0 0 0 0.133333 0 0 0 0.2 0 0 0 0 0 0 0 0.0666667 0 0.0666667 0 0 0 0.0666667 0 0 0 0 0 0 0 0 0 0 0 0.0666667 0 0 0.0666667 0 0 0 0 0 0 0 0 0 0 0.2 0.0666667 0 0.0666667 0 0 0 0 0 0 0 0 0 0 0 0 0.0666667 0 0 0 0 0 0.0666667 0 0 0 0 0.0666667 0 0 0 0 0 0 0 0.0666667 0.0666667 0 0 0 0 0 0 0 0.133333 0 0 0 0 0 0 0 0 0 0.0666667 0 0 0.2 0 0 0.0666667 0 0.0666667 0 0 0 0 0 0 0.0666667 0 0 
10 0.0909091 0 0 0 0 0 0 0 0 0 0 0 0.0227273 0 0 0 0 0.0681818 0 0.0454545 0 0 0 0 0.0681818 0 0 0 0 0 0 0 0 0.0227273 0.0227273 0 0.0681818 0.0227273 0.0227273 0 0.0681818 0 0 0 0 0 0 0.0227273 0 0 0 0.272727 0 0 0.0909091 0 0 0 0 0.0681818 0.0227273 0 0 0 0 0 0 0 0 0 0 0.0227273 0 0 0.0227273 0 0 0.0909091 0 0 0.0454545 0 0 0 0 0 0 0 0 0 0 0.0227273 0.0227273 0 0 0 0 0 0 0 0 0.0454545 0 0.0227273 0.0681818 0 0 0.0454545 0.0227273 0 0.0681818 0 0 0 0 0 0 0.0227273 0 0.0227273 0 0 0 0 0 0 0 0.227273 0 0 0.0454545 0 0 0 0 0 0 0.0227273 0 0.159091 
10 0 0.166667 0 0.166667 0 0 0 0 0 0 0 0 0 0 0.166667 0 0 0 0 0 0 0 0 0 0 0 0 0 0 0.166667 0 0 0 0 0 0 0 0 0 0 0 0 0 0 0 0 0 0 0 0 0 0 0 0.166667 0 0 0 0.166667 0 0 0 0 0 0 0 0 0 0 0 0 0.166667 0 0 0 0 0 0 0 0 0.166667 0 0 0 0 0.166667 0 0 0 0 0 0 0 0 0 0 0 0 0 0 0 0 0 0 0 0 0 0 0 0 0 0 0 0 0 0 0 0 0 0 0 0.166667 0 0 0 0 0.166667 0 0 0 0 0 0 0.166667 0 0 0 0 0 0 0 
10 0.235294 0 0 0 0 0 0 0 0 0 0 0 0 0 0 0 0 0 0 0.323529 0 0 0 0 0 0 0 0 0 0 0 0 0 0.0294118 0 0 0.176471 0 0 0 0 0 0 0 0 0.117647 0 0 0 0 0 0 0 0 0 0 0 0.0294118 0 0.0294118 0 0 0 0 0.0588235 0 0 0 0 0 0 0 0 0 0.294118 0 0 0 0 0 0 0 0 0 0 0 0 0 0 0 0 0 0 0 0 0 0 0 0 0 0 0 0 0.0294118 0 0 0 0.205882 0 0 0.0588235 0 0 0 0 0 0 0 0 0.205882 0 0 0 0 0 0 0 0 0 0 0.176471 0 0 0 0 0 0 0.0294118 0 0 
10 0 0 0 0 0 0 0 0.133333 0 0.0666667 0 0 0 0 0.0666667 0 0 0 0 0.0666667 0 0 0 0 0 0 0 0 0.133333 0 0 0 0 0 0 0 0 0 0 0 0.0666667 0 0 0 0 0 0.0666667 0.0666667 0 0 0 0 0 0 0 0 0 0.0666667 0 0.0666667 0 0 0 0.133333 0 0 0 0.0666667 0 0 0 0 0 0 0 0 0 0.0666667 0 0 0 0 0 0 0.0666667 0 0 0 0 0 0 0 0 0 0 0 0 0 0 0 0 0 0 0 0.133333 0 0 0 0.0666667 0 0.0666667 0 0.0666667 0 0 0.133333 0 0 0 0 0 0 0.133333 0 0 0 0 0 0 0 0.0666667 0.133333 0 0 0 0 0 0.0666667 0 0 
10 0.0789474 0 0 0 0 0 0.0263158 0 0 0 0 0 0.0526316 0 0 0 0 0 0 0 0 0 0 0 0 0 0 0 0 0.0263158 0 0 0 0 0 0 0 0.263158 0 0 0.105263 0 0 0 0 0 0 0.157895 0 0 0 0.105263 0 0 0 0 0 0 0 0.0263158 0 0 0 0.131579 0.0263158 0 0 0 0 0 0 0.0526316 0 0 0.0263158 0 0 0.105263 0 0 0 0.131579 0 0 0 0 0 0 0 0 0.0789474 0 0 0 0 0 0 0 0 0.0263158 0.0263158 0 0 0.0526316 0 0 0 0 0.0263158 0 0.0526316 0 0 0 0 0 0 0 0 0.0263158 0 0 0.131579 0 0 0 0 0 0 0.0526316 0 0.0789474 0 0.105263 0 0 0 0 0.0263158 0 
11 0 0 0 0.0666667 0 0.133333 0 0.266667 0 0 0 0.0666667 0 0 0 0 0 0 0 0 0.0666667 0 0 0 0.0666667 0 0 0 0 0 0 0 0 0 0 0 0 0 0 0 0 0 0 0 0 0 0 0 0 0 0 0 0 0.0666667 0 0 0 0 0 0 0 0.0666667 0.0666667 0 0 0 0 0 0.0666667 0.0666667 0 0 0 0.0666667 0 0 0 0 0 0 0 0 0 0 0 0 0 0 0.2 0 0 0 0.266667 0 0 0 0 0 0 0 0 0 0.133333 0 0 0 0.0666667 0 0 0 0.0666667 0 0 0 0 0 0 0 0 0 0 0 0 0 0 0 0.0666667 0 0.133333 0 0 0 0 0 0 0 0 0 0 0 
11 0 0 0 0 0 0.214286 0 0.0595238 0 0 0.107143 0.0238095 0 0.238095 0.0119048 0 0 0 0 0 0 0 0 0 0 0.0595238 0 0 0 0.0238095 0.0714286 0 0 0.047619 0 0 0 0 0 0 0 0 0 0 0 0 0 0 0 0 0.0119048 0 0 0 0.0119048 0 0 0.0119048 0 0 0.0238095 0.0119048 0.0119048 0 0 0 0 0 0.0357143 0.0238095 0 0 0 0 0 0.0833333 0 0.0119048 0 0 0 0 0.0119048 0.0357143 0 0.321429 0 0 0.0714286 0 0 0 0.0119048 0 0 0 0 0 0 0 0.0119048 0 0 0.0238095 0 0 0 0.0238095 0 0 0 0.0119048 0 0.047619 0 0 0.0119048 0.047619 0 0 0 0 0.0238095 0 0.0238095 0.0119048 0 0 0 0 0 0 0 0.0595238 0 0 0.107143 0.0357143 0.0119048 0 
11 0 0 0 0.272727 0 0 0 0 0 0 0 0 0 0 0 0.0909091 0 0 0 0 0 0 0 0 0 0 0.454545 0 0 0 0 0 0 0 0 0 0 0 0 0 0 0 0 0 0 0 0 0 0 0 0 0 0 0.181818 0 0 0 0 0 0 0 0 0 0 0 0 0 0 0 0 0 0 0 0 0 0 0 0 0 0.545455 0 0 0 0.0909091 0 0 0 0 0 0 0 0 0 0 0 0 0 0 0 0 0 0 0 0 0 0 0.363636 0 0 0 0 0 0 0 0 0 0 0 0 0 0 0 0 0 0 0 0 0 0 0 0 0 0 0 0 0 0 0 0 0 
11 0.0135135 0 0 0 0 0.0135135 0 0 0 0 0 0 0 0 0.027027 0 0 0 0 0 0 0 0 0 0 0 0 0 0.0405405 0 0 0 0 0.0810811 0.297297 0 0.0675676 0 0.0135135 0 0.027027 0 0 0.027027 0 0 0 0 0.0135135 0 0 0 0 0 0 0 0 0 0 0.027027 0 0 0 0 0 0 0 0.351351 0 0 0 0 0 0 0 0 0 0.0135135 0 0 0 0.0135135 0 0 0 0 0 0 0 0.202703 0 0 0 0.0135135 0 0 0 0 0 0.0135135 0 0 0 0.135135 0.027027 0 0 0.0135135 0 0 0.0405405 0 0.0135135 0 0 0 0 0 0 0.027027 0 0 0 0 0 0 0 0 0.0135135 0 0.0135135 0 0.0405405 0 0 0 0.108108 0.027027 0.283784 0 
11 0 0 0 0 0 0 0 0 0 0 0 0 0 0 0 0 0 0 0 0 0 0 0 0 0 0 0 0 0 0 0 0 0 0 0 0.666667 0 0 0 0 0 0 0 0 0 0 0 0 0 0 0 0 0 0 0 0 0 0.111111 0 0 0 0 0 0 0 0.222222 0 0 0 0 0 0 0.111111 0.111111 0 0 0 0 0 0 0 0 0 0 0 0 0 0 0 0 0 0 0 0.111111 0 0 0 0 0 0 0 0 0.111111 0 0 0 0 0 0 0 0 0.111111 0 0 0 0 0.222222 0 0 0 0.222222 0 0 0 0 0 0 0 0 0 0 0 0 0 0 0 0 0 0 0 
11 0 0 0 0 0 0 0 0 0 0 0 0 0 0 0 0 0 0 0 0 0.0909091 0 0 0 0 0 0 0 0 0 0 0 0 0 0 0.0909091 0 0 0 0.454545 0 0 0 0 0 0 0 0 0 0 0 0 0 0 0 0 0 0.181818 0 0 0 0 0 0 0 0 0 0 0.0909091 0.0909091 0 0 0 0 0 0.0909091 0 0 0 0 0 0 0 0.363636 0 0 0 0 0.181818 0 0 0 0 0 0.0909091 0 0 0 0 0 0 0 0 0 0 0 0 0 0 0 0 0.0909091 0 0 0 0 0.181818 0 0 0 0 0 0 0 0 0 0 0 0 0 0 0 0 0 0 0 0 0 0 0 
11 0 0 0 0.222222 0 0 0 0 0 0 0 0 0 0 0 0.111111 0 0 0 0 0.111111 0 0 0 0 0 0 0 0 0 0 0 0 0 0 0.222222 0 0 0 0 0 0 0.111111 0 0 0 0 0 0 0 0 0 0 0.111111 0 0 0 0 0 0 0 0 0 0 0 0 0 0 0 0.111111 0 0 0.111111 0 0 0 0 0 0 0 0.111111 0 0 0.222222 0 0 0 0.222222 0 0 0 0 0 0 0 0 0 0 0 0 0 0 0.222222 0 0 0 0 0 0 0 0 0 0 0 0 0 0 0 0 0 0 0 0 0 0 0 0 0 0 0 0 0 0.111111 0 0 0 0 0 0 0 
11 0 0 0 0 0 0 0 0.0909091 0 0 0 0 0 0 0 0 0 0 0 0 0.454545 0 0 0 0 0 0 0 0 0 0 0 0 0 0 0.181818 0 0 0 0.181818 0 0 0 0 0 0 0.0909091 0 0 0 0 0 0 0 0 0 0 0 0 0 0 0 0 0 0 0 0 0 0 0 0 0 0.0909091 0 0 0 0 0 0 0 0 0 0 0.181818 0 0 0 0 0 0 0 0 0 0 0 0.0909091 0 0.0909091 0 0.0909091 0 0 0 0 0 0 0 0 0 0 0 0.181818 0 0 0 0 0.181818 0 0 0 0 0 0 0 0 0 0 0 0.0909091 0 0 0 0 0 0 0 0 0 0 0 
11 0 0 0 0.111111 0 0 0 0 0 0 0 0 0 0 0 0 0 0 0 0 0 0 0 0.444444 0 0 0 0.111111 0 0 0 0 0 0 0 0.111111 0 0 0 0 0 0 0.111111 0 0 0 0 0 0 0 0 0 0 0 0 0 0 0 0 0 0 0 0 0 0 0 0 0 0 0.111111 0 0 0.111111 0 0 0 0 0 0 0 0 0 0 0 0 0 0 0 0 0 0 0 0 0.111111 0 0 0 0.444444 0 0.111111 0 0 0 0 0 0 0 0 0 0 0 0 0 0.111111 0 0 0 0 0 0 0 0 0 0 0 0 0 0 0 0 0 0 0 0 0 0 0.111111 0 0 0 
11 0 0 0 0 0 0 0 0 0 0 0 0 0 0 0 0.272727 0 0 0 0 0.363636 0 0 0 0 0 0 0 0 0 0 0 0 0 0 0 0 0 0 0 0 0 0 0 0 0 0 0 0 0 0 0 0 0 0 0 0 0 0 0 0 0 0 0 0 0 0 0 0.0909091 0.272727 0 0 0 0 0 0 0 0 0 0 0 0 0 0.181818 0 0 0 0.181818 0.0909091 0 0 0 0 0 0 0 0 0 0 0.0909091 0 0 0 0.0909091 0 0 0 0 0 0 0 0.0909091 0 0 0 0 0 0 0 0 0 0 0 0 0 0 0 0 0.0909091 0 0 0 0.0909091 0 0 0 0.0909091 0 0 0 
11 0.129032 0 0 0 0 0 0 0.0322581 0 0 0 0 0 0 0 0 0 0 0 0 0.0967742 0.0322581 0 0 0 0 0 0 0 0 0 0 0 0.0322581 0.0322581 0 0 0 0.0322581 0.0645161 0 0 0 0 0 0.290323 0 0.0322581 0 0 0 0 0 0 0 0 0 0.0645161 0 0.0322581 0 0 0 0 0 0 0 0 0 0.129032 0 0 0 0 0.0967742 0 0 0.0322581 0 0 0.0322581 0 0 0.0967742 0 0 0 0 0 0 0 0 0 0 0 0 0 0 0.16129 0 0.0322581 0 0 0 0.0322581 0 0 0 0 0 0 0.0322581 0 0 0 0 0.0322581 0 0 0.0322581 0 0 0 0 0 0.129032 0 0 0.0645161 0 0 0 0 0 0 0.225806 0 0 0 0 
11 0 0 0 0.1 0 0 0 0 0 0 0 0 0 0 0 0 0 0 0 0 0.3 0 0 0 0 0 0 0 0 0 0 0 0 0 0 0 0 0 0 0 0 0 0.2 0 0 0 0 0 0 0 0 0 0 0 0 0 0 0.1 0 0 0 0 0 0 0.1 0 0 0 0.1 0.1 0 0 0 0 0 0 0 0 0 0 0.1 0 0 0.1 0 0 0 0 0.1 0 0 0 0 0 0 0 0 0.4 0 0.1 0 0 0 0 0 0 0 0 0 0 0 0 0 0 0 0 0 0 0 0 0 0 0 0 0 0.2 0 0 0 0 0 0 0 0 0 0 0 0 0 0 
11 0 0 0 0 0 0 0 0 0 0 0 0 0 0 0 0 0 0 0 0 0.125 0 0 0 0 0 0 0 0 0 0 0 0 0 0 0.25 0 0 0 0 0 0 0.25 0 0 0 0 0 0 0 0 0 0 0 0 0 0 0 0 0 0 0 0 0 0 0.25 0 0 0 0.125 0 0 0 0 0 0 0 0 0 0 0 0 0 0.125 0 0 0.125 0 0 0 0 0 0 0 0 0 0 0.25 0 0 0 0 0 0 0 0.125 0 0 0 0 0 0.25 0 0 0 0 0 0 0 0 0 0 0 0 0 0.125 0 0 0 0 0 0 0 0 0 0 0 0 0 0 
11 0 0 0 0 0 0 0 0 0 0 0 0 0 0 0 0 0 0 0 0 0.111111 0 0 0 0 0 0 0 0.166667 0 0 0 0 0.166667 0 0 0 0 0.0555556 0 0.166667 0 0 0 0 0 0 0 0 0 0 0 0 0 0 0 0 0 0 0 0 0 0 0 0 0 0 0.111111 0.0555556 0.166667 0 0 0 0 0 0 0 0 0 0 0 0.111111 0 0 0 0 0 0 0.111111 0 0 0 0 0 0 0 0 0 0 0 0 0 0 0 0 0 0 0 0 0 0 0 0 0 0 0 0 0 0 0 0 0 0 0 0 0.111111 0 0 0.277778 0 0.0555556 0 0 0 0 0 0.0555556 0 0.277778 0 
12 0.025641 0.025641 0 0 0 0.205128 0 0.230769 0 0 0 0 0 0 0.025641 0.0512821 0 0 0 0 0 0 0 0 0 0 0 0 0 0 0 0 0 0.128205 0 0.0512821 0 0 0 0 0 0 0.025641 0 0 0 0 0 0 0 0 0 0 0 0 0 0 0 0 0.025641 0 0 0.179487 0 0 0 0 0 0.025641 0 0 0 0 0.025641 0 0.0512821 0 0.025641 0 0 0 0.025641 0 0 0.025641 0 0 0.025641 0.179487 0 0 0 0.0769231 0.025641 0 0.025641 0 0 0 0.0512821 0 0 0.0512821 0.0512821 0 0 0 0.0769231 0 0 0 0.0769231 0 0 0 0 0.025641 0 0 0 0 0 0 0 0 0 0 0 0 0 0.025641 0 0.0512821 0 0 0 0.0512821 0.025641 0.025641 0 
12 0 0 0 0 0 0.107692 0 0.0461538 0 0 0 0.0307692 0.0615385 0.123077 0 0 0 0 0 0.0307692 0.0153846 0 0 0 0 0 0 0 0 0 0.153846 0 0.0153846 0.0153846 0 0.0153846 0 0 0 0.0153846 0 0 0 0 0.0461538 0 0 0 0 0.0307692 0 0.0153846 0 0 0 0 0 0 0 0 0 0 0.261538 0 0 0 0 0 0.0153846 0 0 0 0 0.0153846 0.0153846 0.0307692 0 0.0153846 0 0 0 0 0.0153846 0 0 0.138462 0 0 0.0461538 0 0 0.0153846 0.0769231 0.0307692 0.0461538 0 0 0 0 0 0 0 0.0461538 0 0 0 0 0.0153846 0 0 0.0307692 0.0153846 0 0 0 0 0.0923077 0 0 0.0461538 0 0.0307692 0 0 0 0 0 0 0 0 0 0 0 0.123077 0 0 0.0923077 0 0.0307692 0.0307692 
12 0 0 0 0 0 0 0 0 0 0 0 0 0 0 0 0.181818 0.0909091 0 0.0909091 0 0.0909091 0 0 0 0 0 0 0 0 0 0 0 0 0 0 0.0909091 0 0 0 0 0 0 0 0.0909091 0 0 0 0 0 0 0 0 0 0 0 0 0 0 0 0 0 0.363636 0 0 0 0 0 0 0 0 0 0 0 0.0909091 0 0 0 0 0 0 0 0 0 0 0 0 0 0.181818 0 0 0 0 0 0 0 0 0 0.0909091 0 0 0 0 0 0 0 0 0 0 0 0 0 0 0 0 0 0 0 0 0 0 0 0 0 0 0 0 0.0909091 0 0 0 0 0 0.545455 0 0 0 0 0 0 0 
12 0.037037 0 0 0 0 0 0 0 0 0 0 0 0 0 0 0 0 0 0 0 0.037037 0 0 0 0.185185 0 0 0 0 0 0 0 0 0.037037 0 0.111111 0.037037 0.037037 0 0 0 0 0 0 0 0 0 0 0 0 0 0 0 0 0.148148 0 0 0 0.148148 0.037037 0 0 0 0.111111 0.0740741 0 0 0 0 0 0 0.037037 0 0.111111 0 0 0 0.037037 0 0 0 0 0 0 0 0 0 0 0.037037 0 0 0 0 0 0 0 0 0 0 0.037037 0 0 0 0.037037 0.148148 0 0 0 0 0 0.185185 0 0 0 0 0 0 0 0 0.111111 0 0 0 0.037037 0 0 0 0 0 0 0.037037 0.148148 0 0 0 0 0 0.037037 0 0 
12 0 0.0869565 0 0 0 0 0 0.0434783 0 0 0 0 0 0 0 0 0 0 0 0 0 0.0434783 0 0 0.0434783 0 0 0 0 0 0 0 0 0 0 0.0434783 0.0434783 0 0.217391 0 0 0 0.0434783 0 0 0 0.130435 0 0.130435 0 0 0 0 0 0.0869565 0 0 0 0 0 0 0 0 0.0434783 0.0434783 0 0 0 0 0 0 0 0 0 0.0434783 0 0 0 0 0 0.217391 0 0 0 0 0 0.0434783 0 0.0434783 0 0 0 0 0 0 0 0 0 0 0 0 0 0 0.217391 0.130435 0 0 0 0 0 0 0 0 0 0 0 0 0 0 0 0 0 0 0 0 0.0434783 0 0 0 0 0 0.173913 0.0434783 0 0 0 0 0.0434783 0 0 
12 0 0 0 0 0 0 0 0.170732 0 0 0 0 0 0 0.0243902 0.0243902 0.0487805 0 0 0 0 0 0.0243902 0 0.146341 0 0 0 0 0 0 0 0.0243902 0.0243902 0 0 0 0.0731707 0.097561 0 0 0 0 0 0 0 0 0.0243902 0.0487805 0.0243902 0 0 0 0 0 0 0 0 0 0.0731707 0 0.097561 0.0243902 0 0 0 0 0.0487805 0 0 0 0.0243902 0 0 0.097561 0 0 0.0487805 0 0 0.0731707 0 0 0 0 0 0 0.121951 0 0.0243902 0 0 0 0 0 0 0 0 0.121951 0 0 0 0.0243902 0.0731707 0.0487805 0 0 0 0 0 0.0487805 0 0 0 0 0 0 0.0243902 0 0.0243902 0 0.0243902 0 0 0 0.0243902 0 0 0 0 0.0243902 0 0.0487805 0 0.0243902 0 0 0.097561 0 0 
12 0 0 0 0 0 0 0 0.212766 0 0 0 0 0 0 0 0.0212766 0.0212766 0 0 0 0 0 0 0.0212766 0.106383 0 0 0 0 0 0 0 0.0851064 0 0 0 0 0 0.0212766 0 0 0 0.0212766 0 0 0 0 0 0 0.170213 0 0 0 0 0.0212766 0 0.0425532 0 0 0.0425532 0 0.106383 0.0851064 0 0 0 0 0 0.0212766 0 0 0.0425532 0 0 0.0851064 0 0 0 0 0 0 0 0 0 0 0 0 0.0638298 0.0212766 0 0 0 0.0851064 0.0212766 0 0 0 0 0 0.0425532 0 0 0.0851064 0.191489 0.0212766 0 0 0 0 0 0.0425532 0 0 0 0 0 0.0212766 0 0 0.0212766 0 0 0.0212766 0 0 0 0 0 0 0 0 0.0212766 0.0212766 0 0 0 0.148936 0 0.0425532 0 
12 0 0 0 0 0 0 0 0.117647 0 0 0.191176 0 0 0 0 0.0294118 0 0 0 0 0 0 0 0 0.0882353 0.0735294 0 0 0 0 0 0 0.0441176 0.0294118 0.0147059 0 0 0 0 0 0 0 0 0 0 0 0 0.0147059 0 0.0588235 0 0 0 0 0 0 0.0147059 0 0 0 0 0.147059 0.147059 0 0 0 0 0.0294118 0 0 0 0.0441176 0 0 0 0.0147059 0 0 0 0 0.0294118 0 0.0441176 0 0 0.0588235 0 0 0.0441176 0 0 0 0.102941 0 0.0882353 0 0 0 0.0147059 0.0441176 0 0.0147059 0 0.0735294 0.0441176 0 0 0.0147059 0 0 0.0735294 0 0 0.0147059 0 0 0.0147059 0.0882353 0 0 0 0 0 0 0.0294118 0 0 0 0 0 0 0 0.0294118 0 0 0 0.0735294 0 0.0441176 0 
12 0.125 0 0 0 0 0 0 0 0 0 0 0 0 0 0 0.0625 0 0 0 0 0 0 0 0 0 0 0 0 0 0 0 0 0.375 0 0 0.03125 0.03125 0 0.03125 0 0 0 0 0 0 0 0 0 0 0 0 0 0 0.03125 0 0 0.125 0 0 0.09375 0 0.09375 0 0 0 0 0 0 0 0 0 0.28125 0 0.03125 0 0 0 0 0 0 0 0.03125 0 0.03125 0 0 0 0.0625 0 0.03125 0 0 0.09375 0.03125 0 0 0 0 0 0 0 0 0 0.03125 0.03125 0 0 0 0 0 0.0625 0 0 0 0.0625 0 0 0 0 0.0625 0 0 0 0 0 0 0 0 0 0 0 0 0.03125 0 0 0 0.0625 0 0.0625 0 
12 0.0625 0.015625 0 0 0 0 0 0 0 0 0.015625 0 0.046875 0 0 0.03125 0.046875 0 0 0.015625 0 0 0 0 0.03125 0 0.015625 0 0 0.015625 0 0 0.140625 0.015625 0.03125 0.015625 0 0.0625 0 0 0 0 0 0 0.09375 0 0 0.015625 0 0 0 0 0 0 0 0 0.09375 0 0.015625 0.046875 0.109375 0 0 0 0 0 0 0.0625 0 0 0 0.21875 0 0 0.03125 0.015625 0 0 0.125 0 0 0 0.03125 0.015625 0 0.015625 0 0.015625 0.015625 0 0 0 0.015625 0.03125 0.046875 0 0 0.015625 0.0625 0 0.015625 0 0.015625 0 0.015625 0 0 0.03125 0 0 0.046875 0 0 0.015625 0 0 0.03125 0 0.03125 0 0 0.015625 0 0 0 0 0.015625 0.015625 0 0 0 0 0.015625 0 0 0 0.03125 0 0.03125 0.015625 
12 0 0 0 0 0 0.037037 0 0.111111 0 0 0 0 0 0 0 0.148148 0 0 0 0 0 0 0 0 0 0 0.037037 0 0 0 0 0 0.259259 0 0 0.0740741 0.111111 0 0 0 0 0 0 0 0 0 0 0 0 0 0 0 0 0 0 0 0.0740741 0 0 0.111111 0 0 0 0 0.037037 0 0 0 0 0 0 0.407407 0 0.0740741 0 0 0 0 0 0 0 0 0 0 0 0 0 0.111111 0 0 0 0 0.037037 0 0 0 0 0 0 0 0 0 0 0.0740741 0 0 0 0 0 0 0 0 0 0 0 0 0 0 0 0.037037 0 0 0 0 0 0.0740741 0 0 0 0 0 0 0 0 0 0 0.185185 0 0 0 
12 0.0232558 0.116279 0 0 0 0 0 0 0 0 0 0 0 0 0.0232558 0.0232558 0 0 0 0.0930233 0 0 0 0 0 0 0 0 0.0232558 0 0 0 0.162791 0 0.0232558 0 0.0232558 0.0232558 0.0930233 0 0 0 0 0 0 0.116279 0 0.0232558 0 0 0 0 0 0 0 0 0.0232558 0.0232558 0.0232558 0.0930233 0 0 0 0 0 0 0 0.0697674 0 0 0 0.162791 0 0 0.0697674 0.0232558 0 0.139535 0 0 0 0 0 0 0 0 0 0.116279 0.0930233 0 0 0 0.0232558 0 0 0 0 0 0 0.0232558 0 0 0.0232558 0.0232558 0 0 0 0.116279 0 0 0.0465116 0 0 0 0 0 0 0 0 0.0465116 0 0 0 0 0 0 0.0232558 0 0 0 0.0697674 0 0 0 0 0 0 0 0 0 
12 0 0 0 0 0 0 0 0 0 0 0 0 0 0 0.0434783 0.0869565 0.0869565 0 0 0 0 0 0.0434783 0 0.0434783 0 0 0 0 0 0 0 0 0 0 0 0 0 0.0869565 0 0 0 0 0.130435 0 0 0.0434783 0 0 0 0 0 0 0.0434783 0 0 0 0 0 0.0869565 0 0.0434783 0.0434783 0 0 0 0 0.217391 0 0 0 0.0434783 0 0 0 0 0 0 0 0 0.0869565 0.0869565 0 0 0.0434783 0 0 0.173913 0 0 0.0434783 0 0 0 0 0 0 0 0 0 0 0 0 0.0434783 0.0434783 0 0 0 0 0 0 0 0 0.0434783 0 0 0 0 0 0 0 0 0.0869565 0 0 0.0434783 0 0 0 0 0 0 0.173913 0 0.0434783 0 0.0434783 0 0 0 
12 0 0 0.0344828 0 0 0 0 0.0344828 0 0 0 0 0 0 0 0.0344828 0 0 0 0 0 0 0 0 0.0344828 0 0 0 0.0344828 0 0 0 0 0 0 0 0.0689655 0.241379 0 0 0.0344828 0 0 0.0344828 0 0 0 0 0.0344828 0.0344828 0 0 0 0.0344828 0 0 0 0 0.0344828 0 0 0.137931 0 0.0689655 0.0689655 0 0 0.0344828 0 0 0 0 0 0 0 0 0 0.103448 0 0 0 0.103448 0 0 0 0 0 0.103448 0 0 0 0 0.0344828 0 0 0 0 0 0 0 0 0 0 0.0689655 0.0689655 0 0 0.0344828 0.241379 0 0.0344828 0 0 0 0 0 0 0 0 0.0344828 0.0344828 0 0 0 0 0 0 0 0 0 0 0.0344828 0 0 0 0 0.0344828 0.0344828 0.0344828 0 
13 0.0126582 0 0 0 0 0.00843882 0.160338 0 0 0 0.0548523 0.0253165 0.0253165 0.0632911 0 0 0 0.0168776 0 0.021097 0 0 0 0 0.00421941 0 0 0 0 0.0295359 0.0548523 0.0253165 0 0.00421941 0 0 0 0 0 0 0.00421941 0 0 0 0.270042 0.00843882 0 0 0 0 0.00843882 0.0168776 0 0 0 0 0 0 0 0 0.185654 0 0 0 0 0 0 0 0 0 0 0 0 0 0 0.07173 0 0 0.0675105 0 0 0 0.0168776 0 0 0.0253165 0 0 0 0 0 0.0464135 0 0 0.0253165 0 0 0 0 0.00421941 0.0295359 0.0506329 0 0.00421941 0 0 0 0.0168776 0 0 0 0.00421941 0 0.0126582 0 0.0126582 0 0.0379747 0.0379747 0 0 0.00421941 0.0168776 0.0126582 0.021097 0 0 0.168776 0 0.122363 0.00421941 0 0 0.101266 0 0 0 0 0 0.0843882 
13 0 0 0 0.02 0 0.04 0 0 0 0 0 0 0 0 0.08 0 0 0 0.1 0 0 0.06 0.02 0 0 0 0 0 0 0 0 0 0 0 0.04 0.02 0.06 0 0 0 0.04 0 0 0.26 0 0 0 0 0.12 0 0 0 0 0 0 0 0 0 0.02 0 0 0 0.1 0 0 0 0 0.02 0 0 0.12 0 0 0.02 0.04 0 0 0 0 0 0 0.2 0 0 0 0 0 0.02 0 0 0.08 0 0 0 0 0 0 0 0 0.02 0 0 0.02 0.04 0.04 0 0 0 0 0 0 0 0 0 0.08 0 0 0.02 0 0 0 0 0.04 0 0 0 0 0 0 0 0 0.02 0.06 0 0 0.08 0 0.1 0 0 
13 0.0493827 0 0 0 0 0 0 0 0 0 0 0.0246914 0.0123457 0 0 0 0 0.0246914 0 0 0 0 0 0 0.0864198 0 0 0 0 0.0246914 0 0 0.0493827 0.037037 0.0617284 0.0123457 0 0.0987654 0 0 0.0123457 0 0 0 0 0.0246914 0 0.160494 0.0246914 0.0123457 0 0 0 0 0.111111 0 0 0 0 0.0864198 0 0.0123457 0 0.0740741 0 0 0 0 0 0 0 0.037037 0 0.0123457 0.0987654 0 0 0 0 0 0.0123457 0.0617284 0 0 0 0 0 0 0 0.0123457 0 0.0493827 0 0 0 0 0 0 0.0123457 0.0123457 0.037037 0 0 0 0.135802 0 0 0.0123457 0.271605 0 0.037037 0 0 0 0 0.0123457 0 0 0 0.0493827 0 0 0 0 0 0 0 0.0246914 0 0 0 0.0864198 0 0 0 0.0246914 0 0 0 0 
13 0 0 0 0 0 0 0 0 0 0 0 0 0 0 0 0 0 0 0.111111 0 0 0.0222222 0 0 0 0 0 0 0 0 0 0 0 0.0222222 0.0222222 0 0.0222222 0 0 0.0222222 0.0222222 0.311111 0 0.177778 0 0.0222222 0 0 0.155556 0 0 0 0 0 0 0 0 0 0.0444444 0.0222222 0 0 0 0 0.0222222 0 0 0 0 0 0.0444444 0 0 0 0 0 0 0 0 0 0.0222222 0.0666667 0 0 0 0 0 0 0 0.0444444 0.0222222 0 0 0.0222222 0 0.0222222 0 0 0 0 0 0 0.0444444 0 0.111111 0 0 0 0 0 0 0 0 0 0.288889 0 0 0 0 0 0 0 0.0444444 0 0 0 0 0 0 0 0 0 0.0666667 0 0 0.0666667 0 0.0666667 0.0666667 0 
13 0.0111111 0 0 0 0 0 0 0 0 0 0 0.0111111 0.0666667 0 0 0 0 0.0777778 0 0.0222222 0 0.0222222 0.0222222 0 0.0111111 0 0 0 0 0 0 0 0 0 0.1 0 0.0222222 0.1 0 0 0.0111111 0.0111111 0 0.0222222 0 0.0555556 0 0.277778 0.0444444 0 0 0 0 0 0.0333333 0 0 0 0 0.0222222 0 0 0 0 0 0 0 0.0555556 0 0 0.0555556 0 0 0 0.0111111 0 0 0.0666667 0 0 0.0222222 0.0888889 0.0222222 0 0 0.0111111 0 0 0 0.0777778 0 0 0 0.0222222 0 0 0 0 0 0 0 0.0333333 0.0222222 0.0555556 0.0333333 0 0 0.0333333 0.0555556 0 0.0333333 0 0 0.0222222 0 0 0 0.0333333 0 0.0333333 0 0 0.0111111 0.0111111 0 0 0 0 0 0 0.0111111 0 0.0555556 0.0666667 0 0 0 0.0444444 0.0666667 0 
13 0 0 0 0 0 0 0 0 0 0 0 0 0 0 0 0 0 0 0.407407 0 0 0.259259 0.037037 0.037037 0 0 0 0 0 0 0 0 0 0 0 0 0 0 0 0 0 0.037037 0 0.0740741 0 0 0 0 0.111111 0 0 0 0 0 0 0 0 0 0.037037 0 0 0 0 0 0 0 0 0 0 0 0.481481 0 0 0 0 0 0 0 0 0 0 0 0 0 0 0 0 0 0 0 0 0 0 0 0 0 0.037037 0 0 0 0 0 0 0 0 0 0 0 0 0 0 0 0.037037 0 0.37037 0 0 0 0 0 0 0 0 0 0 0 0 0 0 0 0 0 0 0 0 0.0740741 0 0 0 0 
13 0.00694444 0 0 0 0 0 0 0.0486111 0 0.00694444 0.0138889 0.0625 0.0486111 0.0416667 0 0 0 0.0277778 0 0 0 0.0208333 0 0 0 0.104167 0 0 0 0.236111 0.00694444 0.125 0 0.118056 0.00694444 0 0 0 0 0 0 0 0 0 0 0 0 0 0 0.0138889 0.0138889 0.00694444 0 0 0 0 0 0 0.0277778 0.0486111 0.0138889 0 0 0 0 0 0 0 0 0 0.0138889 0 0.00694444 0 0.00694444 0 0 0.0138889 0.00694444 0 0 0.0347222 0.00694444 0 0 0.0555556 0 0 0.0138889 0 0 0.131944 0 0 0 0 0.00694444 0 0.00694444 0 0.0486111 0.138889 0.00694444 0.00694444 0 0 0 0.0416667 0.00694444 0 0 0.00694444 0 0 0 0 0.0138889 0.0138889 0.00694444 0.0208333 0 0 0 0.0208333 0.0138889 0 0 0.0694444 0 0.0972222 0 0 0.0347222 0.0763889 0 0 0.0208333 0.0277778 0.0138889 0.00694444 
13 0 0 0 0 0 0 0 0 0 0 0 0 0 0 0 0 0 0 0.454545 0 0 0.363636 0 0 0 0 0 0 0 0 0 0 0 0 0 0 0 0 0 0 0 0 0 0.0227273 0 0 0 0 0.136364 0 0 0 0.0227273 0 0 0 0 0 0 0 0 0 0 0 0 0 0 0 0 0 0.227273 0 0 0 0 0 0 0 0 0.0227273 0.136364 0.0227273 0 0 0 0 0 0 0 0.0681818 0.0454545 0 0 0 0 0 0 0 0 0 0 0 0 0.0909091 0 0 0.0227273 0 0 0 0 0 0 0 0.227273 0 0 0 0 0 0 0 0 0 0 0.0227273 0 0 0 0 0 0 0.0454545 0 0 0.0454545 0 0.0227273 0 0 
13 0.0175439 0 0 0 0 0 0.0350877 0 0 0 0 0.0526316 0.403509 0 0 0 0 0.0350877 0 0.0175439 0 0 0 0 0 0 0 0 0 0 0 0.122807 0 0.00877193 0.00877193 0.0263158 0 0.122807 0 0 0.00877193 0.0175439 0 0.00877193 0 0 0 0.0263158 0 0 0.00877193 0 0 0 0.0175439 0 0 0 0.0175439 0 0 0 0 0 0 0.0263158 0 0.0175439 0 0 0.0263158 0 0 0.0263158 0.0350877 0.00877193 0 0.0350877 0.00877193 0 0 0.00877193 0.00877193 0 0 0.00877193 0.00877193 0 0.00877193 0 0 0.22807 0 0 0 0.00877193 0 0 0.0175439 0 0 0.201754 0 0 0 0 0 0.0175439 0.0701754 0 0 0 0 0 0 0 0.00877193 0 0 0 0.0175439 0 0.00877193 0.0350877 0 0 0 0.0350877 0 0.114035 0 0.00877193 0 0.0350877 0 0 0 0 0 0.00877193 
13 0 0 0 0 0 0 0 0 0 0 0 0 0 0 0 0 0 0 0.261905 0 0 0.047619 0 0 0 0 0 0 0 0 0 0 0 0.0238095 0.0238095 0.0238095 0 0 0 0 0 0.357143 0 0.166667 0 0.0238095 0 0 0.0238095 0 0 0 0 0 0 0 0 0.0238095 0 0 0 0 0 0 0 0 0 0.0238095 0 0 0.285714 0 0 0 0.0238095 0 0.0238095 0 0 0 0 0.0238095 0 0 0 0 0 0 0 0 0 0 0 0 0 0 0 0 0 0 0 0 0 0 0 0 0 0 0 0 0 0 0 0 0.166667 0 0 0 0 0.0238095 0 0 0 0 0 0 0 0 0 0 0 0 0.0952381 0 0 0.309524 0 0 0.047619 0 
13 0.0530303 0 0 0 0 0 0.0378788 0 0 0 0.00757576 0.0757576 0.310606 0 0 0 0 0.166667 0 0 0 0 0 0 0.00757576 0 0 0 0 0 0 0.0378788 0 0.0378788 0.00757576 0.0151515 0.00757576 0.0757576 0 0 0 0.00757576 0 0 0 0.00757576 0 0.0151515 0 0.0227273 0 0.0227273 0 0 0 0 0 0 0 0.030303 0.0530303 0 0 0 0 0 0 0 0 0 0.00757576 0 0 0.0151515 0.0227273 0.030303 0 0.0151515 0.00757576 0 0 0.0151515 0.030303 0 0 0 0 0 0 0.0151515 0 0.113636 0 0.0151515 0.00757576 0 0 0 0 0.00757576 0.0681818 0.181818 0 0.00757576 0.0151515 0 0 0.00757576 0.0151515 0 0.00757576 0.00757576 0 0.00757576 0 0 0 0 0 0.0606061 0 0 0 0.0454545 0 0 0 0.00757576 0 0.0984849 0 0 0 0.143939 0 0 0 0.0227273 0 0 
13 0 0 0 0 0 0 0 0 0 0.0185185 0 0 0 0 0 0 0 0 0.111111 0 0 0.185185 0 0 0.0185185 0 0 0 0 0 0 0 0 0 0.0925926 0.037037 0 0 0 0 0.0555556 0 0 0.148148 0 0 0 0 0.240741 0 0 0 0 0 0 0 0 0.0185185 0.0555556 0 0 0 0 0 0 0 0 0.0185185 0 0 0.166667 0 0 0.037037 0 0 0 0 0 0 0 0.148148 0 0 0 0 0 0 0 0.037037 0.0555556 0 0 0 0 0 0 0 0 0 0 0 0 0 0 0 0 0.037037 0.037037 0 0 0 0 0 0.296296 0 0.0185185 0 0 0 0 0 0 0 0 0 0 0 0 0 0 0.037037 0.0185185 0 0 0.0740741 0 0.037037 0 0 
13 0.0693069 0 0.00990099 0.00990099 0 0 0.029703 0 0 0 0 0 0.148515 0 0 0 0 0.168317 0 0 0 0 0 0 0.019802 0 0 0 0 0.0594059 0 0 0 0.00990099 0.029703 0 0 0.0693069 0 0 0 0.00990099 0 0 0.019802 0.00990099 0 0.267327 0 0 0 0 0 0 0 0 0 0 0.00990099 0.00990099 0.019802 0 0 0 0 0 0 0.029703 0 0 0.029703 0.00990099 0 0 0.039604 0 0 0.039604 0 0 0 0.138614 0.0891089 0 0 0.00990099 0.00990099 0 0 0 0 0.0594059 0 0 0 0 0 0 0 0.00990099 0.158416 0.00990099 0 0 0.0594059 0 0 0 0.0693069 0 0 0.00990099 0 0 0 0 0 0.00990099 0 0.039604 0 0 0.0693069 0 0 0 0 0 0 0.0594059 0 0 0 0.0594059 0 0 0 0.019802 0 0 
13 0 0 0 0 0 0 0 0 0 0 0 0 0 0 0 0 0 0 0.166667 0.0277778 0 0 0.0277778 0 0 0 0 0 0 0 0 0 0 0 0 0 0 0 0 0 0 0.277778 0 0.25 0 0 0 0 0.111111 0 0 0 0 0 0 0 0 0 0.0833333 0 0 0.0277778 0 0 0.0277778 0 0 0 0 0 0.305556 0 0 0 0 0 0 0 0 0 0 0.111111 0 0 0 0 0 0 0 0.0833333 0.0555556 0 0 0 0 0 0 0 0 0.0277778 0 0 0 0 0.0277778 0 0 0 0.0277778 0 0 0 0 0 0.25 0 0 0 0 0 0 0 0.0555556 0 0 0 0 0 0 0 0 0 0.0277778 0 0 0.0277778 0 0 0 0 
14 0 0 0 0 0 0.08 0 0.3 0 0 0 0 0 0 0 0.02 0.02 0 0 0 0 0 0 0 0.02 0 0 0.02 0 0 0 0 0.06 0 0 0 0 0 0.08 0 0 0 0 0 0 0 0 0 0 0.12 0 0 0 0 0 0 0 0 0 0 0 0.14 0.1 0 0 0 0 0 0.04 0 0 0.06 0 0 0 0 0 0 0 0 0.02 0 0 0 0 0 0 0.14 0.04 0 0.02 0 0.12 0 0 0 0 0.02 0 0 0 0 0.16 0.14 0 0 0 0 0 0 0.02 0 0 0 0 0 0 0 0 0 0 0 0 0 0 0.02 0 0 0 0 0 0 0.1 0 0 0 0.14 0 0 0 
14 0 0 0 0 0 0.010929 0 0.0163934 0 0 0.0819672 0.196721 0.0437158 0.120219 0 0 0 0.0382514 0 0.00546448 0 0 0 0 0.0546448 0 0 0 0 0.0765027 0.00546448 0.120219 0 0.0273224 0 0 0.010929 0 0 0 0 0 0 0 0.010929 0 0.010929 0 0 0 0.0327869 0.0218579 0 0 0.0163934 0.0273224 0 0 0 0.010929 0.0491803 0 0 0.010929 0 0 0 0 0 0 0 0 0 0 0 0.0437158 0 0 0.0163934 0 0 0 0.0491803 0 0 0.0819672 0 0 0.0273224 0 0 0.010929 0.00546448 0.0163934 0.0874317 0 0 0 0 0.010929 0.0437158 0.0928962 0 0 0 0 0 0.0218579 0 0 0 0 0 0.0437158 0 0.010929 0 0.0655738 0 0.0218579 0 0.0874317 0 0.0765027 0 0 0 0 0 0.0437158 0 0 0 0.131148 0 0 0 0.00546448 0 0.00546448 
14 0 0 0 0 0 0 0 0 0 0 0 0 0 0 0 0 0 0 0 0 0 0 0 0 0 0 1 0 0 0 0 0 0 0 0 0 0 0 0 0 0 0 0 0 0 0 0 0 0 0 0 0 0 0 0 0 0 0 0 0 0 0 0 0 0 0 0 0 0 0 0 0 0 0 0 0 0 0 0 0.111111 0.111111 0 0 0 0 0 0 0 0 0 0 0 0 0 0 0 0 0 0 0 0 0 0 0 0 0 0.333333 0 0 0 0 0 0 0 0 0 0 0 0 0 0 0 0 0 0 0 0.111111 0 0 0 0 0 0 0 0.333333 0 0 0 0 0 
14 0 0 0 0 0 0 0 0 0.00757576 0.00757576 0 0 0 0 0 0 0 0 0 0 0 0 0 0 0.0454545 0 0 0 0 0 0 0.174242 0 0 0 0 0 0 0.00757576 0 0 0 0 0 0 0 0.0227273 0 0 0 0 0 0 0 0 0.409091 0 0 0 0 0 0 0 0.325758 0 0 0 0 0 0 0 0 0 0 0 0.0227273 0 0 0 0 0.00757576 0.00757576 0 0 0 0.00757576 0 0 0.030303 0 0 0 0.00757576 0 0 0 0 0 0 0.136364 0 0.106061 0.030303 0 0 0 0 0.00757576 0.00757576 0 0.030303 0 0 0 0 0.219697 0 0.00757576 0 0 0 0 0 0.19697 0.0151515 0 0 0 0 0.00757576 0 0.0984849 0 0.00757576 0 0 0.00757576 0 0.0378788 0 
14 0 0 0 0 0 0 0 0 0 0 0 0 0 0 0 0 0 0 0 0 0.0833333 0 0 0 0 0 0 0 0 0 0 0 0 0 0 0.666667 0 0 0 0 0 0 0 0 0 0 0 0 0 0 0 0 0 0 0 0 0 0 0 0 0 0 0 0.0833333 0 0.166667 0 0 0 0 0 0 0.0833333 0.0833333 0 0 0 0 0 0 0 0 0 0.0833333 0 0 0 0 0 0 0 0 0 0 0 0 0 0 0 0 0 0 0 0 0 0.0833333 0 0 0 0 0 0.25 0 0.0833333 0 0 0 0 0 0 0.333333 0 0 0 0 0 0 0 0 0 0 0 0 0 0 0 0 0 0 0 
14 0 0 0 0 0 0 0 0.117647 0 0 0 0 0 0 0 0 0 0 0 0 0 0 0 0 0 0 0 0 0 0 0 0 0 0 0.0588235 0 0.0588235 0 0 0.235294 0.0588235 0 0 0 0 0 0 0 0.117647 0 0 0 0 0 0 0 0 0.117647 0 0.176471 0 0 0 0 0 0 0 0 0 0.0588235 0 0 0 0 0 0 0 0 0 0 0 0 0 0.117647 0 0 0 0 0 0 0 0 0 0.0588235 0.0588235 0 0 0 0 0 0 0 0 0 0.235294 0 0 0 0 0 0 0.117647 0 0.0588235 0 0 0.0588235 0 0 0 0 0 0 0 0 0 0 0 0 0 0 0 0 0 0 0.235294 0.0588235 0 0 0 
14 0 0.333333 0 0 0 0 0 0 0 0.111111 0 0 0 0 0 0 0 0 0 0 0 0 0 0 0 0 0.333333 0 0 0 0 0 0 0 0 0 0 0 0 0 0 0 0 0 0 0 0 0 0 0 0 0 0 0 0 0 0 0 0 0 0 0 0 0 0 0 0 0 0 0.222222 0 0 0 0 0 0 0 0 0 0 0 0 0 0 0 0 0 0 0.111111 0 0 0 0 0 0 0 0 0 0 0 0 0 0 0 0 0 0.777778 0 0 0 0 0 0 0 0 0 0 0 0 0 0 0 0 0 0 0 0 0 0.111111 0 0 0 0 0 0 0 0 0 0 0 
14 0 0 0 0 0 0 0 0 0 0 0 0 0 0 0.125 0.625 0 0 0 0 0.25 0 0 0 0 0 0 0 0 0 0 0 0 0 0 0 0 0 0 0 0 0 0 0 0 0 0 0 0 0 0 0 0 0 0 0 0 0 0 0 0 0 0 0 0 0 0 0 0 0 0 0 0 0 0 0 0 0 0 0 0 0 0 0.375 0 0 0 0.25 0.125 0 0 0 0.125 0 0 0 0 0 0 0 0 0 0 0 0 0 0 0 0 0 0 0 0 0 0 0 0 0 0 0 0 0 0 0 0 0.125 0 0 0 0 0 0 0 0 0 0 0 0 0 0 
14 0 0 0 0 0 0 0 0 0 0 0 0 0 0 0 0.1 0 0 0 0 0.1 0 0 0 0 0 0 0 0 0 0 0 0 0 0 0.5 0 0 0 0 0 0 0.1 0 0 0 0 0 0 0.1 0 0 0 0 0.1 0 0 0 0 0 0 0 0 0 0 0 0 0 0 0 0 0 0.1 0.1 0 0 0 0 0 0 0 0 0 0.1 0 0 0 0 0.1 0 0 0 0 0.1 0 0 0 0.2 0 0 0 0 0 0 0 0 0 0 0 0 0 0 0 0 0 0 0.1 0 0 0 0 0 0 0 0 0 0.1 0 0 0 0 0.1 0 0 0 0 0 0 0 0 
14 0 0 0 0 0 0 0 0 0 0 0 0 0 0 0 0 0 0 0 0 0.6 0 0 0 0 0 0 0 0 0 0 0 0 0 0 0 0 0 0 0.1 0 0 0.1 0 0 0 0 0 0 0 0 0 0 0 0 0 0 0 0 0 0 0 0 0 0 0 0 0 0 0.2 0 0 0 0 0 0 0 0 0 0 0 0 0 0.4 0 0 0 0 0.1 0 0 0 0 0.1 0 0.1 0 0 0 0 0 0 0 0 0 0 0 0.1 0 0 0 0 0 0 0 0 0.1 0 0 0 0 0 0 0 0 0 0 0 0.1 0 0 0 0 0 0 0 0 0 0 0 
14 0 0 0 0.0714286 0 0 0 0 0 0 0 0 0 0 0.142857 0 0 0 0 0 0.0714286 0 0 0 0 0 0 0 0.214286 0 0 0 0 0 0 0 0 0 0 0 0 0 0 0.142857 0 0 0 0 0.142857 0 0 0 0 0 0 0 0 0 0 0 0 0 0 0 0 0 0 0 0.0714286 0.142857 0 0 0 0 0 0 0 0 0 0 0 0 0 0 0 0 0 0 0 0 0 0 0 0 0 0 0 0 0 0 0 0 0.0714286 0.0714286 0 0 0 0 0 0 0 0 0 0 0 0 0 0 0 0 0 0 0 0 0 0.142857 0 0 0.5 0 0 0 0 0 0 0 0.214286 0 0 0 
14 0.0677966 0 0 0 0 0 0 0 0 0 0 0 0 0 0 0 0 0 0 0.559322 0 0 0 0 0 0 0 0 0 0 0 0 0 0.0508475 0.0169492 0 0 0.0508475 0 0 0.237288 0 0 0 0 0 0 0 0 0 0 0 0 0 0 0 0 0.0169492 0 0 0 0 0 0 0 0 0 0 0 0 0 0 0 0 0 0.0338983 0 0.152542 0 0 0 0 0 0 0 0 0 0 0.0847458 0 0 0 0 0 0 0 0 0 0 0.0847458 0 0 0 0 0 0 0 0.542373 0 0 0 0 0 0.0338983 0 0 0 0 0 0 0 0 0 0 0 0 0 0 0 0 0 0 0 0 0 0 0.0508475 0 0.0169492 0 
14 0 0.0909091 0 0 0 0 0 0 0 0 0 0 0 0 0 0.272727 0 0 0 0 0.181818 0 0 0.181818 0 0 0.181818 0 0 0 0 0 0.0909091 0 0 0 0 0 0 0 0 0 0 0 0 0 0 0 0 0 0 0 0 0 0 0 0 0 0 0 0 0 0 0 0 0 0 0 0 0 0 0 0 0 0 0 0 0 0 0 0 0 0 0.0909091 0 0 0 0.0909091 0 0 0 0 0.0909091 0 0 0 0 0.181818 0 0 0 0 0.0909091 0 0 0 0.0909091 0 0 0 0 0 0 0.0909091 0 0 0 0 0 0 0 0 0 0 0 0.0909091 0 0 0.0909091 0 0 0 0 0 0.0909091 0 0 0 0 0 
14 0 0 0 0 0 0 0 0.2 0 0 0 0 0 0 0 0.2 0.0666667 0 0 0 0 0 0 0 0 0 0 0 0 0 0 0 0 0 0 0 0 0 0 0 0 0 0 0 0 0 0 0 0 0 0 0 0 0.266667 0 0 0 0 0 0 0 0.133333 0 0 0 0 0 0 0.0666667 0.0666667 0 0 0 0 0 0 0 0 0 0 0 0 0 0.0666667 0 0 0 0 0 0 0 0 0.333333 0.0666667 0 0 0 0 0 0 0 0 0.0666667 0 0 0 0 0 0 0 0 0 0 0 0 0 0 0 0 0 0 0 0 0 0 0.133333 0 0 0.266667 0 0.0666667 0 0 0 0 0 0 0 0 0 
15 0.142857 0 0 0 0 0 0 0.0285714 0 0 0 0.0285714 0.0857143 0.0857143 0 0 0 0.142857 0 0.0285714 0 0 0 0 0 0 0 0 0 0 0.114286 0 0 0 0 0 0 0 0 0.0285714 0 0 0 0 0 0 0.0285714 0 0 0 0.0857143 0.0571429 0 0 0.0571429 0.0285714 0 0.0285714 0 0 0.0285714 0 0 0 0 0 0 0 0 0 0.0285714 0 0 0 0 0 0 0.0285714 0.0857143 0 0 0 0 0 0 0.0285714 0 0 0 0 0.114286 0 0 0 0 0 0 0 0 0 0 0.0285714 0 0.0571429 0 0 0 0.0571429 0 0 0 0 0 0.0285714 0 0 0.0285714 0 0.0285714 0 0 0 0 0 0 0 0 0 0 0.0571429 0.0285714 0 0 0.2 0 0 0.0285714 0.0571429 0 0.114286 
15 0.16 0 0 0 0 0 0 0 0 0 0 0 0 0.04 0 0 0 0.14 0 0.18 0 0 0 0 0.06 0 0 0 0 0 0.12 0 0 0.02 0 0 0 0 0 0.02 0.02 0 0 0 0 0 0.02 0 0 0 0 0 0 0 0.06 0 0 0.02 0 0.04 0.1 0 0 0 0 0 0 0 0 0 0.06 0 0 0 0 0 0 0.06 0.12 0 0 0.02 0.08 0 0 0.06 0 0 0 0 0 0 0 0 0.02 0 0 0 0 0 0.02 0 0 0.04 0.02 0 0 0.16 0 0 0 0 0 0.06 0 0 0 0 0 0 0 0 0.08 0 0 0.02 0 0 0 0.06 0 0 0.02 0.02 0 0 0.02 0.02 0 0.04 
15 0 0 0 0 0 0 0 0 0 0 0 0 0 0 0 0 0 0 0 0 0 0 0.05 0 0.15 0 0 0 0.05 0 0 0 0 0 0 0 0.05 0 0.15 0 0 0.1 0 0.05 0 0 0.05 0 0 0 0 0 0 0 0 0 0 0.05 0.25 0 0 0 0 0 0 0 0 0 0 0.05 0 0 0 0 0.05 0 0 0.1 0 0.05 0 0.1 0 0 0.05 0 0 0 0 0 0 0 0 0 0 0 0 0 0 0 0 0 0 0.05 0.05 0 0 0 0 0 0.1 0 0 0 0 0 0 0.05 0 0.05 0 0 0 0 0 0.05 0 0 0 0 0.05 0 0.15 0 0 0.05 0 0.05 0 0 
15 0 0 0 0 0 0 0 0 0 0 0 0 0 0 0 0 0.0909091 0 0 0 0 0 0.0454545 0 0.0454545 0 0 0 0 0 0 0 0 0 0 0 0.0909091 0 0 0 0.0909091 0 0 0 0 0 0 0 0 0 0 0 0 0 0 0 0 0.0454545 0.272727 0.136364 0 0.0454545 0 0 0.0454545 0 0 0.0909091 0 0 0.0909091 0 0 0 0 0 0 0.0909091 0 0 0 0.181818 0 0 0.0454545 0 0 0 0 0.0454545 0.0909091 0 0 0 0 0 0 0 0 0 0 0 0 0 0 0 0.0454545 0 0 0 0 0 0 0 0 0 0 0 0 0 0 0 0.0454545 0 0 0.0454545 0 0 0 0 0.0454545 0 0.136364 0 0 0 0 0.136364 0 0 
15 0 0 0 0 0 0 0 0 0 0 0 0 0 0 0 0 0 0 0 0.12 0 0 0 0 0.2 0 0 0 0 0 0 0 0 0.08 0 0 0.08 0.04 0.12 0.04 0.04 0 0 0 0 0.08 0 0.04 0 0 0 0 0 0 0.04 0 0 0 0.08 0 0 0 0 0 0.04 0 0 0 0 0 0 0 0.04 0 0 0 0 0.04 0 0 0 0 0 0 0 0 0 0 0 0 0.28 0 0 0 0 0 0 0 0 0 0 0 0 0.12 0 0 0 0 0 0 0.08 0 0 0 0 0 0 0 0 0 0 0 0.28 0 0 0 0.04 0 0 0 0 0 0.04 0 0 0 0 0.08 0 0 
15 0.09375 0 0 0 0 0 0 0 0 0 0 0 0 0 0 0 0 0.03125 0 0.1875 0 0 0.03125 0 0.0625 0 0 0 0 0 0 0 0 0.0625 0 0 0 0 0 0.03125 0.09375 0 0.03125 0 0 0 0 0 0 0 0 0.03125 0 0 0.09375 0 0 0 0 0 0 0 0 0 0.03125 0 0 0.15625 0.0625 0 0 0 0 0 0 0 0 0 0 0.0625 0 0 0 0 0 0 0 0 0 0 0.15625 0 0 0 0 0 0 0 0 0 0 0 0 0.125 0.03125 0 0 0 0.03125 0 0.09375 0 0 0 0 0 0.03125 0 0 0.03125 0 0 0.21875 0 0 0.03125 0.03125 0 0 0 0 0 0 0 0 0.09375 0.03125 0 0.03125 0 
15 0 0 0 0 0 0 0 0 0 0 0.193548 0 0 0.112903 0 0 0 0 0 0 0 0 0 0.016129 0.0645161 0 0 0 0 0 0.0483871 0 0 0 0 0 0 0 0 0 0 0 0.016129 0 0 0 0 0.016129 0 0 0.241935 0.016129 0 0 0.177419 0 0 0 0 0 0.0806452 0 0.016129 0 0 0 0 0 0 0 0 0 0 0 0 0 0 0 0 0 0 0 0 0 0 0.016129 0 0 0 0 0.0322581 0 0 0 0 0 0 0 0 0 0 0 0 0.0645161 0 0 0 0 0 0 0 0 0 0 0 0 0 0.016129 0 0 0 0 0.0322581 0 0.580645 0 0 0 0 0 0 0 0.0967742 0.0483871 0.0483871 0 0.0322581 0.0322581 0 0 
15 0 0 0 0 0 0 0.028169 0.0985916 0 0 0.0704225 0 0.0704225 0.15493 0.0140845 0 0 0 0 0 0 0 0 0 0.084507 0.0140845 0 0 0 0 0.0140845 0.0140845 0 0.0140845 0 0.0140845 0 0.0140845 0.0140845 0 0.0140845 0.0140845 0 0 0 0.0140845 0 0 0 0.0140845 0.0985916 0.169014 0 0 0.0422535 0 0 0 0 0.0140845 0 0 0 0 0 0 0 0 0 0 0 0 0 0.028169 0.0140845 0.0704225 0 0 0 0 0 0 0 0 0.0140845 0.126761 0 0 0 0.028169 0.028169 0 0 0 0 0 0 0 0 0 0.0140845 0.0422535 0 0.0985916 0.0140845 0 0 0 0 0 0 0 0 0 0 0 0 0 0 0 0 0 0.0140845 0 0.169014 0 0.0422535 0 0 0.028169 0 0 0 0.169014 0.056338 0 0 0.0140845 0 0.028169 
15 0.0465116 0 0 0 0.0232558 0 0 0 0 0 0 0.116279 0.0930233 0.0232558 0 0 0 0.162791 0 0 0 0 0 0 0.0232558 0 0 0 0 0 0.0232558 0.0232558 0 0 0 0 0 0 0 0 0 0 0 0 0 0.0465116 0.0232558 0.0232558 0 0 0.116279 0.162791 0 0 0.0930233 0 0 0 0 0 0 0 0 0 0 0 0 0 0 0 0 0 0 0 0.0930233 0 0 0.116279 0 0 0 0 0 0 0 0 0 0 0 0 0.0232558 0.0465116 0 0 0 0 0 0 0 0 0 0.0232558 0 0.0232558 0 0 0 0 0.0232558 0 0 0 0 0 0 0 0 0 0 0 0.0232558 0 0.0697674 0.0697674 0 0 0.0232558 0.209302 0 0.0930233 0 0.0232558 0 0.0232558 0 0.0697674 0 0.0465116 0 0 
15 0.1 0 0 0 0 0 0 0 0 0 0 0 0 0 0 0 0 0 0 0.025 0 0 0 0 0.25 0 0 0 0 0 0 0 0 0.025 0.025 0 0 0 0.075 0 0 0 0 0 0.3 0.075 0.025 0 0 0 0 0 0 0 0.075 0 0 0 0 0 0 0 0 0 0 0 0 0 0.025 0 0 0 0 0 0.2 0 0 0.05 0 0 0 0 0 0 0 0 0 0.025 0 0 0.125 0 0 0 0 0 0 0 0 0 0 0 0 0 0 0 0 0 0 0 0.2 0 0 0 0 0 0 0 0 0.025 0 0 0 0 0 0 0 0.025 0 0.175 0.025 0 0.025 0 0 0 0 0.025 0 0.1 
15 0.0487805 0 0 0 0.0243902 0.0243902 0.0487805 0 0 0 0 0 0 0 0 0 0 0 0 0.243902 0 0 0 0 0.0487805 0 0 0 0 0 0.0243902 0 0 0.0243902 0.0243902 0 0.097561 0 0 0 0 0 0 0 0.292683 0.0243902 0 0 0 0 0 0 0 0 0 0 0 0.0243902 0 0 0 0 0 0 0 0 0 0.0243902 0.0243902 0 0 0 0 0 0.0487805 0 0 0.121951 0.195122 0 0 0 0 0 0 0 0 0 0 0 0 0 0 0 0 0 0 0 0 0 0 0 0 0.0731707 0.0243902 0 0 0.0243902 0 0 0.0731707 0 0 0 0 0 0 0 0.0243902 0 0.0243902 0 0.0243902 0 0 0 0.0243902 0.121951 0 0 0 0 0 0 0 0 0 0.170732 0 0.0487805 
15 0.0555556 0 0 0 0 0.111111 0 0 0 0 0 0 0 0 0 0 0 0 0 0.194444 0 0 0 0 0.111111 0 0 0 0 0 0 0 0 0.111111 0 0 0.166667 0 0 0 0 0 0 0 0 0 0.0277778 0 0 0 0 0 0 0 0.138889 0 0 0.0277778 0 0 0 0 0 0 0 0 0 0.0277778 0 0.0277778 0 0 0 0 0 0 0 0.305556 0 0 0 0 0 0 0 0 0 0 0 0 0.166667 0 0 0.0277778 0 0 0 0 0 0 0 0 0 0.111111 0 0 0 0.166667 0 0 0.0833333 0 0 0 0 0 0 0 0 0 0 0 0.0833333 0 0 0 0.0277778 0 0 0 0 0 0 0 0 0 0 0.0277778 0 0 
15 0.217391 0 0 0 0 0 0 0.0869565 0 0 0 0.0869565 0 0 0 0 0 0 0 0 0 0 0 0 0.173913 0 0 0 0 0 0 0 0 0 0 0 0.0869565 0 0 0 0.0434783 0 0 0 0 0 0 0.0434783 0 0 0 0 0 0 0.130435 0 0 0.0434783 0.0434783 0.0434783 0 0 0 0 0 0 0 0 0 0 0.0434783 0 0 0 0 0 0 0 0 0 0 0 0 0 0 0 0 0 0 0 0 0 0 0 0 0 0 0 0 0 0 0 0 0.26087 0.0869565 0 0 0 0 0 0 0 0 0 0 0 0 0.0869565 0 0.0434783 0 0 0.304348 0 0 0 0.0434783 0 0 0 0.0434783 0 0 0 0 0 0 0.0869565 0 0 
15 0.047619 0 0 0 0 0 0 0 0 0 0 0 0 0 0.047619 0 0 0 0 0.047619 0 0 0 0 0.285714 0 0 0 0.047619 0 0 0 0 0.142857 0 0 0.047619 0.047619 0 0 0 0 0 0 0 0 0 0.047619 0 0 0 0 0 0 0.047619 0 0 0 0.047619 0.047619 0 0 0 0 0 0 0 0.0952381 0 0 0 0 0 0 0 0 0 0 0 0 0 0.0952381 0 0 0.047619 0 0 0 0 0 0.0952381 0 0 0 0 0 0 0 0 0 0 0 0 0.285714 0 0 0 0 0 0 0 0 0 0 0 0 0 0 0 0 0 0 0.0952381 0 0 0 0.047619 0 0 0 0.0952381 0 0 0 0 0 0 0.190476 0.047619 0 
16 0 0 0 0 0 0.177778 0 0.111111 0 0 0 0 0 0.0888889 0 0 0 0.155556 0 0.133333 0 0 0 0 0.0222222 0 0 0 0 0 0.0888889 0 0 0 0 0.0222222 0 0 0 0 0 0 0 0 0.0222222 0 0 0 0 0 0 0 0 0 0.0222222 0 0 0 0 0 0.0888889 0 0.0222222 0 0 0.0222222 0 0 0.0222222 0 0 0.0222222 0.0444444 0.0222222 0.0444444 0.0222222 0 0 0.0222222 0 0 0 0.111111 0 0 0.0222222 0 0 0 0 0 0 0.0444444 0 0.0222222 0.0222222 0 0 0 0 0 0 0.0444444 0.0444444 0.0222222 0 0 0.0222222 0 0 0.0222222 0.0222222 0 0 0 0 0.2 0.0888889 0 0 0.0222222 0 0 0.0222222 0 0 0.0222222 0 0 0.0666667 0 0 0 0 0 0 0 0 0 0 
16 0 0 0 0 0 0.266667 0 0 0 0 0.0222222 0.155556 0 0.222222 0.0222222 0 0 0 0 0.111111 0 0 0 0 0 0 0 0 0.0222222 0 0.155556 0 0 0 0 0 0 0 0 0 0 0 0 0 0 0 0 0 0 0 0 0 0 0 0 0 0 0 0 0 0 0 0.0222222 0 0 0 0 0 0 0 0 0 0 0 0 0.0666667 0 0 0 0 0 0 0.133333 0 0 0.155556 0 0 0 0 0 0 0 0.0444444 0.177778 0 0 0 0 0.0222222 0.0222222 0.0444444 0 0 0 0 0 0.0666667 0 0 0.0222222 0 0 0.0222222 0 0 0.133333 0.0222222 0 0 0 0 0 0 0 0 0 0 0.0444444 0 0 0 0 0.0222222 0 0 0 0 0 0 
16 0.08 0 0 0.04 0 0 0 0 0 0 0 0 0 0 0 0 0.04 0 0 0.04 0 0 0 0 0 0 0 0 0 0 0 0 0.12 0.12 0.2 0.04 0 0 0 0 0 0 0 0 0 0 0 0 0 0 0 0 0 0 0 0 0 0 0.16 0.12 0 0.04 0 0 0 0 0 0 0 0 0 0.08 0 0 0.12 0 0 0.08 0 0 0 0.12 0 0 0 0 0.04 0 0 0 0 0 0 0 0 0 0 0 0 0 0.04 0 0 0 0.16 0 0 0.12 0.04 0 0.08 0 0 0 0 0 0 0 0 0.08 0 0 0 0 0 0 0 0 0 0 0 0 0 0 0 0 0 0 0.04 0 
16 0 0 0 0 0 0 0 0 0 0 0 0 0 0 0.0625 0 0 0 0 0 0.0625 0 0 0 0 0 0 0 0.0625 0 0 0 0 0 0 0.0625 0 0.125 0.0625 0 0.125 0.1875 0 0 0 0 0.125 0 0 0 0 0 0 0 0 0 0 0 0 0 0 0 0 0.125 0 0 0 0 0 0 0 0.0625 0 0 0 0 0 0.125 0 0 0 0 0 0 0 0 0 0 0 0 0 0 0 0 0 0 0 0 0 0 0 0 0 0 0.1875 0 0 0.0625 0 0 0.125 0 0 0.0625 0 0 0 0 0 0 0.0625 0 0 0 0 0 0 0 0 0 0.0625 0.0625 0 0 0 0 0 0.1875 0 0 
16 0 0 0 0.142857 0 0.0714286 0 0.0714286 0 0 0 0 0 0 0.214286 0 0 0 0 0 0 0 0.0714286 0 0.142857 0 0 0 0 0 0 0 0 0 0 0 0.0714286 0 0 0 0 0 0 0 0 0 0 0 0 0 0 0 0 0 0 0 0 0 0 0.0714286 0 0.0714286 0 0 0.0714286 0 0 0 0 0 0 0 0 0 0.0714286 0 0 0.142857 0 0 0 0 0 0.0714286 0 0 0 0 0.142857 0 0 0 0 0 0 0 0 0 0 0 0 0 0 0 0 0 0 0.0714286 0 0 0 0.0714286 0 0.0714286 0 0 0 0 0 0 0 0 0 0 0 0 0 0 0 0 0.0714286 0 0 0 0 0 0.142857 0.142857 0 0 
16 0 0 0 0 0 0.047619 0 0.190476 0 0 0 0 0 0 0.333333 0 0 0 0 0.047619 0 0 0.047619 0 0 0 0 0 0 0 0 0 0 0 0 0 0 0 0 0 0 0.047619 0 0 0 0 0 0 0 0 0 0 0 0 0 0 0 0 0 0 0 0 0 0 0.285714 0 0 0 0 0 0 0 0 0 0.0952381 0.047619 0 0 0 0 0 0 0 0 0 0 0 0 0.190476 0 0 0 0 0 0 0 0 0 0 0.142857 0 0 0 0 0 0 0 0.0952381 0 0 0 0.0952381 0 0.142857 0 0 0.047619 0 0 0 0 0 0 0 0 0 0 0 0 0 0.142857 0 0 0 0 0 0 0 0 0 
16 0 0 0 0 0 0 0 0.0166667 0 0 0.05 0 0 0.0666667 0 0 0 0 0 0 0 0.0166667 0 0 0.0333333 0.166667 0 0 0 0 0 0 0 0.0666667 0 0.0166667 0 0.0333333 0 0 0.0333333 0 0 0 0 0 0 0 0 0.316667 0 0 0 0 0 0 0 0 0 0 0 0.05 0.0666667 0.0333333 0 0 0 0.0166667 0 0.0166667 0 0.0166667 0 0 0.0333333 0 0 0.0833333 0.05 0 0 0 0.0333333 0 0 0 0 0 0.05 0 0 0.0166667 0 0.0166667 0 0 0 0 0.1 0 0 0.0333333 0 0.0333333 0 0 0 0.1 0 0 0.05 0 0 0.0166667 0 0 0 0.0166667 0 0.05 0.0166667 0 0 0 0.0166667 0 0.0166667 0.05 0 0.0166667 0 0 0 0.05 0 0 0.0333333 0.0333333 0 0.0666667 
16 0 0 0 0.0126582 0 0 0 0.0379747 0.0126582 0.0379747 0.0126582 0 0 0.0632911 0.0126582 0 0 0 0 0 0 0 0 0 0.0506329 0.265823 0 0 0 0 0 0.0632911 0 0.0379747 0.0126582 0 0 0.0506329 0 0 0 0 0 0 0 0 0 0 0 0.0126582 0 0 0 0 0 0.126582 0 0 0 0 0 0.0126582 0.0632911 0.0506329 0 0 0 0.0506329 0.0126582 0 0 0 0.0506329 0 0.0506329 0.0506329 0 0.0126582 0.0632911 0 0 0 0.0126582 0 0 0.0253165 0 0 0.0253165 0 0 0.0253165 0.0253165 0 0.0506329 0 0 0 0 0.0506329 0 0 0.0126582 0.0126582 0.0126582 0.0126582 0 0.0126582 0 0 0.0759494 0.0126582 0.0126582 0.0253165 0 0 0.0126582 0 0.0506329 0.0379747 0 0 0 0.0379747 0 0 0 0.0253165 0 0.0126582 0.0126582 0 0 0 0 0 0.0253165 0 0.0253165 0.126582 
16 0.130435 0 0 0 0 0 0 0 0 0 0 0 0 0 0.0434783 0 0 0 0 0 0 0 0 0 0 0 0 0 0.0869565 0 0 0 0 0 0 0 0.0434783 0 0.0434783 0 0.0869565 0 0 0 0 0 0.0434783 0 0 0 0 0 0 0 0.173913 0 0 0.0869565 0 0.130435 0 0 0 0 0 0 0 0.0869565 0.0434783 0 0 0.0434783 0 0 0 0.0434783 0 0.217391 0 0 0 0 0 0 0 0 0 0 0.0434783 0 0 0 0 0 0 0 0 0 0 0.0869565 0 0 0 0 0 0 0 0.0434783 0 0 0.0434783 0.0434783 0 0.0434783 0 0 0 0 0 0.130435 0 0 0 0 0 0 0 0 0 0 0.0434783 0 0 0 0 0 0.0869565 0.0434783 0.0869565 0 
16 0.103448 0 0 0.0344828 0.0344828 0 0.172414 0 0 0 0 0 0.0344828 0 0 0 0 0 0 0.0344828 0 0 0 0 0.137931 0 0 0 0.0344828 0 0 0 0 0 0.0344828 0 0 0.172414 0.0344828 0 0 0 0 0 0.0344828 0 0.0344828 0 0 0 0 0 0 0 0 0 0 0 0 0 0.0344828 0 0 0 0 0 0 0 0.0344828 0.0344828 0 0 0 0 0 0.137931 0 0.103448 0 0 0 0 0 0 0 0 0 0 0.0689655 0 0 0 0 0 0 0 0 0 0 0.0344828 0 0 0 0 0 0 0.0344828 0.241379 0 0 0 0 0 0.0344828 0 0 0 0 0 0.103448 0.0344828 0 0 0 0 0 0 0 0.0689655 0 0 0 0 0 0 0 0 0 0 0.137931 
16 0.0444444 0 0 0 0 0.0666667 0 0 0 0 0.111111 0.0888889 0 0.0222222 0 0 0 0 0 0.288889 0 0 0 0 0 0 0 0 0.0222222 0 0.0222222 0 0 0.0888889 0 0 0.0444444 0 0 0 0.0666667 0 0 0 0.0222222 0 0 0 0 0 0 0 0 0 0 0 0 0.0222222 0 0 0.0222222 0 0 0 0 0 0 0.0222222 0.0444444 0 0 0 0 0 0.111111 0.0222222 0 0.111111 0.0444444 0 0 0 0.0222222 0 0 0.111111 0 0 0.0444444 0 0 0 0.0222222 0.0222222 0.0222222 0 0 0 0 0 0 0 0 0 0 0 0 0.177778 0 0 0 0 0 0 0 0 0 0.0666667 0 0.0222222 0 0 0 0 0 0.0444444 0 0 0 0 0.0666667 0 0 0.0222222 0 0 0 0.0222222 0 0.0444444 
16 0.0535714 0 0 0 0 0.0178571 0 0 0 0 0.0178571 0.0178571 0.0714286 0 0.0178571 0 0 0.0357143 0 0.25 0 0 0 0 0 0 0 0 0.0178571 0 0 0 0 0.0714286 0.0535714 0 0.0357143 0.0178571 0 0 0.0178571 0 0 0 0.214286 0 0 0 0 0 0 0 0 0 0 0 0 0.0357143 0 0 0.0178571 0.0178571 0 0 0.0178571 0 0 0 0 0 0 0 0 0 0.107143 0 0 0.0714286 0.0714286 0 0 0 0.0535714 0 0 0.0714286 0 0 0.0178571 0 0 0 0 0 0 0 0 0 0 0 0.0357143 0 0 0.0178571 0.0178571 0 0 0.0714286 0 0 0.0357143 0 0 0.0357143 0 0 0 0 0.0178571 0.0714286 0 0.0357143 0 0 0 0 0 0 0 0.0357143 0.0357143 0 0 0.0714286 0 0 0.0178571 0.107143 0 0 
16 0 0 0 0 0 0 0 0 0 0 0 0 0 0 0.176471 0 0 0 0 0 0 0 0.0588235 0 0.294118 0 0 0 0 0 0 0 0 0 0 0 0.117647 0 0 0 0 0 0 0 0 0 0 0 0 0 0 0 0 0 0 0 0 0 0 0.176471 0 0.0588235 0 0 0 0 0 0.0588235 0.0588235 0 0 0 0 0 0 0 0 0 0 0 0 0 0 0 0 0 0 0 0 0 0.0588235 0 0.0588235 0 0 0 0 0 0 0 0 0.0588235 0 0.117647 0 0 0 0.117647 0 0 0.352941 0 0 0.0588235 0 0 0 0 0 0 0 0 0 0 0 0 0.0588235 0 0 0 0 0 0 0 0 0 0.117647 0 0 0 
16 0 0 0 0 0 0 0 0 0 0 0 0 0 0 0.411765 0 0 0 0 0 0 0 0 0 0.352941 0 0 0 0 0 0 0 0 0.0588235 0 0 0 0 0 0 0 0 0 0 0 0 0 0 0 0 0 0 0 0 0 0 0 0 0.0588235 0 0 0.0588235 0 0 0 0 0 0.0588235 0 0 0 0 0 0 0 0 0 0 0 0 0 0 0 0 0.117647 0 0 0 0 0.0588235 0.0588235 0 0 0 0 0 0 0 0 0.0588235 0 0 0 0.117647 0 0 0 0.0588235 0 0 0.352941 0 0 0 0 0 0 0 0 0.0588235 0 0 0 0 0 0 0 0 0 0 0 0 0 0 0 0 0.0588235 0 0.0588235 0 
