70
7 0 0 2 0 12 0 0 46 5 0 0 21 0 7 0 0 12 0 0 0 5 0 19 0 0 5 41 0 0 11 0 2 0 0 7 7 0 0 2 0 12 0 0 5 45 0 0 21 0 7 0 0 12 64 0 0 6 0 19 0 0 5 40 0 0 11 0 2 0 0 7 
13 3 2 5 3 10 2 2 26 5 1 1 7 2 2 1 2 7 0 2 1 3 3 9 2 3 8 37 2 2 14 4 7 2 3 14 14 3 2 4 2 10 1 2 5 26 2 1 7 2 2 1 1 6 22 2 1 4 3 9 2 2 8 38 2 3 14 4 8 2 3 14 
0 0 0 11 0 14 0 0 39 0 0 0 14 0 10 0 0 0 0 0 0 11 0 15 0 0 0 49 0 0 20 0 15 0 0 0 0 0 0 20 0 24 0 0 0 54 0 0 13 0 9 0 0 0 94 0 0 6 0 10 0 0 0 34 0 0 15 0 11 0 0 0 
10 3 1 4 2 9 2 2 25 7 2 2 10 3 4 2 2 10 0 3 2 6 4 12 3 3 9 32 3 3 11 4 5 2 3 11 9 2 2 4 3 10 2 3 7 26 2 2 10 3 4 1 2 11 25 2 1 5 3 11 1 2 7 33 2 2 11 3 5 1 2 7 
0 0 0 11 0 16 0 0 61 0 0 0 21 0 17 0 0 0 0 0 0 9 0 13 0 0 0 38 0 0 15 0 10 0 0 0 0 0 0 6 0 11 0 0 0 39 0 0 19 0 15 0 0 0 79 0 0 14 0 18 0 0 0 53 0 0 14 0 10 0 0 0 
13 0 0 2 0 12 0 0 35 9 0 0 16 0 4 0 0 17 0 0 0 4 0 15 0 0 10 35 0 0 13 0 2 0 0 13 14 0 0 2 0 13 0 0 10 34 0 0 15 0 3 0 0 16 47 0 0 4 0 16 0 0 10 37 0 0 13 0 3 0 0 13 
0 0 0 1 0 12 0 0 47 0 0 0 23 0 6 0 0 0 0 0 0 10 0 25 0 0 0 59 0 0 13 0 2 0 0 0 0 0 0 1 0 12 0 0 0 48 0 0 23 0 6 0 0 0 91 0 0 10 0 26 0 0 0 59 0 0 13 0 2 0 0 0 
12 0 0 5 0 15 0 0 42 8 0 0 14 0 4 0 0 12 0 0 0 3 0 13 0 0 7 36 0 0 14 0 3 0 0 12 13 0 0 4 0 15 0 0 8 42 0 0 14 0 3 0 0 11 44 0 0 3 0 13 0 0 8 38 0 0 14 0 4 0 0 13 
10 2 1 3 2 9 1 1 27 4 1 1 9 1 3 0 2 10 0 2 1 4 2 10 2 2 11 45 2 2 12 4 6 1 2 10 11 2 1 2 2 8 1 1 4 26 1 1 9 2 3 1 2 9 27 2 1 5 3 12 1 2 12 45 2 1 13 2 7 1 2 11 
15 1 0 2 0 11 0 0 27 7 0 0 10 0 2 0 1 13 0 0 0 6 0 15 0 0 14 49 0 0 15 0 6 0 0 13 14 1 0 2 0 11 0 0 6 26 0 0 10 0 2 0 0 13 34 0 0 6 0 15 0 0 13 53 0 0 14 1 6 0 0 12 
0 0 0 5 0 20 0 0 54 0 0 0 19 0 5 0 0 0 0 0 0 5 0 20 0 0 0 55 0 0 20 0 5 0 0 0 0 0 0 6 0 20 0 0 0 55 0 0 20 0 5 0 0 0 69 0 0 5 0 20 0 0 0 56 0 0 20 0 5 0 0 0 
0 0 0 4 0 17 0 0 59 0 0 0 22 0 7 0 0 0 0 0 0 6 0 21 0 0 0 54 0 0 16 0 4 0 0 0 0 0 0 4 0 17 0 0 0 60 0 0 22 0 7 0 0 0 67 0 0 6 0 21 0 0 0 54 0 0 16 0 4 0 0 0 
0 0 0 2 0 13 0 0 50 0 0 0 22 0 8 0 0 0 0 0 0 11 0 24 0 0 0 58 0 0 14 0 3 0 0 0 0 0 0 2 0 13 0 0 0 50 0 0 22 0 8 0 0 0 76 0 0 11 0 24 0 0 0 58 0 0 14 0 3 0 0 0 
0 0 0 3 0 17 0 0 55 0 0 0 22 0 5 0 0 0 0 0 0 5 0 21 0 0 0 55 0 0 17 0 3 0 0 0 0 0 0 3 0 18 0 0 0 56 0 0 22 0 5 0 0 0 79 0 0 5 0 21 0 0 0 55 0 0 17 0 3 0 0 0 
11 3 1 4 2 12 1 2 33 8 2 1 14 3 7 1 2 15 0 2 1 4 2 12 1 2 7 25 1 1 10 2 3 1 2 11 9 2 1 4 2 11 1 1 8 31 2 1 13 2 5 1 2 12 35 2 1 4 2 12 1 1 6 28 2 1 10 2 4 1 2 10 
14 3 2 7 3 14 2 2 35 7 1 1 9 2 3 1 2 6 0 2 1 2 2 7 1 1 5 29 1 2 11 3 4 2 3 16 13 3 2 7 4 15 2 2 6 36 2 1 8 2 3 1 1 6 25 2 1 2 2 7 1 1 5 29 2 2 11 3 5 2 3 14 
9 1 0 4 2 11 1 1 45 8 1 1 16 2 8 0 1 12 0 1 0 3 1 11 0 0 5 28 1 0 10 1 3 0 1 9 10 1 0 4 1 12 1 1 8 44 1 1 16 3 7 0 1 11 35 1 1 4 1 11 0 1 6 29 1 0 10 1 3 1 1 10 
0 0 0 3 0 14 0 0 56 0 0 0 25 0 11 0 0 0 0 0 0 8 0 22 0 0 0 51 0 0 14 0 3 0 0 0 0 0 0 3 0 14 0 0 0 56 0 0 24 0 10 0 0 0 75 0 0 9 0 22 0 0 0 51 0 0 13 0 3 0 0 0 
20 4 1 3 2 11 2 2 22 10 3 3 12 4 6 3 4 13 0 3 4 7 4 12 3 3 10 23 2 2 11 3 3 1 5 22 7 2 1 3 3 9 1 2 9 20 1 1 10 1 3 0 2 9 29 2 0 4 1 11 1 1 5 27 2 1 10 3 4 1 1 7 
8 0 0 1 0 10 0 0 35 7 0 0 19 0 6 0 0 19 0 0 0 7 0 20 0 0 7 38 0 0 11 0 2 0 0 8 8 0 0 1 0 10 0 0 7 35 0 0 19 0 6 0 0 19 60 0 0 7 0 20 0 0 7 38 0 0 10 0 2 0 0 8 
8 2 1 3 3 10 1 1 43 4 1 1 9 2 2 1 2 6 0 2 1 2 3 9 1 1 4 43 2 1 11 3 3 2 3 9 9 3 1 3 3 10 2 1 4 42 1 1 10 3 2 1 2 8 36 2 1 2 3 10 1 1 5 43 1 2 10 3 3 1 3 9 
9 2 1 3 3 9 1 2 22 5 1 1 8 1 3 1 2 9 0 2 1 3 2 9 1 2 6 24 2 1 10 3 4 1 2 8 19 4 2 4 3 11 2 2 6 26 3 2 11 3 4 2 3 11 34 3 3 6 3 13 3 3 10 28 2 2 13 3 5 2 4 18 
8 4 3 5 4 9 3 4 27 8 4 3 13 5 8 4 5 17 0 4 3 5 4 10 3 3 6 21 2 2 7 2 2 2 3 7 5 2 2 3 3 8 2 2 6 26 2 2 11 3 5 2 2 11 31 3 2 5 4 11 2 2 5 25 3 3 8 4 4 2 3 6 
23 3 1 5 4 14 2 1 30 3 1 1 5 1 1 0 1 5 0 1 0 1 1 6 0 1 4 30 1 1 13 3 6 1 3 27 29 4 1 6 4 13 2 1 3 28 1 0 5 1 1 0 1 4 29 1 1 1 1 6 1 1 4 32 1 1 15 4 6 2 3 29 
9 0 0 4 0 14 0 0 40 6 0 0 16 0 4 0 0 11 0 0 0 5 0 16 0 0 6 44 0 0 15 0 4 0 0 9 9 0 0 4 0 14 0 0 6 41 0 0 16 0 4 0 0 11 44 0 0 6 0 17 0 0 7 45 0 0 14 0 4 0 0 9 
0 0 0 4 0 19 0 0 49 0 0 0 18 0 4 0 0 0 0 0 0 7 0 21 0 0 0 60 0 0 20 0 7 0 0 0 0 0 0 4 0 19 0 0 0 46 0 0 17 0 4 0 0 0 79 0 0 8 0 19 0 0 0 57 0 0 19 0 7 0 0 0 
18 4 4 7 5 10 3 2 20 6 3 2 6 3 3 2 2 4 0 3 2 3 3 6 2 3 6 24 4 5 14 7 9 5 5 17 14 5 3 7 5 12 3 3 5 20 2 2 5 3 2 1 2 4 14 2 1 2 3 6 2 3 6 25 3 4 14 6 10 3 5 14 
26 3 1 2 4 15 1 0 36 2 0 0 4 0 0 0 0 1 0 0 0 0 1 4 0 0 2 37 0 1 16 3 2 0 3 25 29 3 0 2 3 17 0 0 1 38 0 0 4 0 0 0 0 1 68 0 0 0 1 4 0 0 2 35 0 0 15 3 2 1 4 29 
7 1 1 3 2 9 1 2 31 6 1 1 13 2 5 1 2 12 0 2 1 5 2 13 1 1 6 34 2 1 10 3 4 1 2 8 10 2 1 3 2 10 1 2 7 32 2 2 14 3 5 1 3 16 33 2 1 5 3 13 1 2 8 31 1 1 10 2 3 1 2 9 
0 0 0 5 0 17 0 0 66 0 0 0 23 0 9 0 0 0 0 0 0 5 0 19 0 0 0 46 0 0 14 0 3 0 0 0 0 0 0 5 0 17 0 0 0 66 0 0 23 0 9 0 0 0 72 0 0 5 0 19 0 0 0 47 0 0 14 0 3 0 0 0 
0 0 0 1 0 16 0 0 55 0 0 0 21 0 4 0 0 0 0 0 0 4 0 22 0 0 0 58 0 0 16 0 2 0 0 0 0 0 0 1 0 16 0 0 0 55 0 0 22 0 4 0 0 0 92 0 0 4 0 22 0 0 0 57 0 0 15 0 2 0 0 0 
0 0 0 3 0 15 0 0 49 0 0 0 19 0 5 0 0 0 0 0 0 8 0 21 0 0 0 68 0 0 18 0 6 0 0 0 0 0 0 3 0 15 0 0 0 48 0 0 19 0 6 0 0 0 65 0 0 9 0 21 0 0 0 68 0 0 17 0 6 0 0 0 
9 0 0 8 0 17 0 0 57 7 0 0 16 0 7 0 0 8 0 0 0 3 0 12 0 0 6 34 0 0 12 0 4 0 0 10 8 0 0 8 0 18 0 0 6 56 0 0 16 0 6 0 0 8 38 0 0 3 0 12 0 0 5 35 0 0 13 0 4 0 0 8 
11 0 0 3 0 13 0 0 38 7 0 0 17 0 5 0 0 13 0 0 0 5 0 17 0 0 7 38 0 0 13 0 3 0 0 11 11 0 0 3 0 13 0 0 7 37 0 0 17 0 5 0 0 13 54 0 0 5 0 17 0 0 7 39 0 0 13 0 3 0 0 11 
8 0 0 3 0 12 0 0 38 5 0 0 18 0 7 0 0 9 0 0 0 6 0 17 0 0 5 36 0 0 12 0 3 0 0 8 13 1 0 3 0 12 0 0 6 37 0 0 18 0 8 0 0 10 66 0 0 7 0 17 0 0 7 36 0 0 12 0 3 0 1 12 
0 0 0 0 0 0 0 0 0 0 0 0 0 0 0 0 0 0 0 0 0 0 0 0 0 0 0 0 0 0 0 0 0 0 0 0 0 0 0 0 0 0 0 0 0 0 0 0 0 0 0 0 0 0 0 0 0 0 0 0 0 0 0 0 0 0 0 0 0 0 0 0 
8 1 0 3 1 11 0 1 38 7 0 0 18 1 7 0 1 15 0 1 0 5 1 16 0 0 6 33 0 0 10 1 2 0 1 8 9 1 0 3 1 11 0 0 7 37 0 0 18 1 7 0 1 16 46 1 0 6 1 16 0 0 7 32 0 0 10 1 2 0 1 9 
9 0 0 3 0 12 0 0 34 5 0 0 16 0 5 0 0 11 0 0 0 9 0 20 0 0 6 47 0 0 13 0 4 0 0 8 9 0 0 3 0 12 0 0 5 33 0 0 16 0 5 0 0 10 57 0 0 10 0 20 0 0 6 48 0 0 13 0 4 0 0 8 
10 1 0 4 1 12 0 0 35 8 0 0 13 1 4 0 0 10 0 1 0 6 1 15 0 0 7 41 1 0 13 1 5 0 1 10 10 1 0 4 1 13 0 0 8 37 0 0 14 1 4 0 1 13 34 1 0 5 1 14 0 0 8 39 0 0 13 1 4 0 1 10 
5 1 1 1 2 8 1 0 55 3 0 1 12 1 1 1 1 8 0 1 1 1 2 12 1 0 3 56 1 1 8 2 1 1 1 5 4 1 0 1 2 8 1 0 2 54 0 1 12 2 1 1 1 8 54 1 0 2 2 12 1 1 3 56 1 1 8 2 1 0 1 5 
10 1 0 2 1 10 0 0 30 7 1 0 14 1 5 0 1 17 0 1 0 7 2 17 0 1 8 37 1 0 11 1 3 0 1 10 9 1 0 2 1 10 0 0 7 30 0 0 15 1 4 0 1 17 43 1 0 7 1 17 0 0 8 39 1 0 11 1 3 0 1 9 
5 0 0 2 1 8 0 1 27 3 0 0 13 0 5 0 0 10 0 0 0 5 0 14 0 0 3 29 1 0 8 1 2 0 0 4 16 5 0 2 1 9 1 1 4 30 1 2 15 3 9 1 2 15 65 1 2 11 3 18 2 2 10 31 1 1 10 1 3 0 5 15 
11 1 0 2 2 17 0 0 48 2 0 0 8 0 1 0 0 4 0 0 0 1 1 7 0 0 2 48 0 0 16 1 1 1 1 12 15 1 1 2 2 16 0 0 2 47 0 0 8 1 1 0 0 5 66 1 0 1 0 7 0 0 3 47 0 0 16 2 2 0 1 15 
15 3 0 3 1 10 1 1 27 9 2 2 16 3 8 2 2 15 0 2 2 9 3 16 2 2 10 29 1 1 11 1 3 0 3 16 7 1 0 3 2 9 0 1 9 25 1 0 13 1 5 0 1 13 38 1 0 6 1 14 0 0 5 32 1 0 10 2 3 0 1 6 
0 0 0 1 0 13 0 0 52 0 0 0 25 0 8 0 0 0 0 0 0 7 0 24 0 0 0 52 0 0 13 0 1 0 0 0 0 0 0 1 0 13 0 0 0 52 0 0 25 0 7 0 0 0 99 0 0 7 0 24 0 0 0 51 0 0 12 0 1 0 0 0 
5 0 0 2 0 9 0 0 38 4 0 0 20 0 9 0 0 10 0 0 0 8 0 19 0 0 4 38 0 0 10 0 2 0 0 5 7 0 0 2 0 10 0 0 5 39 0 0 21 0 10 0 0 10 80 0 0 10 0 20 0 0 4 40 0 0 10 0 2 0 0 7 
7 0 0 3 0 11 0 0 44 3 0 0 14 0 3 0 0 9 0 0 0 5 0 17 0 0 5 59 0 0 12 0 3 0 0 6 7 0 0 2 0 11 0 0 4 45 0 0 13 1 3 0 0 9 43 0 0 6 1 17 0 0 5 60 0 0 12 1 4 0 0 6 
7 0 0 3 0 12 0 0 42 4 0 0 20 0 8 0 0 7 0 0 0 8 0 20 0 0 4 44 0 0 12 0 3 0 0 7 6 0 0 3 0 12 0 0 5 42 0 0 19 0 7 0 0 7 62 0 0 8 0 20 0 0 4 45 0 0 12 0 3 0 0 6 
6 0 0 4 2 10 0 1 30 4 0 0 12 1 4 0 1 10 0 1 0 5 1 14 0 0 4 31 1 0 10 2 3 0 1 6 18 3 1 3 1 11 1 1 5 32 2 1 14 2 6 1 2 13 44 2 2 8 3 16 2 2 10 30 1 1 11 2 3 0 3 18 
14 0 0 3 0 14 0 0 32 7 0 0 12 0 3 0 1 11 0 0 0 4 0 14 0 0 10 38 0 0 16 0 6 0 0 14 16 1 0 3 0 14 0 0 6 32 0 0 12 0 3 0 1 10 43 1 0 5 0 14 0 0 9 40 0 0 16 1 6 0 1 14 
0 0 0 2 0 14 0 0 60 0 0 0 19 0 3 0 0 0 0 0 0 4 0 20 0 0 0 65 0 0 15 0 2 0 0 0 0 0 0 2 0 14 0 0 0 61 0 0 19 0 3 0 0 0 75 0 0 4 0 20 0 0 0 65 0 0 14 0 2 0 0 0 
0 0 0 1 0 12 0 0 60 0 0 0 24 0 6 0 0 0 0 0 0 5 0 23 0 0 0 57 0 0 12 0 1 0 0 0 0 0 0 1 0 12 0 0 0 60 0 0 24 0 6 0 0 0 84 0 0 5 0 23 0 0 0 57 0 0 12 0 1 0 0 0 
6 2 2 4 3 9 3 3 27 8 4 3 11 5 7 3 3 8 0 5 3 4 3 8 3 3 5 20 4 3 8 4 4 3 4 9 9 5 3 6 6 11 4 5 10 26 4 4 12 5 6 4 4 14 20 3 2 4 4 8 3 3 6 18 3 2 7 3 3 2 3 7 
7 3 2 4 3 9 2 3 33 7 3 3 11 4 5 2 3 9 0 3 2 3 3 9 2 2 5 26 2 2 8 3 3 2 3 8 8 3 2 4 4 10 3 3 7 34 3 3 11 4 5 3 4 9 28 3 2 4 3 9 2 2 5 27 2 2 8 3 3 2 3 8 
6 0 0 3 0 14 0 0 48 4 0 0 17 0 4 0 0 8 0 0 0 5 0 17 0 0 4 50 0 0 15 0 3 0 0 6 7 0 0 4 0 15 0 0 4 48 0 0 17 0 4 0 0 8 53 0 0 5 0 17 0 0 5 50 0 0 14 0 3 0 0 7 
0 0 0 3 0 15 0 0 44 0 0 0 15 0 4 0 0 0 0 0 0 8 0 19 0 0 0 78 0 0 19 0 9 0 0 0 0 0 0 3 0 15 0 0 0 45 0 0 15 0 4 0 0 0 53 0 0 8 0 19 0 0 0 79 0 0 19 0 9 0 0 0 
9 0 0 9 1 17 0 0 54 8 0 0 11 0 4 0 0 6 0 1 0 2 1 9 0 0 5 30 0 0 11 1 3 0 1 10 11 1 0 9 2 18 0 0 9 64 1 1 14 1 6 0 1 9 28 1 0 2 1 8 0 0 7 27 0 0 11 0 3 0 0 12 
5 1 1 2 2 7 1 1 40 4 1 1 15 3 4 1 2 13 0 2 1 4 3 15 1 1 5 41 1 1 7 2 2 1 1 5 5 1 1 1 2 8 1 1 5 41 1 1 15 3 4 1 2 14 45 2 1 4 3 15 1 1 5 41 1 1 8 2 1 1 2 5 
12 2 0 2 1 10 0 0 30 9 1 1 18 2 10 2 1 16 0 1 1 8 2 16 1 1 9 28 0 0 10 1 2 0 2 12 6 0 0 2 1 9 0 1 9 29 0 0 17 1 7 0 0 13 54 0 0 6 1 16 0 0 4 33 1 0 9 1 3 0 0 5 
8 0 0 4 0 14 0 0 48 6 0 0 18 0 7 0 0 10 0 0 0 5 0 15 0 0 5 38 0 0 13 0 3 0 0 8 9 0 0 4 0 14 0 0 6 47 0 0 18 0 7 0 0 10 49 0 0 5 0 16 0 0 6 39 0 0 13 0 3 0 0 9 
0 0 0 2 0 15 0 0 54 0 0 0 24 0 7 0 0 0 0 0 0 7 0 23 0 0 0 53 0 0 15 0 2 0 0 0 0 0 0 2 0 15 0 0 0 54 0 0 24 0 7 0 0 0 88 0 0 7 0 23 0 0 0 52 0 0 14 0 2 0 0 0 
13 2 0 5 2 14 1 1 35 8 1 1 12 1 4 0 1 13 0 1 0 4 1 12 0 1 9 32 1 0 13 1 4 0 1 13 10 1 0 5 1 13 0 1 7 35 1 0 12 1 3 0 1 9 34 1 0 4 1 12 0 1 7 35 1 1 13 2 5 0 1 11 
16 1 0 4 1 14 0 0 33 10 0 0 13 1 4 0 1 13 0 1 0 3 1 12 0 0 10 31 0 0 14 1 4 0 1 17 16 1 0 4 1 14 0 0 10 33 0 0 13 1 3 0 1 13 36 1 0 3 1 12 0 0 9 32 0 0 14 1 4 0 1 15 
9 0 0 3 0 12 0 0 35 5 0 0 12 0 3 0 0 8 0 0 0 7 0 16 0 0 8 56 0 0 16 0 6 0 0 8 9 0 0 3 0 12 0 0 5 35 0 0 13 0 3 0 0 8 40 0 0 7 0 16 0 0 7 58 0 0 16 0 6 0 0 9 
5 1 1 2 2 7 1 2 29 4 1 1 15 3 7 1 3 18 0 2 1 6 2 13 1 1 4 28 2 1 7 2 2 1 1 5 8 2 1 2 2 8 1 1 5 29 2 2 16 4 8 3 4 19 47 3 2 6 3 14 2 2 7 27 1 1 8 2 3 1 2 8 
0 0 0 12 0 18 0 0 58 0 0 0 20 0 14 0 0 0 0 0 0 12 0 16 0 0 0 41 0 0 13 0 8 0 0 0 0 0 0 9 0 13 0 0 0 37 0 0 10 0 7 0 0 0 111 0 0 7 0 11 0 0 0 43 0 0 17 0 12 0 0 0 
0 5 0 10 5 7 0 2 44 0 0 0 20 0 0 0 2 20 0 0 2 5 2 12 0 7 18 20 0 2 15 5 2 0 0 10 5 0 0 5 2 10 0 0 5 38 0 0 18 2 15 5 0 2 20 0 0 2 7 12 0 0 7 38 10 2 18 7 18 5 5 15 
12 1 0 4 0 13 0 0 37 8 0 0 17 1 8 0 0 12 0 0 0 7 1 17 0 0 8 37 0 0 13 0 4 0 1 13 8 0 0 4 0 13 0 0 8 36 0 0 16 0 6 0 0 10 45 0 0 6 0 16 0 0 6 40 0 0 13 0 4 0 0 8 
9 2 1 3 2 10 1 2 35 7 1 1 13 2 4 1 3 14 0 2 1 4 2 12 1 1 7 33 1 1 9 2 2 1 2 9 9 2 1 2 2 10 1 1 6 35 1 1 13 2 4 1 2 12 40 2 1 4 2 13 1 1 6 34 1 1 10 2 3 1 2 9 
6 2 2 3 3 9 2 2 34 5 2 2 11 3 4 2 3 9 0 3 2 4 3 12 2 2 5 36 2 2 9 3 3 2 3 6 7 3 2 3 3 9 2 2 5 34 2 2 11 3 4 2 3 9 31 3 2 4 3 12 2 2 6 37 2 2 9 3 3 2 3 6 
