1 0 0 0 0 0 0 0 0 0 0 0.2 0 0 0 0 0 0 0 0 0 0 0 0 0 0 0 0 0 0 0 0 0 0 0 0 0 0 0 0 0 0 0 0 0 0 0 0 0 0 0 0 0 0 0 0 0 0 0 0 0 0 0 0 0.1 0 0 0 0 0 0.4 0 0 0 0 0 0 0 0 0 0 0 0 0 0 0 0 0 0 0 0 0 0 0.1 0 0.2 0 0 0 0 0 
1 0 0 0 0 0 0 0 0 0 0 0.166667 0 0 0 0 0 0 0 0 0 0 0 0.277778 0 0.111111 0.111111 0 0 0 0 0.0555556 0 0 0 0 0 0 0 0 0 0 0.111111 0 0 0 0 0 0.0555556 0 0 0 0.0555556 0 0 0 0 0 0 0 0 0 0 0 0 0 0 0 0 0 0 0 0 0 0 0 0 0 0 0 0 0 0 0 0 0 0 0 0 0 0 0 0 0 0 0.0555556 0 0 0 0 0 
1 0 0 0 0 0 0 0 0 0 0 0 0 0 0 0 0 0 0 0 0 0 0 0 0 0 0 0 0 0 0 0 0 0 0 0 0 0 0 0 0 0 0 0.166667 0.166667 0 0 0 0.166667 0 0 0 0 0 0 0 0 0 0 0 0 0 0 0 0 0 0.166667 0 0 0 0.333333 0 0 0 0 0 0 0 0 0 0 0 0 0 0 0 0 0 0 0 0 0 0 0 0 0 0 0 0 0 0 
1 0 0 0 0 0 0 0 0 0 0 0 0 0 0 0 0 0 0.142857 0 0 0 0 0 0 0 0.238095 0 0 0 0 0 0 0 0 0 0 0 0 0 0 0 0 0.190476 0 0 0 0 0 0.142857 0 0 0.047619 0 0 0 0 0 0 0 0 0 0 0 0 0.0952381 0 0 0 0 0 0.047619 0 0 0 0 0 0 0 0 0 0 0 0 0 0 0 0 0.0952381 0 0 0 0 0 0 0 0 0 0 0 0 
1 0 0 0 0 0 0 0 0 0 0 0 0 0 0 0 0.2 0 0 0 0 0 0 0 0 0 0 0 0 0 0 0 0 0 0 0 0 0 0 0 0 0 0 0.1 0 0 0 0 0.1 0 0 0 0 0 0.1 0 0 0 0 0.1 0 0 0 0 0.3 0 0 0 0 0 0.1 0 0 0 0 0 0 0 0 0 0 0 0 0 0 0 0 0 0 0 0 0 0 0 0 0 0 0 0 0 0 
1 0 0 0 0 0 0 0 0 0 0 0 0 0 0 0 0 0 0 0 0 0 0.0909091 0 0 0 0.272727 0 0 0 0 0 0 0 0.0909091 0 0 0 0 0 0 0 0 0 0 0 0 0 0.0909091 0 0 0 0 0 0 0 0 0 0 0 0 0 0 0 0 0 0 0 0 0 0 0.272727 0 0 0 0.0909091 0 0 0 0 0 0 0 0 0 0 0 0 0 0 0 0 0 0 0 0.0909091 0 0 0 0 0 
1 0 0 0 0 0 0 0 0 0 0 0 0 0 0 0 0 0 0 0 0.125 0 0 0 0 0 0 0 0 0 0 0 0 0 0 0 0 0 0 0 0 0 0 0.375 0 0 0 0 0 0 0 0 0 0 0 0 0 0 0 0 0 0.125 0.125 0 0 0 0 0 0 0 0.25 0 0 0 0 0 0 0 0 0 0 0 0 0 0 0 0 0 0 0 0 0 0 0 0 0 0 0 0 0 0 
1 0 0 0 0 0 0 0 0 0 0 0 0 0 0 0 0 0 0 0 0 0 0 0 0 0 0 0 0 0 0 0.0833333 0 0 0 0 0 0 0 0 0 0 0 0.25 0.0833333 0 0 0 0.25 0 0 0 0 0 0 0 0 0 0.0833333 0 0 0 0 0 0.0833333 0 0 0 0 0 0.166667 0 0 0 0 0 0 0 0 0 0 0 0 0 0 0 0 0 0 0 0 0 0 0 0 0 0 0 0 0 0 
1 0 0 0 0 0 0 0 0 0 0 0 0 0 0 0 0 0 0 0 0 0 0 0 0 0 0 0 0 0 0 0 0 0 0 0 0 0 0 0 0 0 0 0 0.571429 0 0 0 0.142857 0 0 0 0.285714 0 0 0 0 0 0 0 0 0 0 0 0 0 0 0 0 0 0 0 0 0 0 0 0 0 0 0 0 0 0 0 0 0 0 0 0 0 0 0 0 0 0 0 0 0 0 0 0 
1 0 0 0 0 0 0 0 0 0 0 0 0.08 0 0 0 0 0 0 0.12 0 0 0 0 0 0 0 0 0 0 0 0 0 0 0 0 0 0 0 0 0 0 0 0 0.24 0 0 0 0 0.08 0 0 0.04 0 0 0 0 0 0 0 0 0 0 0 0 0 0 0.04 0 0 0 0 0 0 0 0 0 0 0 0 0 0 0 0 0.04 0.08 0 0 0 0 0 0 0 0.28 0 0 0 0 0 0 0 
1 0 0 0 0 0 0 0 0 0 0 0 0 0 0 0 0 0 0 0 0 0 0 0 0 0.0909091 0 0 0 0 0 0.0909091 0 0 0 0 0 0 0 0 0 0 0 0.181818 0.0909091 0 0 0 0 0 0 0 0 0 0 0 0 0 0 0 0 0 0 0 0 0.0909091 0 0.0909091 0 0 0.0909091 0 0 0 0 0.0909091 0 0 0.0909091 0 0 0 0 0 0 0 0 0 0 0 0 0 0 0.0909091 0 0 0 0 0 0 0 
1 0 0 0 0 0 0 0 0 0 0 0 0 0 0 0 0 0 0 0 0 0 0 0 0 0 0 0 0 0 0 0 0 0 0 0 0 0 0 0 0 0 0 0.333333 0 0 0 0 0.111111 0 0 0 0 0 0 0 0 0 0 0.111111 0 0 0 0 0.111111 0 0 0 0 0 0.333333 0 0 0 0 0 0 0 0 0 0 0 0 0 0 0 0 0 0 0 0 0 0 0 0 0 0 0 0 0 0 
1 0 0 0 0 0 0 0 0 0 0 0 0 0 0 0 0 0 0 0 0 0 0 0 0 0 0 0 0 0 0 0 0 0 0 0 0 0 0 0 0 0 0 0.222222 0 0 0 0 0 0 0 0 0 0 0 0 0 0 0 0 0 0 0 0 0.111111 0 0.111111 0.111111 0 0 0.444444 0 0 0 0 0 0 0 0 0 0 0 0 0 0 0 0 0 0 0 0 0 0 0 0 0 0 0 0 0 0 
1 0 0 0 0 0 0 0 0 0 0 0 0 0 0 0 0 0 0 0 0 0 0 0 0 0 0.230769 0.0769231 0 0 0 0 0 0 0 0 0 0 0 0 0 0 0 0.307692 0 0 0 0 0.0769231 0 0 0 0 0 0 0 0 0 0 0 0 0 0 0.0769231 0 0 0 0 0 0 0.153846 0.0769231 0 0 0 0 0 0 0 0 0 0 0 0 0 0 0 0 0 0 0 0 0 0 0 0 0 0 0 0 0 
2 0 0 0 0 0 0 0 0 0 0 0 0 0 0 0 0 0 0 0 0 0 0 0 0 0 0.125 0 0 0 0 0 0 0 0 0 0 0 0 0 0 0 0 0.125 0.125 0 0 0 0 0 0 0 0 0 0 0 0 0 0 0 0 0 0 0 0 0 0 0 0 0 0.25 0.125 0 0 0 0 0 0 0 0 0 0 0 0 0 0 0.25 0 0 0 0 0 0 0 0 0 0 0 0 0 0 
2 0 0 0 0 0 0 0 0 0 0.0645161 0.0967742 0 0 0 0 0 0 0 0.0322581 0 0 0 0.0645161 0 0.0322581 0.0645161 0 0 0 0 0.0322581 0 0 0 0 0 0 0 0 0 0 0 0 0.0322581 0 0 0 0 0.0322581 0 0 0.129032 0 0 0 0.0322581 0 0 0 0 0 0 0 0.0645161 0 0 0 0 0 0 0 0 0 0 0 0 0 0 0 0 0 0 0 0 0 0 0 0 0 0 0 0 0.0322581 0 0.290323 0 0 0 0 0 
2 0 0 0 0 0 0 0 0 0 0 0 0 0 0 0 0 0 0 0 0 0 0 0 0 0 0 0 0 0 0 0 0 0.111111 0 0 0 0 0 0 0 0 0 0.111111 0 0 0 0 0.111111 0 0 0 0 0 0 0 0 0 0 0 0 0.111111 0.222222 0 0.111111 0 0 0 0 0 0.111111 0 0 0 0 0 0 0 0 0 0 0 0 0 0 0 0 0 0 0 0 0 0 0 0 0.111111 0 0 0 0 0 
2 0 0 0 0 0 0 0 0 0 0 0 0 0 0 0 0 0 0 0 0 0 0 0 0 0 0 0 0 0 0 0 0 0 0 0 0 0 0 0 0 0 0 0 0.315789 0 0 0 0.0526316 0 0 0 0 0 0 0 0 0 0 0 0 0 0 0.473684 0 0 0 0 0 0 0 0 0 0 0 0 0 0 0 0 0 0 0 0 0 0 0 0 0 0 0 0 0 0.0526316 0 0.0526316 0 0 0 0.0526316 0 
2 0 0 0 0 0 0 0 0 0 0 0 0 0 0 0 0 0 0 0 0 0 0 0 0 0.0526316 0.105263 0 0 0 0 0 0 0 0 0 0 0 0 0 0 0 0 0.0526316 0 0 0 0 0.0526316 0 0 0 0.0526316 0 0 0 0 0 0.0526316 0.157895 0 0 0 0.0526316 0 0 0.210526 0.0526316 0 0 0.105263 0 0 0 0 0 0 0 0 0 0 0 0 0 0 0 0.0526316 0 0 0 0 0 0 0 0 0 0 0 0 0 0 
2 0 0 0 0 0 0 0 0 0 0 0 0 0 0 0 0 0 0 0 0 0 0 0 0 0.0555556 0.222222 0 0 0 0 0.166667 0 0 0 0 0 0 0 0 0 0 0 0 0 0 0 0 0.0555556 0 0 0 0.0555556 0 0.111111 0 0 0 0 0 0 0 0 0 0 0 0.0555556 0 0 0 0 0 0 0 0 0 0 0 0 0 0 0 0 0 0 0 0.111111 0 0 0 0 0 0 0.0555556 0 0.111111 0 0 0 0 0 
2 0 0 0 0 0 0 0 0 0 0.1 0 0 0 0 0 0 0 0 0 0 0 0 0 0 0 0 0 0 0 0 0 0 0 0 0 0 0.1 0 0 0 0 0 0.1 0 0 0 0 0.2 0 0 0 0.1 0 0 0 0 0 0.1 0 0 0 0 0 0 0 0 0 0 0 0.1 0 0 0 0.1 0 0 0 0 0 0 0 0 0 0 0 0 0 0 0 0 0 0 0 0 0.1 0 0 0 0 0 
2 0 0 0 0 0 0 0 0 0 0.148148 0 0 0 0 0 0 0 0.037037 0 0 0.0740741 0 0 0 0.037037 0.0740741 0 0 0 0 0 0 0 0 0 0 0 0 0 0.037037 0 0 0 0.0740741 0 0 0 0.037037 0 0 0 0.037037 0 0 0 0 0 0 0 0 0.037037 0.037037 0 0.037037 0 0 0 0 0 0 0 0 0 0 0 0 0 0 0 0.111111 0 0.037037 0 0 0 0.037037 0 0 0 0 0 0 0 0 0.148148 0 0 0 0 0 
2 0 0 0 0 0 0 0 0 0 0 0 0.133333 0 0 0 0.0666667 0 0 0 0 0 0 0 0 0.0666667 0 0 0 0 0 0 0 0 0.0666667 0 0 0 0 0 0 0 0 0 0.266667 0 0 0 0 0 0 0 0.133333 0 0 0 0 0 0.0666667 0 0 0 0.0666667 0 0 0 0 0 0 0 0 0.0666667 0 0 0 0 0 0 0 0 0 0 0 0 0 0 0 0 0 0 0 0 0.0666667 0 0 0 0 0 0 0 0 
2 0 0 0 0 0 0 0 0 0 0 0.047619 0.047619 0 0 0 0 0 0 0 0 0 0 0 0 0.047619 0.285714 0 0 0 0 0.047619 0 0 0 0 0 0 0 0 0 0 0 0 0.047619 0 0 0 0 0 0 0 0.047619 0 0 0 0 0 0 0 0 0 0.047619 0 0.142857 0 0 0 0 0 0 0 0 0 0 0 0 0 0 0 0 0 0 0 0 0 0.190476 0 0 0 0 0 0 0.047619 0 0 0 0 0 0 0 
2 0 0 0 0 0 0 0 0 0 0 0 0 0 0 0 0 0 0 0 0 0 0 0 0 0 0 0 0 0 0 0 0 0 0.111111 0 0 0 0 0 0 0 0 0.222222 0 0 0 0 0 0 0 0 0 0 0 0 0 0 0 0 0 0 0 0 0 0 0 0.111111 0 0 0.333333 0 0 0 0 0 0 0 0 0 0 0.111111 0 0 0 0 0.111111 0 0 0 0 0 0 0 0 0 0 0 0 0 0 
2 0 0 0 0 0 0 0 0 0 0 0 0 0 0 0 0 0 0 0 0 0 0 0 0 0 0.285714 0 0 0 0 0 0 0 0 0 0 0 0 0 0 0 0 0.285714 0 0 0 0 0.0714286 0 0 0 0 0 0 0 0 0 0 0 0 0 0 0 0 0 0 0 0 0 0.214286 0 0 0 0 0 0 0 0 0 0 0 0 0 0 0 0.142857 0 0 0 0 0 0 0 0 0 0 0 0 0 0 
2 0 0 0 0 0 0 0 0 0 0 0 0 0 0 0 0 0 0 0 0 0 0 0 0 0 0.2 0 0 0 0 0 0 0 0 0 0 0 0 0 0 0 0 0.0666667 0 0 0 0 0 0 0 0 0 0 0 0 0 0 0.133333 0.0666667 0 0 0 0 0.0666667 0 0.2 0.133333 0 0 0.0666667 0 0 0 0 0 0 0 0 0 0 0 0 0 0 0 0.0666667 0 0 0 0 0 0 0 0 0 0 0 0 0 0 
2 0 0 0 0 0 0 0 0 0 0 0.0714286 0 0 0 0 0 0 0 0 0 0 0 0 0 0.0714286 0.357143 0 0 0 0 0.142857 0 0 0 0 0 0 0 0 0 0 0 0 0.0714286 0 0 0 0 0 0 0 0 0 0 0 0 0 0 0 0 0 0 0 0 0.0714286 0 0 0 0 0.142857 0 0 0 0 0 0 0 0 0 0 0 0 0 0 0 0 0 0 0 0 0 0 0 0 0.0714286 0 0 0 0 0 
3 0 0 0 0 0 0 0 0 0 0 0.0588235 0 0 0 0 0 0 0 0 0 0 0 0 0 0 0.0588235 0.294118 0 0 0 0 0 0 0 0.0588235 0 0 0 0 0 0 0 0 0.117647 0 0 0 0.0588235 0 0 0 0 0 0 0 0 0 0 0 0 0 0 0.0588235 0.0588235 0 0 0 0 0 0.0588235 0 0 0 0.0588235 0 0 0 0 0 0 0 0 0 0.0588235 0 0 0 0 0 0 0 0 0 0 0 0 0 0 0.0588235 0 
3 0 0 0 0 0 0 0 0 0 0.12 0.04 0 0 0 0 0 0 0 0 0 0 0 0 0 0 0 0.04 0 0 0 0 0 0 0 0 0 0 0 0 0 0 0 0 0 0 0 0 0.2 0 0 0 0 0 0 0 0 0 0 0 0 0.16 0 0 0.04 0 0 0 0 0 0 0 0 0 0 0 0 0 0 0 0 0 0 0 0 0 0.12 0 0 0 0 0 0 0 0 0.16 0 0 0 0.12 0 
3 0 0 0 0 0 0 0 0 0 0 0 0 0 0 0 0 0 0 0 0 0 0 0 0 0 0 0.0909091 0 0 0.272727 0 0 0 0 0 0 0 0 0 0 0 0 0 0 0 0 0 0 0 0 0 0 0 0 0 0 0 0 0 0 0 0 0 0 0 0 0 0 0 0 0 0 0 0 0 0 0 0 0 0 0 0 0 0.636364 0 0 0 0 0 0 0 0 0 0 0 0 0 0 0 0 
3 0 0 0 0 0 0 0 0 0 0 0 0 0 0 0 0 0 0 0 0 0 0 0 0 0 0 0 0 0 0 0 0 0.0689655 0 0 0 0 0 0 0 0 0 0 0 0 0 0 0 0 0 0 0 0 0 0 0 0 0 0 0 0.0344828 0 0 0 0 0 0 0 0 0 0 0 0 0 0 0 0 0 0 0 0 0 0 0.862069 0.0344828 0 0 0 0 0 0 0 0 0 0 0 0 0 0 0 
3 0 0 0 0 0 0 0 0 0 0 0 0 0 0 0 0 0 0 0 0 0 0 0 0 0 0.0769231 0 0 0 0 0.153846 0 0 0 0 0 0 0 0 0.0769231 0 0 0 0.0769231 0 0 0 0.230769 0 0 0 0 0 0 0 0 0 0 0.0769231 0 0 0 0.0769231 0 0 0 0 0 0 0.0769231 0 0 0 0 0 0 0 0 0 0 0 0 0 0.0769231 0.0769231 0 0 0 0 0 0 0 0 0 0 0 0 0 0 0 
3 0 0 0 0 0 0 0 0 0 0 0 0 0.0689655 0 0 0 0 0 0 0 0.0689655 0 0 0 0 0 0 0 0 0 0 0 0.137931 0 0.0344828 0 0.0344828 0 0 0.310345 0 0 0 0.0344828 0 0.0689655 0 0 0 0 0 0 0 0.0344828 0 0 0 0.0344828 0 0 0 0 0 0 0 0 0 0 0 0 0 0 0 0 0 0 0 0 0 0 0.0344828 0 0 0.137931 0 0 0 0 0 0 0 0 0 0 0 0 0 0 0 0 
3 0 0 0 0 0 0 0 0 0 0 0 0 0 0 0 0 0 0 0 0 0 0 0 0 0 0 0 0 0 0.181818 0 0 0 0 0.181818 0 0.0909091 0 0.0909091 0 0 0 0 0 0 0.0909091 0 0 0 0 0 0 0 0 0 0 0 0 0 0 0 0.0909091 0 0 0 0 0 0 0 0 0 0 0 0 0 0 0 0 0 0 0 0 0 0.272727 0 0 0 0 0 0 0 0 0 0 0 0 0 0 0 0 
3 0 0 0 0 0 0 0 0 0 0 0 0 0 0 0 0 0 0 0 0 0 0 0 0 0 0 0 0 0 0.1 0 0 0 0.1 0.2 0 0 0 0 0 0 0 0 0 0 0 0 0 0 0 0 0 0 0.2 0 0 0 0.3 0 0 0 0 0 0 0 0 0 0 0 0 0 0 0 0 0 0 0 0 0 0 0 0 0 0.1 0 0 0 0 0 0 0 0 0 0 0 0 0 0 0 0 
3 0 0 0 0 0 0 0 0 0 0 0 0 0 0 0 0 0 0 0 0 0 0 0 0 0 0 0.461538 0 0 0.230769 0 0 0 0 0 0 0 0 0 0 0 0 0 0 0 0 0 0.0769231 0 0 0 0 0 0 0 0 0 0 0.0769231 0 0 0 0 0.0769231 0 0.0769231 0 0 0 0 0 0 0 0 0 0 0 0 0 0 0 0 0 0 0 0 0 0 0 0 0 0 0 0 0 0 0 0 0 0 
3 0 0 0 0 0 0 0 0 0 0 0.0588235 0 0 0 0 0 0 0 0 0 0 0 0 0 0.0588235 0 0.0588235 0 0 0 0 0 0 0 0.0588235 0 0.0588235 0 0 0 0 0 0 0 0 0 0 0.0588235 0 0 0 0 0 0 0 0 0 0 0 0 0 0 0.117647 0 0.294118 0.117647 0.0588235 0 0 0 0 0 0 0 0 0.0588235 0 0 0 0 0 0 0 0 0 0 0 0 0 0 0 0 0 0 0 0 0 0 0 0 
3 0 0 0 0 0 0 0 0 0 0 0 0 0 0 0 0.214286 0 0 0 0 0 0 0 0 0 0 0.0714286 0 0 0.214286 0 0 0 0 0 0 0.0714286 0 0 0 0 0 0 0 0 0 0 0.0714286 0 0 0 0 0 0.0714286 0 0 0 0.142857 0 0 0 0 0 0 0 0 0 0 0 0 0 0 0 0 0 0 0 0 0 0 0 0 0 0.142857 0 0 0 0 0 0 0 0 0 0 0 0 0 0 0 0 
3 0 0 0 0 0 0 0 0 0 0 0 0 0 0 0 0 0 0 0 0 0 0.0833333 0 0 0 0 0 0 0 0 0 0 0 0 0.166667 0 0.166667 0 0 0.0833333 0 0 0 0 0 0 0 0 0 0 0 0 0 0.166667 0 0 0 0.166667 0 0 0 0 0 0 0 0 0 0 0 0 0 0 0 0.166667 0 0 0 0 0 0 0 0 0 0 0 0 0 0 0 0 0 0 0 0 0 0 0 0 0 0 
3 0 0 0 0 0 0 0 0 0 0 0 0 0 0 0 0 0 0 0 0 0 0.25 0 0 0 0 0 0 0 0.25 0 0 0 0 0.166667 0 0 0 0 0 0 0 0 0 0 0 0 0 0 0 0 0 0 0 0 0 0 0.0833333 0.166667 0 0 0 0 0 0 0 0 0 0 0 0 0 0 0 0 0 0 0 0 0 0 0 0 0.0833333 0 0 0 0 0 0 0 0 0 0 0 0 0 0 0 0 
3 0 0 0 0 0 0 0 0 0 0 0 0 0 0 0 0 0 0 0 0 0 0.0769231 0 0 0 0 0 0 0 0 0 0 0 0.0769231 0.384615 0 0.0769231 0 0 0 0 0 0 0 0 0 0 0 0 0 0 0 0 0 0 0 0 0 0 0 0 0 0 0 0 0 0 0 0 0 0 0 0 0 0 0.0769231 0 0 0 0 0 0 0 0.307692 0 0 0 0 0 0 0 0 0 0 0 0 0 0 0 0 
4 0 0 0 0 0 0 0 0 0 0 0.176471 0 0 0 0 0 0 0 0 0 0 0 0 0 0.0588235 0.294118 0 0 0 0 0 0 0 0.0588235 0 0 0 0 0 0 0 0 0.235294 0.0588235 0 0 0 0 0 0 0 0 0 0 0 0 0 0 0 0 0 0 0 0.0588235 0 0 0 0 0 0 0 0 0 0 0 0 0 0 0 0 0 0 0 0 0 0 0 0 0 0 0 0 0 0 0.0588235 0 0 0 0 0 
4 0 0.00454545 0.327273 0.0272727 0 0.259091 0 0 0 0 0 0 0 0 0.00454545 0 0.0545455 0 0 0 0 0 0.0272727 0 0 0 0 0 0.0727273 0 0 0 0 0 0 0 0 0 0 0 0 0.00909091 0 0 0 0 0 0 0 0.0272727 0 0 0 0 0.113636 0 0 0 0 0.0136364 0 0 0 0 0 0 0 0 0 0 0 0.0181818 0.00454545 0 0 0 0.0136364 0.0181818 0 0 0 0 0 0 0 0 0 0 0 0 0 0 0 0.00454545 0 0 0 0 0 0 
4 0 0 0 0 0 0 0 0 0 0 0 0 0 0 0 0 0 0 0 0.125 0 0 0 0 0 0 0 0 0 0 0 0 0 0.375 0 0 0 0 0 0 0 0 0.125 0 0 0 0 0 0 0 0 0 0 0 0 0 0 0 0.25 0 0 0 0 0 0 0 0 0 0 0.125 0 0 0 0 0 0 0 0 0 0 0 0 0 0 0 0 0 0 0 0 0 0 0 0 0 0 0 0 0 0 
4 0 0 0 0.0357143 0 0 0 0 0 0 0 0 0 0.0952381 0 0 0 0 0.0238095 0 0.0119048 0 0 0.0238095 0 0 0 0 0 0 0 0 0 0 0 0 0 0.0595238 0 0 0 0 0 0 0.130952 0 0 0 0 0 0 0 0 0 0 0.0357143 0 0 0 0 0 0 0 0 0.0119048 0 0 0.0238095 0 0 0 0 0 0 0 0 0 0 0.154762 0.154762 0 0.0952381 0 0 0 0 0 0.0238095 0 0 0 0.0238095 0 0 0 0 0.0833333 0.0119048 0 0 
4 0 0 0 0 0 0 0 0 0 0 0 0 0 0 0 0.111111 0 0 0 0 0 0 0 0 0.222222 0 0 0 0 0 0 0 0 0 0 0 0 0 0 0 0 0 0 0.111111 0 0 0 0 0 0 0 0 0 0 0 0 0 0 0.222222 0 0 0 0 0 0 0.111111 0 0 0 0.111111 0 0 0 0 0 0 0 0 0 0 0 0 0 0 0 0 0 0.111111 0 0 0 0 0 0 0 0 0 0 0 0 
4 0 0 0 0 0 0 0 0 0 0 0 0 0 0 0 0 0 0 0 0 0.25 0 0 0 0.0416667 0.0416667 0 0 0 0 0 0 0 0 0 0 0 0 0 0 0 0 0 0.0416667 0 0 0 0 0 0 0 0.0416667 0 0 0 0.0833333 0 0 0 0 0 0 0 0 0 0 0 0 0 0 0.0416667 0 0 0.0416667 0 0 0 0 0 0 0 0.0833333 0 0 0 0.0416667 0 0.208333 0 0 0 0 0 0 0 0 0 0.0833333 0 0 
4 0 0 0 0 0 0 0 0 0 0 0 0 0 0 0 0.142857 0 0 0 0 0 0.142857 0 0 0 0 0 0 0 0 0.142857 0 0 0.142857 0 0 0 0 0 0 0 0 0 0.142857 0 0 0 0 0 0 0 0 0 0 0 0 0 0 0.142857 0 0 0 0 0 0 0 0 0 0 0.142857 0 0 0 0 0 0 0 0 0 0 0 0 0 0 0 0 0 0 0 0 0 0 0 0 0 0 0 0 0 0 
4 0 0 0 0 0 0 0 0 0 0 0 0 0 0 0 0 0 0 0 0 0 0.0833333 0 0 0 0 0 0 0 0 0 0 0 0 0 0 0 0 0 0 0 0 0 0.25 0 0 0 0 0 0 0 0 0 0.166667 0 0 0 0.0833333 0.0833333 0 0 0.0833333 0 0 0 0 0 0 0 0 0 0 0 0 0 0 0 0 0 0 0 0 0 0 0 0.0833333 0 0 0 0 0 0 0 0 0.166667 0 0 0 0 0 
4 0 0 0 0 0 0 0 0 0 0 0.0555556 0 0 0 0 0 0 0 0 0 0.0555556 0 0 0 0.0555556 0 0 0 0 0 0 0 0 0.0555556 0 0 0 0 0 0 0 0 0 0.111111 0 0 0 0 0 0 0 0.222222 0 0 0 0 0 0.0555556 0 0 0 0 0 0.0555556 0 0 0 0 0 0.0555556 0.0555556 0 0 0 0 0 0 0 0 0 0 0 0 0.0555556 0 0.0555556 0 0.0555556 0 0 0 0 0 0 0.0555556 0 0 0 0 0 
4 0 0 0.045045 0.027027 0 0 0 0 0 0.00900901 0 0 0 0 0.018018 0 0.126126 0 0.00900901 0 0 0 0 0 0 0 0 0 0 0 0 0 0 0 0 0 0 0 0 0 0 0.027027 0 0 0.00900901 0 0 0 0.036036 0.045045 0 0.0540541 0 0 0 0.027027 0 0 0 0 0.027027 0 0.00900901 0 0.00900901 0 0 0 0 0 0 0 0.153153 0 0 0 0 0.0810811 0 0 0 0 0 0 0.0630631 0.018018 0 0 0 0 0 0.171171 0.036036 0 0 0 0 0 0 0 
4 0 0 0 0 0 0 0 0 0 0 0.0909091 0 0 0 0 0 0 0 0 0 0.0909091 0 0 0 0.272727 0.0909091 0 0 0 0 0.0909091 0 0 0.181818 0 0 0 0 0 0 0 0 0 0.0909091 0 0 0 0 0 0 0 0 0 0 0 0 0 0 0 0 0 0 0 0.0909091 0 0 0 0 0 0 0 0 0 0 0 0 0 0 0 0 0 0 0 0 0 0 0 0 0 0 0 0 0 0 0 0 0 0 0 0 
4 0 0 0 0.125 0 0 0 0 0 0 0 0 0 0 0 0 0 0 0 0 0 0 0 0 0.25 0 0 0 0 0 0 0 0 0 0 0 0.0625 0 0 0 0 0.25 0 0 0 0 0 0 0 0 0 0.0625 0 0 0 0 0 0 0 0 0 0 0 0 0.0625 0 0 0 0 0 0.0625 0 0 0 0 0 0 0 0 0 0 0 0 0 0 0 0 0 0 0 0 0.0625 0 0 0.0625 0 0 0 0 0 
4 0 0 0 0 0 0 0 0 0 0 0 0 0.0769231 0 0 0 0 0 0 0 0 0 0 0 0 0 0 0 0 0 0 0 0 0 0 0 0 0 0 0 0 0 0 0 0 0.0769231 0 0.0769231 0 0 0 0 0 0.0769231 0 0 0 0.0769231 0.230769 0 0 0.0769231 0 0 0 0 0 0 0 0 0 0 0 0.230769 0 0 0 0 0 0 0 0 0 0 0 0.0769231 0 0 0 0 0 0 0 0 0 0 0 0 0 0 
4 0 0 0 0 0 0 0 0 0 0.0714286 0.285714 0 0 0 0 0 0 0 0 0 0.142857 0 0 0 0 0.142857 0 0 0 0 0 0 0 0 0 0 0 0 0 0 0 0 0 0 0 0 0 0.0714286 0 0 0 0 0 0 0 0 0 0 0 0 0 0 0 0 0 0 0 0 0 0 0 0 0 0.0714286 0 0 0 0 0 0 0 0 0 0 0 0 0 0 0 0 0 0 0 0 0.214286 0 0 0 0 0 
5 0 0 0 0 0 0 0 0 0 0 0 0 0 0 0 0 0 0 0 0 0 0 0 0 0 0 0.0909091 0 0 0 0 0 0 0 0 0 0.181818 0 0 0 0 0 0 0 0 0 0 0.0909091 0 0 0 0 0 0 0 0 0 0 0 0 0 0 0.0909091 0.181818 0 0 0 0 0 0 0 0 0 0 0 0.181818 0 0 0 0 0 0 0 0.0909091 0 0 0 0 0 0 0 0 0 0 0 0 0 0 0.0909091 0 
5 0 0 0 0 0 0 0 0 0 0.107143 0.214286 0 0 0 0 0 0 0 0 0 0 0 0 0 0 0.178571 0 0 0 0 0 0 0 0 0 0 0 0 0 0 0 0 0.0357143 0 0 0 0 0.178571 0 0 0 0 0 0 0 0 0 0 0 0 0 0 0 0.0714286 0 0 0 0 0 0 0 0 0 0.0357143 0 0 0 0 0 0 0 0 0 0 0 0.0357143 0 0 0 0 0 0 0.0357143 0 0.107143 0 0 0 0 0 
5 0 0 0 0 0 0 0 0 0 0 0 0 0 0 0 0 0 0 0 0 0 0 0 0 0 0 0.166667 0 0 0 0 0 0 0 0.5 0 0 0 0 0 0 0 0 0 0 0 0 0.166667 0 0 0 0 0 0 0 0 0 0 0 0 0 0 0 0 0 0 0 0 0 0 0 0 0 0 0 0 0 0 0 0 0 0 0.166667 0 0 0 0 0 0 0 0 0 0 0 0 0 0 0 0 0 
5 0 0 0 0 0 0 0 0 0 0 0 0 0 0 0 0 0 0 0 0 0 0 0 0 0 0 0 0 0 0 0 0 0 0 0.625 0 0 0 0 0 0 0 0 0 0 0 0 0.125 0 0 0 0 0 0 0 0 0 0 0 0 0 0 0 0 0 0 0 0 0 0 0 0 0 0 0 0 0 0 0 0 0 0 0.125 0 0 0 0 0 0 0 0 0 0 0 0 0 0 0 0.125 0 
5 0 0 0 0 0 0 0 0 0 0 0.0714286 0 0 0 0 0 0 0 0.142857 0 0 0 0 0 0 0.0714286 0 0.0714286 0 0 0 0 0 0 0 0 0 0 0 0 0 0 0 0 0 0 0 0.142857 0 0 0 0 0 0 0 0 0 0 0 0 0.0714286 0 0 0 0 0.0714286 0 0 0 0.0714286 0 0 0 0 0.0714286 0 0 0 0 0 0 0 0 0 0 0.142857 0 0 0 0 0 0 0 0 0.0714286 0 0 0 0 0 
5 0 0 0 0 0 0 0 0 0 0 0 0.1 0.1 0 0 0 0 0 0 0 0 0 0 0 0 0 0 0 0 0 0 0 0 0 0.1 0 0.2 0 0 0 0 0 0 0 0 0 0 0.2 0 0 0 0 0 0.1 0 0 0 0 0 0 0 0.2 0 0 0 0 0 0 0 0 0 0 0 0 0 0 0 0 0 0 0 0 0 0 0 0 0 0 0 0 0 0 0 0 0 0 0 0 0 0 
5 0 0 0 0 0 0 0 0 0 0 0 0 0 0 0 0 0 0 0 0 0 0 0 0 0 0 0 0 0 0 0.222222 0 0 0 0.111111 0 0.111111 0 0 0 0 0 0 0 0 0 0 0 0 0 0 0 0 0.111111 0 0 0 0 0 0 0 0 0 0 0 0 0 0 0 0 0 0 0 0 0 0 0 0 0 0 0 0 0.111111 0.111111 0 0 0 0 0 0 0 0 0 0 0 0 0 0 0.222222 0 
5 0 0 0 0 0 0 0 0 0 0 0 0 0 0 0 0 0 0 0 0 0 0 0 0 0 0.1 0 0 0 0 0 0 0 0 0 0 0 0 0 0 0 0 0 0 0 0 0 0 0 0 0 0 0 0.4 0 0 0 0 0 0 0 0 0 0 0 0 0.1 0 0 0 0 0 0 0 0 0 0 0 0 0 0 0 0 0 0 0.1 0 0 0 0 0.1 0 0 0 0.1 0 0 0 0.1 0 
5 0 0 0 0 0 0 0 0 0 0 0 0 0 0 0 0 0 0 0 0 0 0 0 0 0 0 0.222222 0 0 0 0.111111 0 0 0 0 0 0 0 0 0 0 0 0 0 0 0 0 0.111111 0 0 0 0 0 0 0 0 0 0 0 0 0 0.111111 0 0.222222 0 0 0 0 0 0 0 0 0 0 0 0 0 0 0 0 0 0 0.111111 0 0 0 0 0 0 0 0 0 0 0 0 0 0 0 0.111111 0 
5 0 0 0 0 0 0 0 0 0 0 0 0 0 0 0 0 0 0 0 0 0 0 0 0 0 0 0 0 0 0 0.0833333 0 0 0 0 0 0 0 0 0 0 0 0 0.0833333 0 0.583333 0 0 0 0 0 0 0 0 0 0 0 0.0833333 0 0 0 0 0 0 0 0 0 0 0 0 0 0 0 0 0 0 0 0 0 0 0 0 0 0 0 0 0 0 0 0 0 0 0.0833333 0 0.0833333 0 0 0 0 0 
5 0 0 0 0 0 0 0 0 0 0 0 0.0909091 0 0 0 0 0 0 0 0 0 0 0 0 0 0 0 0 0 0 0 0 0.0909091 0 0 0 0.181818 0 0 0 0 0 0 0 0 0 0 0 0 0 0 0 0 0 0 0 0 0 0.0909091 0 0.0909091 0 0 0.0909091 0 0 0 0 0 0 0 0 0 0 0 0 0 0 0 0 0 0 0 0.181818 0 0.181818 0 0 0 0 0 0 0 0 0 0 0 0 0 0 
5 0 0 0 0 0 0 0 0 0 0 0 0 0 0 0 0 0 0 0 0 0.0714286 0 0 0 0 0 0 0 0 0 0 0 0 0 0.357143 0 0 0.0714286 0 0 0 0 0 0 0 0 0 0 0 0 0 0 0 0 0 0 0 0 0 0 0 0 0 0.0714286 0 0 0 0 0 0 0.0714286 0 0 0 0 0.0714286 0 0 0 0 0.0714286 0.0714286 0 0.0714286 0 0 0 0 0 0 0 0 0 0 0.0714286 0 0 0 0 0 
5 0 0 0 0 0 0 0 0 0 0 0 0 0 0 0 0 0 0 0.142857 0 0 0 0 0 0.428571 0 0 0 0 0 0.142857 0 0 0 0 0 0 0 0 0 0 0 0 0 0 0 0 0 0 0 0 0.142857 0 0 0 0 0 0 0 0 0 0 0 0 0 0.142857 0 0 0 0 0 0 0 0 0 0 0 0 0 0 0 0 0 0 0 0 0 0 0 0 0 0 0 0 0 0 0 0 0 0 
5 0 0 0 0 0 0 0 0 0 0 0 0 0 0 0 0 0 0 0 0 0 0 0 0 0 0.142857 0 0 0 0 0 0 0 0 0 0 0 0 0 0 0 0 0 0 0 0 0 0 0 0 0 0 0 0 0 0 0 0 0 0 0 0 0 0.428571 0 0.428571 0 0 0 0 0 0 0 0 0 0 0 0 0 0 0 0 0 0 0 0 0 0 0 0 0 0 0 0 0 0 0 0 0 0 
6 0 0 0 0 0 0 0 0 0 0 0 0 0 0 0 0 0 0 0 0 0 0 0 0 0.333333 0 0 0 0 0 0 0 0 0.166667 0 0 0 0 0 0 0 0 0 0 0 0 0 0.166667 0 0 0 0 0 0 0 0 0 0 0 0 0 0 0 0 0 0 0 0 0 0 0 0 0 0 0 0 0 0 0 0 0 0 0 0 0 0.166667 0 0 0 0 0 0 0.166667 0 0 0 0 0 0 0 
6 0 0.0306122 0.0918367 0.0306122 0 0.260204 0 0 0 0.0102041 0 0 0 0 0 0 0.219388 0 0 0 0 0 0.229592 0 0.00510204 0 0 0 0.00510204 0 0 0 0 0 0 0 0 0 0 0 0 0 0 0 0 0 0 0 0.0102041 0 0 0 0 0 0.0510204 0.0153061 0 0 0 0.0102041 0 0 0 0 0 0 0 0 0 0 0 0 0.0102041 0 0 0 0 0.0102041 0 0 0 0 0 0 0 0 0 0 0 0 0.0102041 0 0 0 0 0 0 0 0 0 
6 0 0 0 0 0 0 0 0 0 0 0 0 0 0 0 0 0 0 0 0 0 0 0 0 0 0 0.111111 0 0 0.333333 0 0 0 0 0.111111 0 0 0 0 0 0 0 0 0 0 0 0 0.111111 0 0 0 0 0 0 0 0 0 0 0 0 0 0 0 0 0 0 0 0 0 0 0 0 0 0 0 0 0 0 0 0 0 0 0.111111 0 0 0 0 0 0 0 0.111111 0 0 0 0 0 0 0 0.111111 0 
6 0 0 0 0.123288 0 0 0 0 0 0.0273973 0.0136986 0 0 0 0 0 0 0 0 0 0 0 0 0 0 0 0 0 0 0 0 0 0 0 0 0 0 0 0 0 0 0 0 0 0.0547945 0 0 0 0 0 0 0 0 0 0 0.0136986 0 0 0 0 0 0 0 0 0 0 0 0 0 0 0 0 0 0 0 0 0 0 0.0273973 0.164384 0 0.0958904 0 0 0 0 0 0 0 0 0.0958904 0 0.0136986 0 0 0 0.369863 0 0 0 
6 0 0 0 0 0 0 0 0 0 0 0 0 0 0 0 0 0 0 0 0 0 0.0625 0 0 0.125 0 0 0.0625 0 0 0 0 0 0 0 0 0 0 0 0 0 0.0625 0 0 0 0 0 0 0 0 0 0 0 0.0625 0 0 0 0.0625 0 0 0 0 0 0 0 0 0 0 0 0 0 0 0 0.0625 0.3125 0.0625 0 0.125 0 0 0 0 0 0 0 0 0 0 0 0 0 0 0 0 0 0 0 0 0 0 
6 0 0 0 0.0697674 0 0 0 0 0 0 0.0232558 0 0 0 0 0 0 0.0930233 0 0 0.0465116 0 0.0232558 0 0 0.0232558 0 0 0 0 0 0 0 0 0 0 0 0.0232558 0 0 0 0 0 0 0 0 0 0 0.0697674 0 0.0465116 0 0 0 0 0 0.0232558 0 0 0 0 0 0 0 0.0232558 0.0232558 0 0 0 0 0 0 0 0 0 0 0 0 0 0.116279 0 0.139535 0 0 0 0.0232558 0.0697674 0.139535 0 0 0 0 0 0 0 0 0 0.0232558 0 0 
6 0 0 0 0 0 0 0 0 0 0 0 0 0 0 0 0.1 0 0 0 0 0 0.1 0 0 0 0 0 0 0 0 0 0 0 0 0 0 0 0 0 0 0 0 0 0 0 0 0 0 0 0 0 0 0 0 0 0 0 0 0.1 0 0 0 0 0 0 0 0 0 0 0 0 0 0 0 0 0.4 0 0 0 0 0.3 0 0 0 0 0 0 0 0 0 0 0 0 0 0 0 0 0 0 0 
6 0 0 0 0.16129 0 0 0 0 0 0.016129 0.016129 0 0 0 0 0 0 0 0 0 0 0 0.0483871 0.0645161 0 0 0 0 0 0 0.016129 0 0 0 0 0 0 0 0 0 0.0967742 0 0 0 0.0806452 0 0 0 0.016129 0 0 0 0 0 0 0.016129 0 0 0 0 0 0 0 0 0.0806452 0 0 0.322581 0 0 0 0 0 0 0 0 0 0 0 0 0 0 0 0 0 0.0322581 0.016129 0 0 0 0 0 0 0 0 0 0 0 0.016129 0 
6 0 0 0 0 0 0 0 0 0 0 0 0 0 0 0 0.0909091 0 0 0 0 0 0.181818 0 0 0 0 0 0 0 0 0 0 0 0 0 0 0 0 0 0 0 0 0 0 0 0 0 0 0 0 0 0 0 0 0 0 0 0.181818 0.545455 0 0 0 0 0 0 0 0 0 0 0 0 0 0 0 0 0 0 0 0 0 0 0 0 0 0 0 0 0 0 0 0 0 0 0 0 0 0 0 0 0 
6 0 0 0 0 0 0 0 0 0 0 0 0 0 0 0 0 0 0 0 0 0 0 0 0 0.142857 0 0 0 0 0 0.285714 0 0 0.0714286 0 0 0.0714286 0 0 0 0 0 0 0 0 0 0 0 0 0 0 0 0 0 0 0 0 0 0 0 0 0 0 0.142857 0 0 0 0 0 0 0 0 0 0.0714286 0 0 0 0 0 0 0 0 0 0 0 0.214286 0 0 0 0 0 0 0 0 0 0 0 0 0 0 
6 0 0 0 0 0 0 0 0 0 0 0 0 0 0 0 0 0 0 0 0 0 0.230769 0 0 0 0 0 0 0 0 0 0 0 0 0 0 0.0769231 0 0 0 0 0 0 0 0.0769231 0 0 0 0 0 0 0 0 0.0769231 0 0 0 0 0 0 0 0 0 0 0 0 0 0 0 0 0 0 0 0.0769231 0.0769231 0.153846 0 0 0 0 0.230769 0 0 0 0 0 0 0 0 0 0 0 0 0 0 0 0 0 0 0 
6 0.0833333 0 0 0 0 0 0 0 0 0 0 0 0 0 0 0 0 0 0 0 0 0.333333 0 0 0 0 0 0 0.0833333 0 0 0 0 0.166667 0 0 0.0833333 0 0 0 0 0 0 0 0 0 0 0 0 0 0 0 0 0 0 0 0 0 0 0 0 0 0 0 0 0 0 0 0 0 0 0 0 0.0833333 0 0 0 0.0833333 0 0 0 0 0 0 0 0 0 0.0833333 0 0 0 0 0 0 0 0 0 0 0 0 
6 0 0 0 0 0 0 0 0 0 0 0 0 0 0 0 0 0 0 0 0.111111 0 0 0 0 0 0 0 0 0 0 0 0 0 0.111111 0 0 0 0 0 0 0 0 0 0 0 0 0 0 0 0 0 0 0 0.222222 0 0 0 0 0.333333 0 0 0 0 0 0 0 0 0 0 0 0 0 0 0.111111 0 0 0 0 0 0 0 0 0 0 0 0.111111 0 0 0 0 0 0 0 0 0 0 0 0 0 0 
6 0 0 0 0 0 0 0 0 0 0 0 0 0 0 0 0 0 0 0 0 0 0 0 0 0 0 0 0 0 0 0 0 0 0 0.181818 0 0.181818 0 0 0 0 0 0 0 0 0 0 0 0 0 0 0 0 0.181818 0 0 0 0 0 0 0 0 0 0 0 0 0 0 0 0 0 0 0 0 0 0.181818 0 0.0909091 0 0 0 0 0 0 0 0.181818 0 0 0 0 0 0 0 0 0 0 0 0 0 0 
7 0 0 0 0 0 0 0 0 0 0.169811 0.0188679 0 0 0 0 0 0 0 0 0 0 0 0 0 0 0.0377358 0 0 0 0 0 0 0 0 0 0 0 0 0 0 0.603774 0 0 0 0 0 0 0 0 0 0 0 0 0 0 0 0 0 0 0 0.0188679 0 0.0943396 0 0 0 0 0 0 0 0 0 0 0 0 0 0 0 0 0 0 0 0 0 0 0 0 0 0 0 0 0 0 0 0.0188679 0 0 0 0.0377358 0 
7 0 0 0 0 0 0 0 0 0 0.560606 0.0151515 0 0 0 0 0 0 0.030303 0 0 0 0 0.0454545 0 0 0 0 0 0 0 0 0 0 0 0 0 0 0 0 0 0 0 0 0.0151515 0 0 0 0.0151515 0 0 0 0 0 0 0 0.0151515 0 0 0 0 0.242424 0 0.0151515 0 0 0 0 0 0 0 0 0 0 0 0 0 0 0 0 0 0 0 0 0 0 0 0 0 0 0 0 0 0 0 0.0454545 0 0 0 0 0 
7 0 0 0 0 0 0 0 0 0 0 0 0 0 0.0727273 0 0 0 0.0545455 0.0181818 0 0.127273 0 0 0.0363636 0 0.0363636 0 0 0 0 0 0 0 0 0 0 0 0.0181818 0 0 0 0 0 0.0181818 0 0 0 0 0.145455 0 0 0.0181818 0 0 0 0 0 0 0 0 0 0 0 0 0.0363636 0 0 0 0 0 0 0 0 0 0 0 0 0 0 0.0181818 0 0.0363636 0 0 0 0 0.181818 0.0545455 0 0 0 0 0 0 0 0 0.109091 0.0181818 0 0 
7 0 0 0 0 0 0 0 0 0 0 0 0.0714286 0.047619 0 0 0 0 0.047619 0 0 0 0 0 0 0 0 0.0238095 0 0 0 0 0 0.0238095 0 0 0 0 0 0 0.142857 0 0 0 0.0238095 0 0 0 0.0238095 0 0 0 0 0 0 0 0 0 0 0 0 0 0 0 0 0 0 0 0.166667 0 0 0 0 0 0 0 0 0 0 0 0 0 0 0 0.285714 0.0952381 0 0 0 0.0238095 0 0 0 0 0 0 0 0 0.0238095 0 0 
7 0 0 0 0 0 0 0 0 0 0 0 0 0 0 0 0 0 0.666667 0 0 0.119048 0 0 0.047619 0 0 0 0 0 0 0 0 0 0 0 0 0 0.0952381 0 0 0 0 0 0 0 0 0 0 0 0 0 0 0 0 0 0 0.0238095 0 0 0 0 0 0.0238095 0 0 0 0 0 0 0 0 0 0 0 0 0 0 0 0 0 0 0 0.0238095 0 0 0 0 0 0 0 0 0 0 0 0 0 0 0 0 0 
7 0 0 0 0 0 0 0 0 0 0.025 0.025 0 0 0 0 0 0 0 0.075 0 0 0 0 0 0 0 0 0 0 0.025 0 0 0 0 0 0 0 0 0 0.425 0 0 0 0 0 0 0 0.025 0 0 0 0 0 0 0 0 0 0 0 0 0 0 0.05 0 0 0 0 0 0 0 0 0 0 0 0 0 0 0 0 0 0 0 0.1 0.075 0.1 0 0 0 0 0 0 0 0.075 0 0 0 0 0 0 0 
7 0 0 0 0 0 0 0 0 0 0.0285714 0 0 0.0285714 0 0 0 0 0 0 0 0.0142857 0 0 0 0 0 0 0 0 0 0 0 0.685714 0 0 0 0 0 0 0 0 0 0 0.0142857 0 0 0 0 0 0 0 0 0 0 0 0 0 0 0 0 0.128571 0 0.0142857 0.0285714 0 0 0 0 0 0 0 0 0 0 0 0 0 0 0 0 0 0.0142857 0 0 0 0 0 0 0 0 0 0 0 0 0.0142857 0 0 0 0.0285714 0 
7 0 0 0 0 0 0 0.057971 0 0 0.130435 0.0724638 0 0 0 0 0 0 0.0434783 0 0 0 0 0 0 0 0.0289855 0 0 0 0 0 0 0 0 0 0 0 0 0 0 0.289855 0 0.0144928 0 0 0 0 0.0144928 0.0144928 0 0 0.0144928 0 0 0 0 0 0 0 0 0.0144928 0 0.0144928 0 0 0 0 0 0 0 0 0.0144928 0 0 0 0 0.0289855 0 0 0 0 0 0.0144928 0 0 0 0 0.0144928 0 0 0.0869565 0 0 0 0.057971 0 0 0 0.0724638 0 
7 0 0 0 0 0 0 0 0 0 0 0 0 0 0 0 0 0 0 0 0 0 0 0 0 0.111111 0.111111 0 0 0 0 0 0 0 0 0 0 0 0.111111 0 0 0 0.111111 0 0 0 0 0 0 0 0 0 0 0 0 0 0 0.111111 0 0 0 0 0 0 0 0 0 0 0 0 0 0.111111 0 0 0 0 0 0 0.111111 0 0 0 0 0 0 0 0 0 0 0.111111 0 0 0 0 0 0.111111 0 0 0 0 0 
7 0 0 0 0.0606061 0 0 0 0 0 0 0 0 0 0 0 0 0 0.030303 0 0 0.0606061 0 0 0.151515 0 0 0 0 0 0 0 0 0 0.030303 0 0 0 0 0 0 0 0.030303 0 0.030303 0 0 0 0 0 0 0 0.0909091 0 0 0 0 0 0 0 0 0 0 0 0 0.030303 0 0 0 0 0 0.0909091 0 0 0 0 0 0 0 0 0 0 0 0 0 0 0 0 0.212121 0 0 0 0.030303 0 0 0 0 0 0.151515 0 0 
7 0 0 0 0.0384615 0 0 0 0 0 0.0192308 0.0576923 0 0 0 0 0 0 0.0192308 0.0384615 0 0.0192308 0 0.0384615 0 0.0192308 0.0192308 0 0 0 0 0 0 0 0 0 0 0 0 0 0 0.134615 0 0 0 0 0 0 0 0.134615 0 0 0.0192308 0 0 0 0 0.0192308 0 0 0 0 0 0.0384615 0.0192308 0.0192308 0 0 0 0 0 0.0192308 0 0 0 0 0 0 0 0 0 0 0 0 0 0 0 0.153846 0.0576923 0 0 0.0192308 0 0 0 0.0384615 0 0.0576923 0 0 0 
7 0 0 0 0 0 0 0 0 0 0.0444444 0 0 0 0 0 0.0444444 0 0.111111 0 0.0222222 0.0666667 0 0 0 0 0 0 0 0 0.0222222 0 0.0222222 0 0 0 0 0 0.0222222 0 0 0 0 0 0 0 0 0 0.0222222 0 0 0 0 0 0 0 0 0.111111 0 0 0 0.4 0 0.0222222 0 0 0 0 0.0222222 0 0 0 0 0 0 0 0 0 0 0 0 0 0 0.0444444 0.0222222 0 0 0 0 0 0 0 0 0 0 0 0 0 0 0 0 
7 0 0 0 0.0217391 0 0 0 0 0 0 0 0 0 0.23913 0 0 0 0 0 0 0.369565 0 0 0 0 0.0434783 0 0 0 0 0 0 0 0 0 0 0 0.0434783 0 0 0 0 0 0 0 0 0 0 0.0217391 0 0 0 0 0 0 0.0217391 0 0 0 0 0 0 0 0 0 0 0 0.0434783 0 0 0.0217391 0 0 0 0 0 0 0 0 0.0652174 0 0 0.0217391 0 0 0 0 0.0652174 0 0 0 0 0 0 0 0 0.0217391 0 0 0 
7 0 0 0 0 0 0 0 0 0 0 0 0 0 0 0 0 0 0 0 0 0.0714286 0 0 0 0 0.214286 0 0 0 0 0 0 0 0 0 0 0 0 0 0 0 0 0.214286 0 0 0 0 0.0714286 0.0714286 0 0 0 0 0 0 0 0.0714286 0 0 0 0 0 0 0 0 0 0 0 0 0.0714286 0.142857 0 0 0 0 0 0 0 0 0 0 0 0 0 0 0 0 0.0714286 0 0 0 0 0 0 0 0 0 0 0 0 
8 0 0 0 0.0181818 0 0.0363636 0 0.0181818 0 0.181818 0.0181818 0 0 0.0363636 0 0 0 0 0.0909091 0 0 0 0.254545 0 0 0 0 0 0.0181818 0 0 0 0 0 0 0 0 0 0 0 0 0 0 0 0 0 0.0363636 0 0.0181818 0 0 0 0 0 0 0 0 0 0 0 0 0 0 0 0 0 0 0.0181818 0 0 0 0.163636 0 0 0 0 0 0 0 0.0181818 0 0 0 0 0 0 0 0 0 0.0727273 0 0 0 0 0 0 0 0 0 0 
8 0 0.0413793 0 0 0 0.0896552 0.00689655 0 0.00689655 0 0 0 0 0 0.0344828 0 0.00689655 0 0 0 0 0 0.00689655 0 0.00689655 0 0 0 0.0551724 0 0 0 0 0 0 0 0 0 0 0 0 0 0 0 0 0 0.131034 0 0 0 0 0 0 0 0 0 0 0 0 0.289655 0 0 0 0 0 0 0 0 0 0 0 0.17931 0 0 0 0 0 0.0206897 0 0 0 0 0 0 0 0 0 0 0 0.0965517 0 0 0 0 0 0.0275862 0 0 0 0 
8 0 0 0 0 0 0 0 0 0 0 0 0 0 0 0 0 0 0 0.294118 0 0 0 0 0 0 0 0 0 0 0 0 0 0.0588235 0 0 0 0 0 0 0 0 0 0 0.0588235 0 0 0 0 0.0588235 0 0 0 0 0 0 0 0 0 0 0 0 0 0.0588235 0 0 0 0 0 0 0 0 0 0 0 0 0 0 0 0 0 0 0 0 0.0588235 0.294118 0 0 0 0 0 0 0 0.117647 0 0 0 0 0 0 0 
8 0 0 0 0 0 0 0 0.015625 0 0 0 0.078125 0 0.40625 0 0 0 0 0.171875 0 0 0 0 0 0 0 0 0 0 0 0 0 0 0 0 0 0 0 0 0 0 0 0 0 0 0 0 0 0 0 0 0 0 0 0 0 0 0 0 0 0 0 0 0 0.015625 0 0 0.015625 0 0 0.015625 0 0 0 0 0 0 0.015625 0 0.03125 0 0 0 0 0.140625 0 0.03125 0 0 0 0 0 0.015625 0 0 0.015625 0.03125 0 0 0 
8 0 0 0 0 0 0 0 0 0 0 0.0645161 0 0 0 0 0 0 0 0.0322581 0 0 0 0 0 0 0.0322581 0 0 0 0 0 0 0 0 0 0 0 0 0 0 0 0 0 0.0645161 0 0 0 0.16129 0.290323 0 0 0 0 0 0 0 0 0.0322581 0 0 0 0 0.129032 0 0 0 0 0 0 0 0 0 0 0 0 0 0 0 0 0 0 0 0 0 0 0 0 0 0 0 0 0 0.16129 0 0 0 0 0 0.0322581 0 
8 0 0 0 0.0149254 0 0 0 0 0 0.0149254 0.0149254 0 0 0.0746269 0.0149254 0 0 0 0.104478 0 0 0 0.0298507 0 0 0.0149254 0 0 0 0 0 0 0 0 0 0 0 0 0 0 0 0 0 0 0.0298507 0 0 0 0.0597015 0 0 0 0 0 0 0.0597015 0 0 0 0 0 0 0 0 0.0895522 0 0 0.0298507 0.0895522 0 0.0298507 0 0 0 0 0 0 0 0 0.134328 0 0 0 0 0.0149254 0 0.0447761 0 0 0 0.0149254 0 0 0 0 0 0.119403 0 0 0 
8 0 0 0 0 0 0 0 0 0 0.1875 0.0208333 0 0 0 0 0 0 0 0.0833333 0 0 0 0 0 0 0 0 0 0 0 0 0 0 0 0 0 0 0 0 0 0 0 0 0.0208333 0 0 0 0 0 0 0 0 0 0 0 0 0 0 0 0 0.166667 0 0.0208333 0 0 0 0 0 0 0 0 0.0625 0 0 0 0 0 0 0 0 0 0 0 0 0.104167 0 0 0 0 0 0.0208333 0 0 0.0208333 0 0 0 0 0.291667 0 
8 0.0457516 0.0130719 0 0 0 0.0196078 0.163399 0.0457516 0.0130719 0.0392157 0 0 0 0 0 0 0 0 0 0 0 0 0 0 0 0 0 0 0.0457516 0 0 0 0 0 0 0 0 0 0 0 0 0 0 0 0 0 0.0130719 0 0.00653595 0 0 0 0 0 0 0 0 0 0 0.0326797 0 0 0 0 0 0 0 0.00653595 0 0 0 0.0522876 0 0 0 0 0.130719 0 0 0.00653595 0 0 0 0 0.0196078 0 0 0 0 0.0784314 0.0522876 0 0 0.0718954 0.00653595 0.0130719 0 0 0 0.124183 
8 0 0 0 0 0 0 0 0 0 0.0689655 0 0 0 0 0 0 0 0 0.413793 0 0 0 0 0 0 0 0 0 0 0 0 0 0 0 0 0 0 0 0 0 0 0 0 0 0 0 0 0 0.0689655 0 0 0 0 0 0 0 0 0 0 0 0 0 0 0.0344828 0 0 0 0 0 0 0 0 0 0 0 0 0 0 0 0 0 0 0 0 0.310345 0 0 0 0 0 0 0 0.103448 0 0 0 0 0 0 0 
8 0 0.191781 0.0205479 0 0.00684932 0.0273973 0.0342466 0.00684932 0 0 0 0 0 0.0205479 0.171233 0 0.0205479 0 0.0205479 0 0 0 0 0 0 0 0 0 0.00684932 0 0 0.0136986 0 0 0 0 0 0 0 0 0 0 0 0 0 0 0.0684932 0 0 0 0 0 0 0 0.0479452 0 0 0 0 0.171233 0 0 0 0 0 0 0 0.00684932 0 0 0 0.109589 0.0205479 0 0 0 0 0.0205479 0 0 0 0 0 0 0 0 0 0 0 0 0 0 0 0 0 0.0136986 0 0 0 0 
8 0 0 0 0 0 0 0 0 0 0 0.133333 0 0 0 0 0 0 0 0 0 0 0 0 0 0.0666667 0.2 0 0 0 0 0 0 0 0 0 0 0 0 0 0 0 0 0 0.2 0 0 0 0 0 0 0 0.0666667 0 0 0 0 0 0 0 0 0 0 0 0 0 0 0 0 0 0 0 0 0 0 0 0 0 0 0 0 0 0 0 0 0 0.0666667 0 0 0 0 0 0 0.133333 0 0.133333 0 0 0 0 0 
8 0 0 0 0.0972222 0 0 0 0 0 0.0416667 0 0 0 0 0 0 0.0138889 0 0.0694444 0 0 0 0.0694444 0 0.0277778 0 0 0 0 0 0 0 0 0 0 0 0 0 0 0 0 0.0277778 0 0 0.166667 0 0 0 0.0138889 0.111111 0 0 0 0 0 0 0 0 0 0 0 0 0 0 0.0277778 0.0138889 0.0277778 0.0138889 0 0 0 0 0.0555556 0 0 0 0 0.138889 0 0.0277778 0 0 0 0 0.0277778 0 0 0 0 0 0 0.0138889 0.0138889 0 0 0 0 0 0 0 
8 0 0 0 0 0 0 0 0 0 0 0.0769231 0 0 0 0 0 0 0.0769231 0.115385 0 0 0 0 0 0 0 0 0 0 0 0 0 0 0 0 0 0 0 0 0 0 0 0 0.0384615 0 0 0 0 0.115385 0 0 0 0 0 0 0.0384615 0 0 0 0 0 0 0.0384615 0 0.0384615 0 0.0384615 0 0 0 0 0 0 0 0 0 0 0 0 0.0384615 0.0384615 0 0 0 0.115385 0 0 0 0 0 0 0 0.230769 0 0 0 0 0 0 0 
8 0 0 0 0 0.112245 0 0.0102041 0.0408163 0.122449 0 0 0 0 0.0306122 0.0612245 0 0.0204082 0 0.112245 0 0 0 0 0 0 0 0 0 0 0 0 0 0 0 0 0 0 0 0 0 0 0 0 0 0 0 0.142857 0 0 0 0 0 0 0 0 0 0 0 0 0.0204082 0 0 0 0 0.0204082 0 0.0306122 0 0.112245 0 0 0 0 0 0 0 0 0.0204082 0 0 0 0.0102041 0 0 0 0 0.0714286 0 0 0.0408163 0 0 0 0 0 0.0102041 0.0102041 0 0 0 
9 0 0 0 0 0 0 0 0 0 0 0 0 0 0 0 0.1 0 0 0 0.1 0 0.3 0 0 0 0 0 0 0 0 0 0 0 0 0 0 0 0 0 0 0 0 0 0 0 0 0 0 0 0 0 0 0 0.1 0 0 0 0 0.3 0 0 0 0 0 0 0 0 0 0 0 0 0 0 0.1 0 0 0 0 0 0 0 0 0 0 0 0 0 0 0 0 0 0 0 0 0 0 0 0 0 0 
9 0 0 0 0 0 0 0 0 0 0 0 0 0 0 0 0 0 0 0 0 0 0 0 0 0 0 0 0 0 0 0 0 0 0 0 0 0 0 0 0 0 0 0 0 0 0 0 0 0 0 0 0 0 0.4 0 0 0 0.4 0.2 0 0 0 0 0 0 0 0 0 0 0 0 0 0 0 0 0 0 0 0 0 0 0 0 0 0 0 0 0 0 0 0 0 0 0 0 0 0 0 0 0 
9 0 0 0 0 0 0 0 0 0 0 0 0 0 0 0 0.333333 0 0 0 0 0 0 0 0 0 0 0 0 0 0 0 0 0 0 0 0 0 0 0 0 0 0 0 0 0 0 0 0 0 0 0 0 0 0 0 0 0 0.166667 0.5 0 0 0 0 0 0 0 0 0 0 0 0 0 0 0 0 0 0 0 0 0 0 0 0 0 0 0 0 0 0 0 0 0 0 0 0 0 0 0 0 0 
9 0 0 0 0 0 0 0 0 0 0 0 0 0 0 0 0.142857 0 0 0 0 0 0.142857 0 0 0 0 0 0 0 0 0 0 0 0.142857 0 0 0 0 0 0 0 0 0 0 0 0 0 0 0 0 0 0 0 0 0 0 0 0 0.285714 0 0 0 0 0 0.142857 0 0 0 0 0 0 0 0 0 0 0 0 0 0 0 0 0 0 0 0 0 0 0.142857 0 0 0 0 0 0 0 0 0 0 0 0 
9 0 0 0 0 0 0 0 0 0 0 0 0 0 0 0 0.375 0 0 0 0 0 0.125 0 0 0 0 0 0 0 0 0 0 0 0 0 0 0 0 0.125 0 0 0 0 0 0 0 0 0 0 0 0 0 0 0 0 0 0 0 0.25 0 0 0 0 0 0 0 0 0 0 0 0 0 0 0 0.125 0 0 0 0 0 0 0 0 0 0 0 0 0 0 0 0 0 0 0 0 0 0 0 0 0 
9 0 0 0 0 0 0 0 0 0 0 0 0 0 0.26087 0 0 0 0 0 0 0 0 0 0.0434783 0.0434783 0.0434783 0 0 0 0 0 0 0 0 0 0 0 0 0 0 0 0 0 0 0.0869565 0 0 0 0 0 0 0 0 0 0 0 0 0.130435 0.0434783 0 0 0 0 0 0 0 0 0 0 0 0 0 0 0 0 0 0 0 0.26087 0 0 0 0 0 0 0 0 0.0434783 0 0 0 0 0 0 0 0 0.0434783 0 0 0 
9 0 0 0 0 0 0 0 0 0 0 0 0 0 0 0 0 0 0 0 0.25 0 0 0 0 0 0 0 0 0 0 0 0 0 0 0 0 0 0 0 0 0 0 0 0 0 0 0 0 0 0 0 0 0 0 0 0 0 0 0 0 0 0 0 0 0 0 0 0 0 0 0 0 0 0 0 0.25 0 0 0 0 0.5 0 0 0 0 0 0 0 0 0 0 0 0 0 0 0 0 0 0 0 
9 0 0 0 0 0 0 0 0 0 0 0 0 0 0 0 0 0 0 0 0 0 0 0 0 0 0 0 0 0 0 0 0 0 0 0 0 0 0 0 0 0 0 0 0 0 0 0 0 0 0 0 0 0 0.125 0 0 0 0.25 0.5 0 0 0 0 0 0 0 0 0 0 0 0 0 0 0 0 0 0 0.125 0 0 0 0 0 0 0 0 0 0 0 0 0 0 0 0 0 0 0 0 0 0 
9 0 0 0 0 0 0 0 0 0 0 0 0 0 0 0 0 0 0 0 0.142857 0 0 0 0 0 0 0 0 0 0 0 0 0 0 0 0.142857 0 0 0 0 0 0 0 0 0 0 0 0 0 0 0 0 0 0 0 0 0 0 0.714286 0 0 0 0 0 0 0 0 0 0 0 0 0 0 0 0 0 0 0 0 0 0 0 0 0 0 0 0 0 0 0 0 0 0 0 0 0 0 0 0 0 
9 0 0 0 0 0 0 0 0 0 0 0 0 0 0 0 0 0 0 0 0 0 0 0 0 0 0 0 0 0 0 0 0 0 0 0 0 0 0 0 0 0 0 0 0 0 0 0 0 0 0 0 0 0 0 0 0 0 0.5 0.25 0 0 0 0 0 0 0 0 0 0 0 0 0 0 0.25 0 0 0 0 0 0 0 0 0 0 0 0 0 0 0 0 0 0 0 0 0 0 0 0 0 0 
9 0 0 0 0 0 0 0 0 0 0 0 0 0 0 0 0.111111 0 0 0 0 0 0.333333 0 0 0 0 0 0 0 0 0 0 0 0 0 0 0 0 0 0 0 0 0 0 0 0 0 0 0 0 0 0 0 0 0 0 0 0 0.111111 0 0 0 0 0 0 0 0 0 0 0 0 0 0 0 0 0.111111 0 0 0 0 0.333333 0 0 0 0 0 0 0 0 0 0 0 0 0 0 0 0 0 0 0 
9 0 0 0 0 0 0 0 0 0 0 0 0 0 0 0 0 0 0 0 0 0 0.0909091 0 0 0.0909091 0 0 0 0 0 0 0 0 0 0 0 0.454545 0 0 0 0 0 0 0 0 0 0 0 0 0 0 0 0 0 0 0 0 0 0 0 0 0 0 0 0 0 0 0 0 0 0 0 0 0.0909091 0 0.272727 0 0 0 0 0 0 0 0 0 0 0 0 0 0 0 0 0 0 0 0 0 0 0 0 
9 0 0 0 0 0 0 0 0 0 0 0 0 0 0 0 0.888889 0 0 0 0 0 0.111111 0 0 0 0 0 0 0 0 0 0 0 0 0 0 0 0 0 0 0 0 0 0 0 0 0 0 0 0 0 0 0 0 0 0 0 0 0 0 0 0 0 0 0 0 0 0 0 0 0 0 0 0 0 0 0 0 0 0 0 0 0 0 0 0 0 0 0 0 0 0 0 0 0 0 0 0 0 0 
9 0 0 0 0 0 0 0 0 0 0 0 0 0 0 0 0 0 0 0 0 0 0.0909091 0 0 0 0 0 0 0 0 0 0 0 0 0 0 0 0 0 0 0 0.0909091 0 0 0 0 0 0 0 0 0 0 0 0 0 0 0 0.0909091 0.181818 0 0 0 0 0 0.0909091 0 0 0 0 0 0.0909091 0 0 0 0.272727 0 0 0 0 0 0 0 0 0 0 0 0 0.0909091 0 0 0 0 0 0 0 0 0 0 0 0 
10 0 0 0 0 0 0 0 0 0 0.230769 0.0769231 0 0 0 0 0 0 0 0.153846 0 0 0 0.0769231 0 0.0769231 0 0 0 0 0 0 0 0 0 0 0 0.0769231 0 0 0 0 0 0 0 0 0 0 0 0.0769231 0 0 0 0 0 0 0 0 0 0 0 0 0 0 0 0 0 0 0 0 0 0 0 0 0 0 0 0 0 0 0 0 0 0 0 0 0 0 0 0 0 0 0 0.230769 0 0 0 0 0 0 0 
10 0 0 0 0 0 0 0 0 0 0 0.428571 0 0 0 0 0 0 0 0 0 0 0 0.0714286 0 0 0.142857 0 0 0 0 0 0 0 0 0 0 0 0 0 0 0 0 0 0 0 0 0 0 0 0 0 0.0714286 0 0 0 0.214286 0 0 0 0 0 0 0 0 0 0 0 0 0 0 0.0714286 0 0 0 0 0 0 0 0 0 0 0 0 0 0 0 0 0 0 0 0 0 0 0 0 0 0 0 0 0 
10 0 0 0 0 0 0 0 0 0 0 0 0 0 0 0 0 0 0 0 0 0 0 0 0 0 0 0 0 0 0 0 0 0 0 0 0 0 0 0 0 0 0 0 0 0 0 0 0 0 0 0 0 0 0 0 0 0 0 0 0 0 0 0 0 0 0 0 0 0 0 0 0 0 0 0 0 0 0 0 0 0 0 0 0 0 0 0 0 0 0 0 0 0.5 0 0.5 0 0 0 0 0 
10 0 0 0 0 0 0 0 0.0833333 0 0 0.0833333 0.0833333 0 0 0 0 0 0 0.166667 0 0.166667 0 0 0 0 0 0 0 0 0 0 0 0 0 0 0 0 0 0 0 0 0 0 0 0.0833333 0 0 0 0.0833333 0 0.0833333 0 0.0833333 0 0 0.0833333 0 0 0 0 0 0 0 0 0 0 0 0 0 0 0 0 0 0 0 0 0 0 0 0 0 0 0 0 0 0 0 0 0 0 0 0 0 0 0 0 0 0 0 0 
10 0 0 0 0 0 0 0 0 0 0 0 0.125 0 0 0 0 0 0 0 0 0 0 0 0 0 0.125 0 0 0 0 0.125 0 0 0 0 0 0 0 0 0 0 0 0.125 0 0 0 0 0 0 0 0 0 0 0 0 0 0 0 0 0 0 0 0 0 0 0 0 0 0 0.125 0 0 0 0 0 0 0 0 0 0 0 0 0.125 0 0 0 0 0 0 0 0 0 0.125 0 0.125 0 0 0 0 0 
10 0 0 0 0 0 0 0 0 0 0 0.0588235 0 0 0 0 0 0 0 0.0588235 0 0 0 0 0 0 0.117647 0 0 0 0 0 0 0 0 0 0 0 0 0 0 0 0 0 0 0 0 0 0 0 0 0 0 0 0 0 0.235294 0 0 0 0 0 0 0 0 0 0 0 0 0 0 0.0588235 0 0 0 0 0 0 0.0588235 0 0 0 0 0 0 0 0 0 0 0 0 0 0.117647 0.0588235 0 0 0 0 0.235294 0 0 
10 0 0 0 0 0 0 0 0 0 0.111111 0 0 0 0 0 0 0 0 0 0 0 0 0 0 0 0 0 0 0 0 0 0 0 0.111111 0 0 0 0 0 0 0 0 0 0.222222 0 0 0 0.222222 0 0 0 0 0 0 0 0 0 0 0 0 0.222222 0 0 0 0 0 0 0 0 0 0 0 0 0 0 0 0 0 0 0 0 0 0 0 0 0 0 0 0 0 0 0 0 0 0.111111 0 0 0 0 0 
10 0 0 0 0 0 0 0 0 0 0 0 0 0 0 0 0 0 0 0.0909091 0 0 0 0 0 0 0 0 0 0 0 0 0 0 0 0 0 0 0 0 0 0.0909091 0 0.0909091 0 0 0 0 0.181818 0 0 0 0 0 0 0 0 0 0 0 0 0 0 0 0 0 0 0 0 0 0 0 0 0 0 0 0 0 0 0 0 0 0 0 0 0 0 0 0 0 0 0.0909091 0 0.0909091 0 0.363636 0 0 0 0 0 
10 0 0 0 0 0 0 0 0 0 0 0 0 0 0 0 0 0 0 0.0666667 0 0 0 0 0 0 0.0666667 0 0 0 0 0 0 0 0 0 0 0.0666667 0 0 0 0 0 0 0.133333 0 0 0 0 0.133333 0 0 0.133333 0 0 0 0 0 0 0 0 0 0 0 0 0 0 0 0 0 0 0 0 0 0 0 0 0 0 0 0 0 0 0 0 0 0 0 0 0 0 0 0 0.266667 0 0.133333 0 0 0 0 0 
10 0 0 0.0454545 0.0681818 0 0 0 0 0 0 0 0 0 0 0.272727 0 0 0 0.136364 0 0 0 0 0 0 0 0 0 0 0 0 0 0 0 0 0 0 0 0 0 0 0.0227273 0 0 0.0454545 0 0 0 0.113636 0 0 0 0 0 0 0.0454545 0 0 0 0 0 0 0 0 0 0 0 0.0227273 0 0 0 0 0.0681818 0 0 0 0 0.0227273 0 0.0227273 0 0 0 0 0 0 0 0 0 0 0 0.0227273 0.0909091 0 0 0 0 0 0 0 
10 0 0 0 0 0 0 0 0 0 0 0 0 0 0 0 0 0 0 0 0 0 0 0 0 0.166667 0 0 0 0 0 0 0 0 0 0 0 0 0 0 0 0 0 0.333333 0 0 0 0 0 0 0 0 0 0 0 0 0 0 0.166667 0 0 0 0 0 0 0 0 0 0 0 0.166667 0 0 0 0 0 0 0 0 0 0 0 0 0 0.166667 0 0 0 0 0 0 0 0 0 0 0 0 0 0 0 0 
10 0 0 0 0.0294118 0 0 0 0 0 0 0.0294118 0 0 0 0 0 0 0 0.0294118 0 0 0 0.0294118 0 0.0294118 0 0 0 0 0 0 0 0 0 0 0 0 0 0 0 0 0.235294 0 0 0.352941 0 0 0 0.0294118 0 0 0 0 0 0 0 0 0 0 0 0 0 0 0 0.176471 0 0 0 0 0 0 0 0 0 0 0 0 0.0294118 0 0 0 0 0 0 0 0 0 0.0294118 0 0 0 0 0 0 0 0 0 0 0 0 
10 0 0 0 0 0 0 0 0 0 0 0.133333 0.0666667 0.0666667 0.0666667 0 0 0 0 0 0 0.0666667 0 0 0 0.0666667 0.0666667 0 0 0 0 0 0 0.0666667 0 0 0 0 0 0 0 0 0 0 0 0 0 0 0 0.0666667 0 0 0.133333 0 0 0 0.0666667 0 0 0 0 0 0 0 0 0 0 0 0 0 0 0 0 0 0 0 0 0 0 0 0 0 0 0 0 0.0666667 0 0.0666667 0 0 0 0 0 0 0 0 0 0 0 0 0 
10 0 0 0 0.025641 0.102564 0 0 0 0 0 0 0.0769231 0 0 0 0 0 0 0.025641 0 0 0 0 0 0 0 0 0 0 0 0 0 0 0 0 0 0 0 0 0 0 0 0 0 0 0 0 0 0.025641 0 0 0.0512821 0 0 0 0.025641 0 0 0 0.0769231 0 0 0 0 0.025641 0 0.025641 0.179487 0.025641 0 0.025641 0 0 0 0 0 0 0.025641 0 0.179487 0 0 0 0 0 0 0.0512821 0 0 0 0 0.025641 0 0 0 0 0 0.025641 0 0 
11 0 0 0 0 0 0 0 0 0 0.466667 0 0 0 0 0 0 0 0 0.0666667 0 0 0 0 0 0 0 0 0 0 0 0 0 0 0 0 0 0 0 0 0 0 0 0 0.0666667 0 0 0 0.0666667 0 0 0 0 0 0 0 0 0 0 0.0666667 0 0 0 0.0666667 0.0666667 0 0 0 0 0 0 0 0 0 0 0 0 0 0 0 0 0 0 0 0 0 0 0 0 0 0 0 0 0 0 0.133333 0 0 0 0 0 
11 0 0 0 0 0 0.0238095 0 0.0119048 0 0.261905 0.0119048 0 0 0 0 0 0 0 0 0 0 0 0.047619 0 0 0 0 0 0.190476 0 0 0 0 0 0 0 0 0 0 0 0.0357143 0 0 0 0 0 0.0119048 0 0 0 0 0.0238095 0 0 0 0 0 0 0 0 0.0238095 0 0 0 0 0 0 0 0 0 0 0.178571 0 0 0 0 0.0119048 0 0 0 0 0 0 0 0 0.0119048 0 0 0 0.130952 0 0 0 0 0.0238095 0 0 0 0 0 
11 0 0 0 0 0 0 0 0 0 0 0 0 0 0 0 0 0 0 0 0 0 0 0 0 0 0 0.272727 0 0 0.272727 0 0 0 0 0 0 0 0 0 0 0 0 0 0 0 0 0 0.363636 0 0 0 0 0 0 0 0 0 0 0 0 0 0 0 0.0909091 0 0 0 0 0 0 0 0 0 0 0 0 0 0 0 0 0 0 0 0 0 0 0 0 0 0 0 0 0 0 0 0 0 0 0 0 
11 0 0 0 0 0 0 0 0 0 0.0135135 0.148649 0 0 0 0 0 0 0.0135135 0 0 0.027027 0 0 0 0 0 0 0 0 0 0 0 0 0 0 0 0 0 0 0 0 0 0 0 0 0 0 0 0.0945946 0 0 0.0135135 0 0 0 0 0 0 0 0 0 0 0 0 0 0 0 0 0 0 0 0 0 0 0 0 0 0 0 0.405405 0 0 0 0 0 0 0 0 0 0 0 0 0 0 0 0 0.283784 0 0 0 
11 0 0 0 0 0 0 0 0.111111 0 0 0 0 0 0 0 0 0 0 0 0 0 0 0 0 0 0 0 0 0 0 0.111111 0 0 0.111111 0 0 0 0 0 0 0 0 0 0 0 0 0 0 0 0 0 0 0 0.111111 0 0 0 0 0.111111 0 0 0.111111 0 0 0 0 0.111111 0 0 0 0 0 0 0.111111 0 0 0.111111 0 0 0 0 0 0 0 0 0 0 0 0 0 0 0 0 0 0 0 0 0 0 0 
11 0 0 0 0 0 0 0 0 0 0 0 0 0 0 0 0 0 0 0 0 0 0 0 0 0.181818 0 0 0 0 0 0 0 0 0 0 0 0 0 0 0 0 0 0 0 0 0 0 0 0 0 0 0 0 0.181818 0 0 0 0 0 0 0 0 0 0.181818 0 0 0 0 0 0 0 0 0 0 0 0 0 0 0 0 0 0 0 0 0 0.363636 0 0 0 0 0 0 0 0 0.0909091 0 0 0 0 0 
11 0 0 0 0 0 0 0 0 0 0 0 0 0 0 0 0 0 0 0 0 0 0 0 0 0 0 0 0 0 0 0.222222 0 0 0 0 0 0.111111 0 0 0 0 0 0 0 0 0 0 0.222222 0 0 0 0 0 0 0 0 0 0 0 0 0 0 0 0.444444 0 0 0 0 0 0 0 0 0 0 0 0 0 0 0 0 0 0 0 0 0 0 0 0 0 0 0 0 0 0 0 0 0 0 0 0 
11 0 0 0 0 0 0 0 0 0 0 0 0 0 0 0 0 0 0 0 0 0 0 0 0 0 0 0 0 0 0 0.272727 0 0 0 0 0 0.0909091 0 0 0 0 0 0 0 0 0 0 0 0 0 0 0 0 0.272727 0 0 0 0 0 0 0 0.0909091 0 0 0 0 0 0 0 0 0 0 0 0 0 0 0 0 0 0 0 0 0 0 0 0.181818 0 0 0 0 0.0909091 0 0 0 0 0 0 0 0 0 
11 0 0 0 0 0 0 0 0 0 0 0 0 0 0 0 0 0 0 0 0 0 0 0 0 0 0 0 0 0 0 0 0 0 0.111111 0.333333 0 0.111111 0 0 0 0 0 0 0.111111 0 0 0 0.111111 0 0 0 0 0 0 0 0 0 0 0 0 0 0 0 0 0 0 0 0 0 0 0 0 0 0 0 0.111111 0 0 0 0 0 0 0 0 0 0 0 0 0 0 0 0 0 0 0 0 0 0 0.111111 0 
11 0 0 0 0 0 0 0 0 0 0 0 0 0 0 0 0 0 0 0 0 0 0 0 0 0 0 0.0909091 0 0 0 0.181818 0 0 0 0 0 0 0 0 0 0 0 0 0.0909091 0 0 0 0 0 0 0 0 0 0 0 0 0 0 0 0 0 0 0 0.181818 0 0 0 0 0 0 0 0 0 0 0 0 0 0 0 0 0 0 0 0 0 0 0 0 0 0 0 0 0.0909091 0 0.272727 0 0 0 0.0909091 0 
11 0 0 0 0 0 0 0 0 0 0 0 0 0 0.0322581 0 0 0 0 0 0 0 0 0 0 0.0645161 0 0 0 0 0 0.0967742 0 0 0 0 0 0 0 0 0 0 0 0 0 0.0322581 0 0 0.0322581 0 0 0 0 0 0.0322581 0 0 0 0 0 0 0 0 0 0.0322581 0 0 0 0 0.0322581 0 0 0 0 0 0 0 0 0 0.354839 0 0 0 0 0 0 0.0322581 0.0645161 0.0322581 0 0 0 0 0 0 0.0967742 0 0.0645161 0 0 0 
11 0 0 0 0 0 0 0 0 0 0 0 0 0 0 0 0 0 0 0 0 0 0 0 0 0.1 0 0 0 0 0 0 0 0 0 0 0 0.4 0 0 0 0 0 0 0 0 0 0 0 0 0 0 0 0 0 0 0 0 0 0 0 0 0 0 0.2 0 0 0 0 0 0 0.1 0 0 0 0 0 0 0 0 0 0 0 0 0 0 0 0 0 0 0 0.1 0 0 0 0 0 0 0 0.1 0 
11 0 0 0 0 0 0 0 0 0 0 0 0 0 0 0 0 0 0 0 0 0 0 0 0 0 0 0 0 0 0 0.125 0 0 0 0 0 0.125 0 0 0 0 0 0 0 0 0 0 0 0 0 0 0 0 0.375 0 0 0 0 0 0 0 0.125 0 0.125 0 0 0 0 0 0 0 0 0 0 0 0 0 0 0 0 0.125 0 0 0 0 0 0 0 0 0 0 0 0 0 0 0 0 0 0 0 
11 0 0 0 0 0 0 0 0 0 0 0.0555556 0 0 0 0 0 0 0.0555556 0 0 0 0 0 0 0 0.0555556 0 0 0 0 0.0555556 0 0 0 0 0 0 0 0 0 0 0 0 0.0555556 0 0 0 0 0 0 0 0.166667 0 0 0 0.222222 0 0 0 0 0 0 0 0.0555556 0 0 0 0 0 0 0 0 0 0 0 0 0 0 0 0.111111 0 0.0555556 0 0 0 0 0 0 0 0 0.0555556 0 0 0 0.0555556 0 0 0 0 0 
12 0 0 0 0 0 0 0 0 0 0.282051 0.0512821 0 0 0 0 0 0 0 0 0 0 0.025641 0.205128 0 0 0 0 0 0 0 0 0 0 0.025641 0 0 0 0 0 0 0.0769231 0 0 0 0 0 0 0 0.0512821 0 0 0 0 0 0 0 0 0 0.025641 0 0.102564 0 0.025641 0 0 0 0 0 0 0 0 0 0 0 0 0 0 0 0 0 0 0 0 0 0 0 0 0 0 0 0 0 0 0 0 0 0 0 0.128205 0 
12 0 0 0.0307692 0 0 0.0307692 0 0 0 0.0769231 0 0 0 0 0 0 0 0 0 0 0 0 0.0615385 0 0 0 0 0 0.0923077 0 0.0153846 0 0 0 0 0 0 0 0 0 0.230769 0.0307692 0 0 0 0 0 0 0 0 0 0 0 0 0.0923077 0 0 0 0.0153846 0.123077 0.0307692 0 0.0153846 0 0 0 0.0153846 0 0 0 0 0.0461538 0 0 0 0 0 0 0 0 0 0 0 0 0 0.0153846 0 0 0 0.0153846 0 0 0 0 0 0 0 0 0.0615385 0 
12 0 0 0 0 0 0 0 0 0 0 0 0 0 0 0 0 0 0 0 0 0.0909091 0 0 0 0 0 0 0 0 0 0.0909091 0 0 0 0 0 0 0 0 0 0 0 0 0 0 0 0 0 0 0 0 0 0 0 0 0 0 0 0.0909091 0 0 0 0.636364 0 0 0 0 0 0 0 0 0 0 0 0 0 0 0 0 0 0 0 0.0909091 0 0 0 0 0 0 0 0 0 0 0 0 0 0 0 0 0 
12 0 0 0 0.037037 0 0 0 0 0 0 0 0.0740741 0.0740741 0 0 0.111111 0 0 0.185185 0 0 0 0 0.037037 0 0 0 0 0 0 0 0 0 0 0 0 0 0 0 0 0 0 0 0 0 0 0 0 0.037037 0 0 0 0 0 0 0 0 0 0 0 0 0 0 0 0.037037 0 0.037037 0 0 0 0 0 0 0 0 0 0 0 0 0.0740741 0 0.0740741 0 0 0.111111 0 0.0740741 0 0 0 0 0 0 0 0 0 0.037037 0 0 0 
12 0 0 0 0 0 0 0 0 0 0 0.0434783 0.173913 0 0 0 0 0 0.130435 0 0 0 0 0 0 0 0 0 0 0 0 0 0 0 0.0434783 0 0 0.0434783 0 0 0 0 0 0 0 0 0 0 0.0869565 0.0434783 0 0 0 0 0 0 0 0 0 0 0 0 0 0.0869565 0 0 0 0 0 0 0 0 0 0 0 0 0 0 0 0 0 0 0 0 0.173913 0.0869565 0 0 0.0869565 0 0 0 0 0 0 0 0 0 0 0 0 
12 0 0 0 0 0 0 0 0 0 0.0243902 0 0 0 0.0487805 0 0 0 0.0487805 0.097561 0 0 0 0 0 0 0 0 0 0 0 0 0 0 0 0 0 0 0 0 0 0 0 0 0 0 0 0 0 0.121951 0 0 0 0 0 0 0 0 0 0 0 0.0243902 0 0.292683 0 0 0 0.0487805 0.0243902 0 0 0.0243902 0 0 0 0 0 0 0 0 0.0487805 0 0 0 0 0.0243902 0 0 0 0 0 0.0487805 0.0243902 0.0487805 0 0 0 0.0487805 0 0 0 
12 0 0 0 0 0 0 0 0 0 0.170213 0 0 0 0 0 0 0 0 0.0425532 0 0 0 0 0 0 0 0.0212766 0 0 0 0 0 0 0 0 0 0.0212766 0 0 0 0.0638298 0 0 0 0 0 0 0 0.0851064 0 0.0851064 0 0 0 0 0 0 0 0 0 0.0638298 0 0.191489 0 0 0 0.12766 0 0 0 0 0 0 0 0 0 0 0 0 0 0 0 0 0 0 0 0 0 0 0 0.0212766 0 0 0 0 0 0 0 0.106383 0 
12 0.0588235 0 0 0 0 0 0 0.0588235 0 0.147059 0 0 0 0 0 0 0 0 0 0 0 0 0 0 0 0 0 0 0 0 0 0.0294118 0 0 0 0 0 0 0 0 0.0294118 0 0 0 0 0 0 0 0 0 0.0441176 0 0 0 0 0 0 0 0 0 0.0294118 0 0.205882 0 0 0 0.0441176 0 0 0 0 0 0 0 0 0 0.0147059 0 0 0 0 0 0 0 0.0294118 0 0 0 0 0 0.0882353 0 0 0.0294118 0.0147059 0 0.0147059 0 0.0882353 0.0735294 
12 0 0 0 0 0 0 0 0 0 0 0 0 0 0 0 0.03125 0 0 0 0 0.03125 0 0 0 0.03125 0 0.03125 0 0 0 0 0 0 0 0 0 0 0 0 0 0 0 0 0 0 0 0 0.03125 0 0 0.375 0 0 0 0 0 0 0 0 0 0 0 0.09375 0 0.03125 0 0.03125 0 0 0 0 0 0 0 0 0 0 0 0 0 0 0 0 0 0 0 0.15625 0.03125 0 0 0 0 0 0 0 0 0.09375 0 0.03125 0 
12 0 0 0 0 0.03125 0 0 0 0.015625 0.015625 0 0 0 0.03125 0.15625 0 0.015625 0 0.0625 0 0 0 0 0.015625 0 0 0.046875 0 0 0 0 0 0 0 0 0 0.015625 0 0 0 0 0.015625 0 0 0.0625 0 0 0.015625 0.0625 0 0.1875 0 0 0 0 0 0 0 0 0.015625 0 0 0 0 0.015625 0 0.03125 0.015625 0 0 0 0 0.046875 0 0 0 0 0.015625 0 0 0 0 0 0 0 0 0.078125 0 0 0 0 0 0 0 0 0 0.03125 0 0 0 
12 0 0 0 0 0 0 0 0 0 0 0.037037 0 0 0 0 0.037037 0 0 0 0 0 0 0 0 0 0 0.0740741 0 0 0 0 0 0 0 0.037037 0 0 0 0 0 0 0 0 0 0 0 0 0 0.037037 0 0.296296 0 0 0 0 0 0 0 0.037037 0 0 0 0.148148 0 0.0740741 0 0.0740741 0 0 0 0.037037 0 0 0 0 0 0 0 0 0 0 0 0 0 0 0 0.0740741 0 0 0 0 0 0 0 0 0 0 0 0.037037 0 
12 0 0 0 0.0697674 0 0 0 0 0 0.0232558 0 0 0 0.0232558 0 0 0 0 0 0 0.0232558 0 0.0232558 0 0 0 0 0 0 0 0 0 0 0 0 0 0 0 0 0 0 0.0232558 0 0 0.116279 0 0 0 0.0232558 0 0.0930233 0.0232558 0 0 0 0 0 0 0 0 0 0 0.116279 0 0 0 0.139535 0 0 0 0 0 0 0 0 0 0 0.0465116 0 0.0232558 0 0 0 0.0930233 0 0 0.0465116 0.0232558 0 0 0 0.0465116 0.0232558 0 0 0 0 0 0 0 
12 0 0 0 0 0 0 0 0 0 0 0.0434783 0 0 0 0 0 0 0 0 0 0.173913 0 0 0 0 0.0869565 0.0869565 0 0 0 0 0 0 0 0 0 0 0 0 0 0 0 0 0 0 0 0 0.0434783 0.130435 0 0 0 0 0 0 0 0 0 0 0 0.0434783 0 0.0869565 0 0 0 0.130435 0 0 0 0 0 0 0 0 0 0 0 0 0 0 0 0 0 0.0434783 0.0434783 0 0 0 0 0 0 0.0869565 0 0 0 0 0 0 0 
12 0 0 0 0 0 0 0 0 0 0 0 0.0689655 0 0 0 0 0 0 0 0 0 0 0 0 0 0.0344828 0 0 0 0 0 0 0 0 0 0 0 0 0 0 0 0 0 0 0 0 0 0 0.172414 0 0 0.0344828 0 0 0 0 0 0.0344828 0 0 0 0 0.206897 0 0.0344828 0.0344828 0 0.275862 0 0 0.0344828 0 0 0 0 0 0 0 0 0 0 0 0 0 0 0 0 0.0344828 0 0 0 0 0 0 0 0 0 0.0344828 0 0 
13 0.00843882 0.0632911 0.194093 0.00843882 0 0.101266 0.021097 0.0168776 0 0.00421941 0 0 0 0 0.021097 0 0.0379747 0 0 0 0 0 0.0421941 0 0 0 0 0 0.0295359 0 0 0.00421941 0 0 0 0 0 0 0 0 0 0 0 0 0 0 0.0464135 0 0 0.0379747 0 0 0 0 0.0590717 0 0 0 0 0.0675105 0 0 0 0 0 0 0 0 0 0 0 0.0421941 0.0759494 0 0 0 0.0548523 0.0126582 0 0 0 0 0 0 0 0 0 0 0 0.0464135 0 0 0 0 0 0 0 0 0 0.00421941 
13 0 0 0 0 0 0 0 0 0 0 0.06 0 0 0 0 0.02 0 0.08 0 0 0.28 0 0 0 0 0.02 0 0 0 0 0 0 0 0 0 0 0 0 0 0 0.02 0 0 0 0 0 0 0.04 0.04 0 0 0 0 0 0 0.04 0.2 0 0 0 0.02 0 0 0 0 0 0 0 0 0 0 0 0 0 0 0 0 0 0 0 0 0 0.12 0 0 0 0 0.04 0 0 0 0 0 0 0 0 0 0 0.02 0 
13 0 0.0246914 0 0.0123457 0.0123457 0 0 0 0 0 0 0.148148 0 0.246914 0.0123457 0.0123457 0 0.0246914 0.0123457 0 0 0 0 0 0 0 0 0 0 0 0 0 0 0 0 0 0 0 0 0.0123457 0 0 0 0 0.0123457 0 0 0 0 0 0 0 0 0 0 0 0 0 0 0 0 0 0.0123457 0 0 0 0 0.0493827 0.0246914 0 0 0 0 0 0 0 0 0 0.0123457 0.0246914 0 0 0 0 0.037037 0 0.148148 0 0 0 0 0 0 0 0 0 0.160494 0 0 0 
13 0 0 0 0 0 0 0 0 0 0 0 0 0 0 0 0 0 0 0 0 0.133333 0 0 0.0222222 0 0 0 0 0 0 0 0 0 0 0 0 0 0.288889 0 0 0 0 0 0.0222222 0 0 0 0 0 0 0 0 0 0 0 0 0.0222222 0 0 0 0 0 0 0 0 0 0 0 0 0 0 0 0 0 0 0 0 0 0.111111 0 0 0.0222222 0.133333 0 0 0.0222222 0.0444444 0.111111 0 0 0 0.0222222 0 0 0 0 0 0.0444444 0 0 
13 0 0 0 0.0555556 0.0444444 0 0.0444444 0 0.0111111 0 0 0 0 0.133333 0 0 0 0.0666667 0.1 0 0.0111111 0 0 0 0 0 0 0 0 0 0 0 0 0 0 0 0 0 0 0.0111111 0 0 0 0 0 0 0 0 0 0 0 0 0 0 0 0.0111111 0.0111111 0 0 0 0.0111111 0 0 0 0.0111111 0 0 0.0111111 0 0 0.0111111 0 0 0 0 0 0 0 0 0.133333 0 0.0555556 0 0 0.0444444 0 0.0444444 0.0111111 0.0111111 0 0 0 0 0 0 0.0555556 0.0888889 0.0111111 0 0 
13 0 0 0 0 0 0 0 0 0 0 0 0 0 0 0 0 0 0 0 0 0.0740741 0 0 0 0 0 0 0 0 0 0 0 0 0 0 0 0 0.0740741 0 0 0 0 0 0 0 0 0 0 0 0 0 0 0 0 0 0 0.37037 0 0 0 0 0 0 0 0 0 0 0 0 0 0.037037 0 0 0 0 0 0 0 0 0 0 0 0.407407 0 0 0 0 0 0.037037 0 0 0 0 0 0 0 0 0 0 0 
13 0 0.0694444 0 0.0277778 0 0 0.138889 0 0.194444 0 0 0 0 0 0 0 0 0 0 0 0 0 0.00694444 0 0 0 0 0 0.0138889 0 0 0 0.0138889 0 0 0 0 0 0 0 0.0277778 0 0 0 0 0 0.0416667 0 0.0347222 0 0 0 0.0555556 0 0 0 0.0208333 0 0 0.0138889 0.00694444 0 0 0 0 0 0 0 0.0138889 0 0 0.0625 0 0 0 0 0 0 0 0.00694444 0 0.0138889 0 0 0 0 0.0347222 0 0.0138889 0.0694444 0.0902778 0 0 0.0138889 0 0.00694444 0 0 0 0.00694444 
13 0 0 0 0 0 0 0 0 0 0 0 0 0 0 0 0 0 0.113636 0 0 0 0 0 0 0 0 0 0 0 0 0 0 0 0 0 0 0 0.0227273 0 0 0 0 0 0 0 0 0 0 0 0 0 0 0 0 0 0 0.386364 0 0 0 0 0 0 0 0 0 0 0 0 0 0 0 0 0 0 0 0 0 0 0 0 0 0.477273 0 0 0 0 0 0 0 0 0 0 0 0 0 0 0 0 0 
13 0 0.0350877 0 0 0.140351 0 0.289474 0 0 0 0 0 0 0.0175439 0.0263158 0.00877193 0 0 0 0 0 0 0 0.0964912 0 0 0 0 0 0 0 0.00877193 0 0 0 0 0 0 0.00877193 0 0 0 0 0 0 0 0 0 0 0 0 0 0 0 0 0.00877193 0 0 0 0.00877193 0 0 0 0 0 0 0 0.0350877 0 0 0 0 0.00877193 0 0.00877193 0 0 0.00877193 0 0.0701754 0.0175439 0 0 0 0 0 0 0 0.0175439 0 0 0.0175439 0 0 0 0.149123 0 0.0175439 0 0 
13 0 0 0 0 0 0 0 0 0 0 0 0 0 0 0 0 0 0.0238095 0 0 0.119048 0 0 0.047619 0 0 0 0 0 0 0 0 0 0 0 0.0238095 0 0.357143 0 0 0 0 0 0 0 0 0 0 0 0 0 0 0 0 0 0 0.0238095 0 0 0 0 0 0 0 0 0 0 0 0 0 0 0 0 0 0 0 0 0 0 0 0 0 0.333333 0 0 0 0 0.0714286 0 0 0 0 0 0 0 0 0 0 0 0 
13 0 0.0227273 0 0.00757576 0.212121 0.00757576 0.204545 0 0.00757576 0.0151515 0 0 0 0.00757576 0.00757576 0.0151515 0.00757576 0 0.0151515 0 0 0 0.0151515 0.0378788 0 0 0 0 0 0 0 0 0 0 0 0 0 0 0 0 0 0 0 0 0.00757576 0 0.0151515 0 0 0 0 0 0 0 0 0 0 0 0 0.0984849 0 0 0 0 0 0 0 0.030303 0.0454545 0 0 0 0 0 0 0 0 0.030303 0 0.0227273 0 0 0 0 0 0 0.0227273 0 0 0.00757576 0.0151515 0 0 0 0 0.0757576 0.0378788 0.00757576 0 0 
13 0 0 0 0 0 0 0 0 0 0 0 0 0 0 0 0.037037 0 0.0925926 0 0 0.0555556 0 0 0.037037 0 0 0 0 0 0 0 0 0 0 0.0185185 0 0 0.0740741 0 0.0555556 0 0 0 0 0 0 0 0 0 0 0 0 0 0 0 0 0.203704 0 0 0 0 0 0 0 0 0 0 0 0 0 0 0 0 0 0 0 0 0.0185185 0 0 0 0.0185185 0.166667 0 0 0 0 0.0925926 0 0 0 0 0 0 0 0 0.037037 0.0925926 0 0 
13 0 0.00990099 0 0.039604 0.188119 0 0.00990099 0 0.019802 0 0 0 0 0.108911 0.029703 0 0 0 0 0 0.00990099 0 0 0 0 0 0 0 0 0 0 0 0 0 0 0 0 0 0 0 0 0 0 0 0.049505 0 0 0 0 0 0 0 0 0 0 0 0 0 0 0 0 0 0 0 0 0 0 0 0.148515 0 0 0 0 0 0 0 0 0 0 0.267327 0.00990099 0 0.00990099 0 0 0 0.029703 0 0 0 0 0 0 0 0 0.039604 0.029703 0 0 0 
13 0 0 0 0 0 0 0 0 0 0 0 0 0 0 0 0 0 0 0 0 0.0833333 0 0 0 0 0 0 0 0 0 0 0 0 0 0 0 0 0.388889 0 0 0 0 0 0 0 0 0 0 0 0 0 0 0 0 0 0 0 0 0 0 0 0 0 0 0 0 0 0 0 0 0 0 0 0 0 0 0 0 0 0 0 0.0555556 0.333333 0 0 0 0 0.0555556 0 0 0 0 0 0 0 0 0 0.0833333 0 0 
14 0 0 0 0 0 0 0 0 0 0.32 0 0 0 0 0 0 0 0 0.06 0 0 0 0 0 0 0 0 0 0 0 0 0 0 0 0 0 0.02 0 0 0 0 0 0 0 0 0 0 0 0 0 0 0 0 0 0 0 0 0 0 0 0.18 0 0.2 0.02 0 0.02 0.06 0 0 0 0 0 0 0 0 0 0 0 0 0 0 0 0 0 0.02 0 0 0 0 0 0.04 0 0.02 0 0 0 0 0 0.04 0 
14 0 0.00546448 0 0 0.0327869 0.0163934 0.0601093 0.00546448 0.0218579 0.00546448 0 0.0437158 0 0 0.0218579 0 0.0491803 0 0.010929 0 0 0 0.0382514 0 0 0 0 0 0.0163934 0 0 0.10929 0 0 0 0 0 0 0 0 0 0 0 0 0 0 0.0765027 0 0.0273224 0 0 0 0.00546448 0 0 0 0 0 0 0.0546448 0 0 0 0 0 0 0 0.00546448 0.0163934 0 0 0.0819672 0 0 0 0 0.0163934 0 0 0 0 0 0 0 0.0327869 0 0.010929 0 0 0.202186 0 0 0 0 0 0.0327869 0 0 0 0 
14 0 0 0 0 0 0 0 0 0 0 0 0 0 0 0 0 0 0 0 0 0 0 0 0 0 0 0.111111 0 0 0.777778 0 0 0 0 0.111111 0 0 0 0 0 0 0 0 0 0 0 0 0 0 0 0 0 0 0 0 0 0 0 0 0 0 0 0 0 0 0 0 0 0 0 0 0 0 0 0 0 0 0 0 0 0 0 0 0 0 0 0 0 0 0 0 0 0 0 0 0 0 0 0 0 
14 0 0 0 0 0 0 0.00746269 0 0 0 0 0.261194 0.0298507 0 0 0 0 0 0 0 0 0 0 0 0 0 0 0 0 0 0 0.11194 0.00746269 0 0 0 0 0 0 0 0 0 0 0 0 0 0 0 0 0 0 0 0.470149 0 0 0 0 0 0 0 0 0 0 0 0 0 0 0 0 0 0 0 0 0 0 0 0 0 0 0 0 0 0 0.00746269 0.104478 0 0 0 0 0 0 0 0 0 0 0 0 0 0 0 
14 0 0 0 0 0 0 0 0 0 0 0 0 0.0833333 0 0 0 0 0 0 0 0 0 0 0 0 0 0 0 0 0 0.0833333 0 0 0.166667 0 0 0.0833333 0 0 0 0 0 0 0 0 0.166667 0 0 0 0 0 0 0 0 0 0 0 0.0833333 0.0833333 0 0 0.166667 0 0 0 0 0 0 0 0 0 0 0 0 0 0 0 0 0 0 0 0 0 0 0 0.0833333 0 0 0 0 0 0 0 0 0 0 0 0 0 0 
14 0 0 0 0 0 0 0 0 0 0 0 0 0 0 0 0 0 0 0 0 0 0 0 0 0 0.0588235 0 0 0 0 0.117647 0 0 0.0588235 0 0 0 0.176471 0 0 0 0 0 0 0 0 0 0 0 0 0 0.117647 0 0 0 0 0 0 0 0 0 0 0 0 0 0 0 0 0 0 0 0 0 0 0 0 0 0 0 0 0 0 0 0 0 0.176471 0.117647 0.0588235 0 0 0 0 0 0 0 0 0.117647 0 0 0 
14 0 0 0 0 0 0 0 0 0 0 0 0 0 0 0 0 0 0 0 0 0 0 0 0 0 0 0.111111 0 0 0.222222 0 0 0 0 0 0 0 0 0 0 0 0 0 0 0 0 0 0 0 0 0 0 0 0 0 0 0 0 0 0 0 0 0 0.222222 0 0 0 0 0 0 0 0 0 0 0 0 0 0 0 0 0 0 0 0.333333 0.111111 0 0 0 0 0 0 0 0 0 0 0 0 0 0 0 
14 0 0 0 0 0 0 0 0 0 0 0 0 0 0 0 0 0 0 0 0 0 0 0 0 0 0 0 0 0 0 0.125 0 0 0 0.125 0 0 0 0 0 0 0 0 0 0 0 0 0 0 0 0 0 0 0 0 0 0 0 0 0 0 0 0 0.625 0 0 0 0 0 0 0 0 0 0 0 0 0 0 0 0 0 0 0 0 0 0 0 0 0 0 0 0 0 0 0 0 0 0 0.125 0 
14 0 0 0 0 0 0 0 0 0 0 0 0 0 0 0 0 0 0 0.1 0 0 0 0 0 0.1 0 0 0 0 0 0.1 0.1 0 0 0.1 0 0.1 0 0 0 0 0 0 0 0 0 0 0.1 0 0 0 0 0 0.1 0 0 0 0 0 0 0 0 0 0 0 0 0 0 0 0 0 0 0 0.1 0 0 0 0 0 0 0 0 0 0 0 0 0 0 0 0 0 0 0 0 0 0 0 0 0.1 0 
14 0 0 0 0 0 0 0 0 0 0 0 0 0 0 0 0 0 0 0 0 0 0 0 0 0 0 0 0 0 0 0.4 0 0 0 0 0 0.1 0 0 0 0 0 0 0 0 0 0 0 0 0 0 0 0 0 0 0 0 0 0 0 0 0 0 0.5 0 0 0 0 0 0 0 0 0 0 0 0 0 0 0 0 0 0 0 0 0 0 0 0 0 0 0 0 0 0 0 0 0 0 0 0 
14 0 0 0 0 0 0 0 0 0 0 0.214286 0 0 0 0 0 0 0.0714286 0 0 0.142857 0 0 0 0 0 0 0 0 0 0 0 0 0 0 0 0 0 0 0 0 0 0 0 0 0 0 0.0714286 0 0 0 0.0714286 0 0 0 0 0 0 0 0 0.214286 0 0 0.0714286 0 0 0 0 0 0 0 0 0 0 0 0 0 0 0 0 0 0 0 0 0 0 0 0 0 0 0 0 0 0 0.142857 0 0 0 0 0 
14 0 0 0 0.101695 0 0 0 0 0 0 0 0 0 0 0 0 0 0 0 0 0 0 0.0508475 0.0169492 0.0169492 0 0 0 0 0 0 0 0 0 0 0 0 0 0 0 0 0.101695 0 0 0.0508475 0 0 0 0 0 0 0.0338983 0 0 0 0.237288 0 0 0 0 0 0 0 0 0 0 0 0 0 0 0 0 0 0 0 0 0 0.0338983 0 0 0 0 0 0 0 0 0 0 0 0 0 0.355932 0 0 0 0 0 0 0 0 
14 0 0 0 0 0 0 0 0 0 0 0 0 0 0 0 0 0 0 0 0 0 0 0 0 0 0 0.272727 0 0 0 0 0 0 0 0.272727 0 0 0 0 0 0 0 0 0 0 0 0 0 0 0 0 0 0 0 0 0 0 0 0 0 0 0 0 0.272727 0 0 0.0909091 0 0 0 0 0 0 0 0 0.0909091 0 0 0 0 0 0 0 0 0 0 0 0 0 0 0 0 0 0 0 0 0 0 0 0 
14 0 0 0 0 0 0 0 0 0 0.0666667 0 0 0 0 0 0 0 0 0 0 0 0 0 0 0 0 0 0 0 0 0 0 0 0 0 0 0 0 0 0 0.0666667 0 0 0 0 0 0 0.0666667 0.0666667 0 0 0 0 0 0 0 0 0 0 0 0 0 0.4 0.2 0 0 0 0 0 0 0 0 0 0 0 0 0 0 0 0 0 0 0 0 0 0 0 0 0 0 0 0 0 0 0.0666667 0 0 0 0.0666667 0 
15 0 0 0 0 0 0.0285714 0 0 0 0.0857143 0.0571429 0 0 0 0.0857143 0 0.0285714 0 0.0571429 0 0 0 0.0285714 0 0 0 0 0 0.0857143 0 0 0 0 0 0 0 0 0 0 0 0.0285714 0.0571429 0 0 0 0 0 0 0 0 0 0 0 0 0.0857143 0 0 0 0 0.228571 0 0 0 0 0 0 0 0 0 0 0 0 0 0.0285714 0 0 0 0.114286 0 0 0 0 0 0 0 0 0 0 0 0 0 0 0 0 0 0 0 0 0 0 
15 0 0 0.02 0 0 0.04 0 0 0 0.08 0 0 0 0 0.06 0 0.02 0 0.04 0 0 0 0.1 0 0 0 0 0 0.02 0 0 0 0 0 0 0 0 0 0 0 0 0.04 0 0 0 0 0 0 0.02 0 0 0 0 0 0.1 0.04 0 0 0 0.08 0.04 0 0 0 0 0 0 0 0.06 0 0 0 0 0 0 0 0 0.18 0 0 0 0 0 0 0 0 0.04 0 0 0 0 0 0 0 0 0 0 0 0.02 0 
15 0 0 0 0 0 0 0 0 0 0 0 0 0 0.05 0 0 0 0 0.1 0 0 0 0 0 0.05 0.1 0 0 0 0 0 0 0 0 0 0 0 0.1 0 0 0 0 0 0 0 0 0 0 0 0 0 0 0 0 0 0.05 0 0 0 0 0 0 0 0 0.05 0 0 0 0 0 0.05 0 0 0 0 0 0 0 0 0 0 0.2 0 0 0 0 0 0.05 0 0 0 0 0.15 0 0 0 0 0.05 0 0 
15 0 0 0 0 0 0 0 0 0 0 0 0 0 0.0909091 0 0 0 0 0 0 0.0454545 0 0 0 0.0454545 0 0 0 0 0 0 0 0 0 0 0 0 0 0 0 0 0 0 0 0 0 0 0 0 0 0 0 0 0 0 0.0454545 0 0 0 0 0 0 0.0454545 0 0.0909091 0 0 0 0 0 0.0454545 0 0 0 0 0 0 0 0 0 0 0.227273 0.0454545 0 0 0 0 0.0454545 0 0 0 0 0.181818 0 0 0 0 0.0909091 0 0 
15 0 0 0 0.16 0 0 0 0 0 0.04 0.12 0 0 0 0 0 0 0.08 0 0 0 0 0 0 0 0.08 0 0 0 0 0 0 0 0 0 0 0 0 0 0 0 0 0 0 0 0 0 0 0.04 0 0 0 0 0 0 0.04 0 0 0 0 0 0 0 0 0.04 0 0 0 0 0 0 0 0 0 0 0 0 0 0 0 0 0.12 0 0 0 0.04 0 0.04 0 0 0 0 0.2 0 0 0 0 0 0 0 
15 0 0 0 0.09375 0 0 0 0 0 0.09375 0 0 0 0 0 0 0 0.125 0 0 0.09375 0 0.15625 0 0 0 0 0 0 0 0 0 0 0 0 0 0 0 0 0 0 0 0 0 0.0625 0 0 0 0.125 0 0 0 0 0 0 0.03125 0 0 0 0 0 0 0 0 0.0625 0 0 0 0 0 0.03125 0 0 0 0 0 0 0.03125 0 0 0 0 0 0 0 0.03125 0 0 0 0 0 0.0625 0 0 0 0 0 0 0 0 
15 0.306452 0 0 0 0 0 0 0 0 0.0806452 0 0 0 0 0 0 0 0 0.016129 0 0 0 0 0 0 0 0 0 0.016129 0 0 0 0 0 0.016129 0 0 0 0 0 0.016129 0 0 0 0 0 0 0 0.0322581 0 0 0 0 0 0 0 0 0 0 0 0 0 0 0 0 0 0 0 0 0 0 0 0 0 0 0 0.145161 0 0 0 0 0 0 0 0 0 0 0 0 0 0.145161 0 0 0.0483871 0 0 0 0 0.0322581 0.145161 
15 0.0140845 0.028169 0 0 0 0 0.084507 0 0 0.0422535 0 0 0 0 0 0.0140845 0 0.028169 0.0422535 0 0 0 0 0.0140845 0 0 0 0 0 0 0 0 0 0 0 0 0 0 0 0 0.028169 0 0 0.0140845 0 0 0 0 0 0 0 0 0 0 0 0 0 0 0 0.0422535 0 0 0.084507 0 0 0 0 0 0 0 0 0.0704225 0 0 0 0 0.0140845 0 0.0140845 0 0 0 0 0 0 0 0 0 0 0.056338 0.028169 0 0.028169 0 0 0 0 0 0.028169 0.323944 
15 0 0 0.0465116 0 0.0465116 0 0 0 0 0 0.0232558 0.0232558 0 0 0.116279 0 0.0232558 0 0 0 0 0 0 0 0 0 0 0 0 0 0 0 0 0 0 0 0 0 0 0 0 0 0 0 0.162791 0 0 0 0.0232558 0.0930233 0 0 0 0 0 0 0 0 0.0232558 0.0232558 0 0 0 0 0 0 0 0 0 0 0 0 0.0697674 0 0 0 0 0.255814 0 0 0 0 0 0 0.0232558 0 0 0 0 0 0 0 0 0 0 0.0465116 0 0 0 0 
15 0 0 0 0 0 0 0 0 0 0 0 0 0 0 0 0 0 0.025 0.2 0 0 0 0.075 0 0 0 0 0 0 0 0 0 0 0 0 0 0 0 0 0 0 0.025 0 0 0.2 0 0 0 0.025 0.3 0 0.05 0 0 0 0.025 0 0 0 0 0 0 0 0 0 0 0 0 0 0 0 0 0 0 0 0 0 0 0 0 0 0 0 0 0 0 0 0 0 0 0 0 0.075 0 0 0 0 0 0 0 
15 0 0 0 0.170732 0 0 0 0 0 0 0.0487805 0 0 0 0 0 0 0 0 0 0 0 0.097561 0 0 0 0 0 0 0 0 0 0 0 0 0 0 0 0 0 0 0.0487805 0 0 0 0 0 0 0.121951 0.365854 0 0 0 0 0 0.0243902 0 0 0 0 0 0 0 0 0.0243902 0 0 0 0 0 0 0 0 0.0243902 0 0 0 0 0 0 0 0 0 0 0 0 0 0 0 0 0 0.0487805 0 0 0.0243902 0 0 0 0 0 
15 0 0 0 0.0833333 0 0 0 0 0 0.111111 0.0833333 0 0 0 0 0 0 0 0 0 0 0 0.277778 0 0.0277778 0.0277778 0 0 0 0 0 0 0 0 0 0 0 0 0 0 0 0.0555556 0 0 0 0 0 0 0.0555556 0 0 0 0 0 0 0.166667 0 0 0 0 0 0 0 0 0.0277778 0 0 0 0 0 0 0 0 0 0 0 0 0.0277778 0 0 0 0 0 0 0 0 0 0 0 0 0 0.0277778 0.0277778 0 0 0 0 0 0 0 
15 0 0 0 0.173913 0 0 0 0.0869565 0 0.0434783 0.0869565 0 0 0 0 0 0 0 0 0 0 0 0 0 0.0434783 0.0434783 0 0 0 0 0 0 0 0 0 0 0 0 0 0 0.0434783 0 0 0 0 0 0 0 0.217391 0 0 0 0 0 0 0.0434783 0 0 0 0 0 0 0 0 0.0434783 0 0 0 0 0 0 0 0 0 0 0 0 0 0 0 0 0.0869565 0 0 0 0 0.0434783 0 0 0 0 0 0.0434783 0 0 0 0 0 0 0 
15 0 0 0 0 0 0 0 0 0 0 0.142857 0 0 0 0 0 0 0 0 0 0.047619 0 0.047619 0 0 0 0 0 0 0 0 0 0 0 0 0 0 0 0 0 0 0 0 0 0 0 0 0 0.238095 0 0 0 0 0 0 0.047619 0.047619 0 0 0 0 0 0 0 0.047619 0 0 0 0 0 0 0 0 0 0 0 0 0 0 0.047619 0 0.0952381 0 0 0 0 0 0 0 0 0.047619 0 0.142857 0 0 0 0 0.047619 0 0 
16 0 0 0 0 0 0 0 0 0 0.0222222 0 0 0 0 0.111111 0 0 0 0 0 0 0.0222222 0.155556 0 0 0 0 0 0.133333 0 0 0 0 0 0 0 0 0 0 0 0.0444444 0.133333 0 0 0 0 0 0 0.0222222 0 0 0 0 0 0 0 0 0 0.0222222 0.155556 0 0 0.0666667 0 0 0 0.0222222 0 0 0 0 0 0 0 0 0 0 0 0 0 0 0 0 0 0.0222222 0 0 0 0 0.0444444 0 0 0 0 0.0222222 0 0 0 0 0 
16 0 0 0 0 0 0 0 0 0 0.155556 0.0444444 0 0 0 0 0 0 0 0 0 0 0 0.133333 0 0 0 0 0 0.111111 0 0 0 0 0 0 0 0 0 0 0 0 0.0888889 0 0 0 0 0 0 0 0 0 0 0 0 0.0888889 0 0 0 0 0.222222 0 0 0 0 0 0 0 0 0 0 0 0.111111 0 0 0 0 0 0.0222222 0 0 0 0 0 0 0 0 0 0 0 0.0222222 0 0 0 0 0 0 0 0 0 0 
16 0 0 0 0.16 0 0 0 0 0 0 0 0 0 0 0 0 0 0 0 0 0 0 0 0.04 0 0.04 0 0 0 0 0 0 0 0 0 0 0 0 0.04 0 0 0 0 0 0 0 0 0 0.08 0 0 0 0 0 0 0 0 0 0 0 0 0 0 0 0.08 0.04 0.08 0 0 0 0 0 0 0 0 0 0 0.04 0 0.08 0 0 0 0 0 0 0.12 0 0 0 0 0 0 0 0 0 0.12 0.08 0 0 
16 0 0 0 0 0 0 0 0 0 0 0.0625 0.1875 0.0625 0 0 0 0 0 0 0 0 0 0 0.1875 0 0.0625 0 0 0 0 0 0 0 0 0 0 0 0 0 0 0 0 0 0 0 0 0 0 0 0 0 0.125 0 0 0 0 0 0.0625 0 0 0 0 0 0 0 0 0 0.125 0 0 0 0 0 0 0 0 0 0 0 0 0 0 0 0 0.0625 0 0 0 0 0 0 0 0.0625 0 0 0 0 0 0 0 
16 0 0 0 0 0 0 0 0 0 0.214286 0.142857 0 0 0 0 0 0 0 0 0 0.214286 0 0 0 0 0 0 0 0 0 0 0 0 0 0 0 0 0 0 0 0 0 0 0 0 0 0 0 0.0714286 0 0 0 0 0 0 0 0 0 0 0 0 0 0.0714286 0 0.0714286 0 0 0 0 0 0.0714286 0 0 0 0 0 0 0 0 0 0 0 0 0 0 0 0 0 0 0 0 0 0 0 0.142857 0 0 0 0 0 
16 0 0 0 0.047619 0 0 0 0 0 0.190476 0.285714 0 0 0 0 0 0 0 0 0 0 0 0 0 0 0.047619 0 0 0 0 0 0 0 0 0 0 0 0 0 0 0 0.047619 0 0 0.047619 0 0 0 0.047619 0 0 0 0 0 0 0 0 0 0 0 0 0 0 0 0 0 0 0 0 0 0.142857 0 0 0 0 0 0 0 0 0 0 0 0 0 0 0 0 0.0952381 0 0 0 0 0 0 0 0 0 0 0.047619 0 
16 0 0 0 0 0 0 0 0 0 0.116667 0 0 0 0 0 0 0 0 0 0 0 0 0 0.0666667 0 0 0 0 0 0 0 0 0 0 0 0 0 0 0 0 0.0166667 0 0 0.0166667 0 0 0 0 0 0 0 0 0 0 0 0.0333333 0 0.0166667 0 0 0.116667 0 0 0 0 0 0 0.0166667 0 0 0 0 0 0 0 0 0.0333333 0 0 0 0 0 0 0 0.0166667 0 0 0 0 0 0.233333 0 0 0.166667 0 0 0 0 0.0666667 0.0833333 
16 0 0 0 0 0 0 0 0 0 0.0759494 0 0 0.0759494 0 0 0 0 0 0.0253165 0 0 0 0 0.0379747 0 0 0 0 0 0 0 0.0632911 0.0126582 0 0 0 0 0 0 0 0.0126582 0 0 0 0 0 0 0 0.0126582 0 0 0.0126582 0.126582 0 0 0 0 0 0 0 0.0126582 0 0.0126582 0 0 0 0 0.0126582 0 0 0 0.0379747 0 0 0 0 0.139241 0 0 0.0379747 0 0 0 0 0.0379747 0 0 0 0 0 0.0379747 0 0 0.164557 0 0 0 0 0.0506329 0 
16 0 0 0 0 0 0 0 0 0 0 0.0434783 0 0 0 0 0 0 0 0.26087 0 0 0 0 0 0.0434783 0 0 0 0 0 0 0 0 0 0 0 0 0 0 0 0 0 0 0 0 0 0 0 0.217391 0 0 0 0 0 0 0.0869565 0 0 0 0 0 0 0 0 0 0 0 0 0 0 0 0 0 0 0 0 0 0.130435 0 0 0 0 0 0 0 0 0 0 0 0 0 0 0.173913 0 0.0434783 0 0 0 0 0 
16 0 0.137931 0 0.0344828 0 0 0 0 0 0 0.0344828 0 0 0 0.0344828 0 0 0 0 0 0 0 0 0 0 0 0 0 0 0 0 0 0 0.0344828 0 0 0 0 0 0 0 0.0344828 0 0 0.0689655 0 0 0 0 0 0 0.0344828 0 0 0 0 0 0 0 0 0 0 0 0 0 0 0 0.172414 0 0 0 0 0.103448 0 0 0 0 0.103448 0 0.0344828 0 0 0 0.0344828 0.0689655 0 0 0 0 0 0 0.0344828 0 0 0.0344828 0 0 0 0 0 
16 0 0 0.0222222 0.2 0 0 0 0 0 0.0222222 0.133333 0 0 0 0 0 0 0 0 0 0 0 0.111111 0 0.0222222 0 0 0 0 0 0 0 0 0 0 0 0 0 0 0 0 0.0222222 0 0 0.0222222 0 0 0 0.0222222 0 0 0 0 0 0.0444444 0.0444444 0 0 0 0.133333 0 0 0 0 0 0 0 0 0 0 0 0 0 0 0 0 0 0.0444444 0 0 0 0 0 0 0 0 0 0 0 0.0888889 0 0.0666667 0 0 0 0 0 0 0 0 
16 0 0 0.0357143 0.25 0.0178571 0 0 0 0 0 0.0535714 0 0 0 0.0535714 0 0.0178571 0 0 0 0 0 0.0714286 0 0.0357143 0 0 0 0 0 0 0 0 0 0 0 0 0 0 0 0 0.0178571 0 0 0 0 0 0 0.0178571 0.160714 0 0 0 0 0 0.0178571 0 0 0 0.0892857 0 0 0 0 0.0178571 0 0 0 0 0 0.0178571 0 0 0 0 0 0 0.0535714 0 0 0 0 0 0 0 0 0 0 0 0 0 0.0535714 0.0178571 0 0 0 0 0 0 0 
16 0 0 0 0 0 0 0 0 0 0.0588235 0.117647 0 0 0 0 0 0 0 0.235294 0 0 0 0 0 0 0.117647 0 0 0 0 0 0 0 0 0 0 0 0 0 0 0 0 0.0588235 0 0 0 0 0.0588235 0.294118 0 0 0 0 0 0 0 0 0 0 0 0 0 0 0 0 0 0 0.0588235 0 0 0 0 0 0 0 0 0 0 0 0 0 0 0 0 0 0 0 0 0 0 0 0 0 0 0 0 0 0 0 0 
16 0 0 0 0 0 0 0 0 0 0.0588235 0.176471 0 0 0 0 0 0 0 0.235294 0 0.0588235 0 0 0 0 0.176471 0 0 0 0 0 0 0 0 0 0 0 0 0 0 0 0 0.0588235 0 0 0 0 0 0.176471 0 0 0 0 0 0 0 0 0 0 0 0 0 0 0 0.0588235 0 0 0 0 0 0 0 0 0 0 0 0 0 0 0 0 0 0 0 0 0 0 0 0 0 0 0 0 0 0 0 0 0 0 0 
