50
0 0 0 0 0 0 0 0 1 0 0 0 0 0 0 0 0 0 0 0 0 0 0 0 0 0 0 0 0 0 0 0 0 0 0 0 0 0 0 0 0 0 0 0 0 1 0 0 0 0 0 0 0 0 1 0 0 0 0 0 0 0 0 1 0 0 0 0 0 0 0 0 0 0 0 1 0 14 0 0 74 0 0 0 15 0 1 0 0 0 0 0 0 1 0 15 0 0 0 71 0 0 14 0 0 0 0 0 0 0 0 0 0 14 0 0 0 73 0 0 15 0 1 0 0 0 76 0 0 1 0 15 0 0 0 72 0 0 14 0 0 0 0 0 
33 21 15 11 9 8 7 5 4 4 4 4 4 4 4 4 3 5 0 6 7 6 7 5 5 4 5 5 6 6 6 9 13 15 22 33 32 18 15 13 11 7 5 5 5 5 5 5 6 6 5 5 7 9 8 4 4 3 4 4 4 5 4 4 5 6 7 11 13 14 18 33 39 23 14 9 7 5 4 4 3 2 2 2 2 1 2 1 2 1 0 2 2 2 2 2 2 2 2 3 3 4 4 6 8 12 20 35 32 15 11 9 6 4 3 3 2 2 2 2 2 2 2 1 2 2 2 2 1 1 1 2 2 2 2 3 3 3 5 8 10 12 19 35 
32 22 16 12 11 11 10 6 5 3 3 4 3 3 3 4 5 7 0 6 5 4 4 3 3 3 3 4 5 6 6 8 13 18 21 32 31 19 15 14 10 8 5 5 4 5 4 4 4 3 3 5 5 12 18 6 4 3 2 3 1 3 4 5 7 6 11 13 14 13 19 31 37 23 13 8 5 4 3 3 2 1 1 1 1 1 1 1 1 2 0 2 2 2 2 2 2 2 2 3 3 4 5 6 10 17 24 38 34 18 14 10 6 5 3 3 2 3 2 2 2 2 2 2 2 2 4 1 1 1 1 1 1 1 1 2 3 3 5 7 10 11 18 33 
25 20 14 8 6 4 4 3 3 1 2 2 2 2 4 4 3 3 0 3 3 3 3 2 3 3 3 3 4 4 7 7 9 14 19 24 29 19 15 10 10 6 4 5 3 3 3 4 4 3 3 3 3 3 3 5 3 3 2 2 2 2 2 4 3 4 5 9 10 14 18 29 36 27 15 8 5 3 3 2 2 1 1 1 1 1 1 2 1 1 0 1 1 1 1 2 2 2 2 3 3 4 6 6 10 18 28 36 33 22 16 10 7 5 4 3 3 2 2 2 2 1 1 1 1 1 1 1 1 1 1 1 1 1 1 2 2 3 3 5 9 14 20 32 
27 16 10 8 5 4 3 3 2 1 1 2 2 2 2 3 5 8 0 6 6 3 2 2 2 2 2 3 4 4 4 5 9 10 16 26 25 15 9 7 6 4 4 3 3 3 2 2 2 2 3 3 8 8 7 4 3 2 1 1 2 2 2 2 3 3 5 6 7 10 15 26 37 21 12 8 5 4 3 3 2 2 1 1 1 1 1 2 2 2 0 2 2 2 1 2 2 2 2 3 3 3 4 7 10 13 24 39 35 24 13 9 6 4 4 3 2 2 2 2 2 1 2 2 2 2 2 2 2 1 1 1 2 2 2 2 3 3 4 5 8 12 21 34 
34 17 11 7 6 3 3 4 3 2 3 2 3 3 4 5 6 5 0 5 5 2 2 2 3 3 3 5 3 4 5 5 7 10 16 34 35 17 9 7 6 6 5 4 4 4 4 5 3 6 4 3 3 8 4 6 4 3 4 2 3 3 3 3 4 5 6 7 8 11 17 36 54 22 12 8 5 3 2 2 2 1 1 1 1 1 1 1 1 1 0 1 1 1 1 1 2 2 2 3 3 3 5 6 7 11 20 51 48 20 10 7 6 4 3 3 2 2 2 2 1 1 1 1 1 1 2 1 1 1 1 1 2 2 1 2 2 3 4 5 7 11 20 50 
25 18 16 10 7 6 5 3 3 1 2 2 2 3 3 3 3 4 0 5 4 2 3 2 3 3 3 4 4 5 6 7 9 14 19 23 31 20 13 11 8 6 5 4 4 4 4 3 3 3 2 4 5 4 4 4 2 2 2 2 2 2 3 4 4 5 6 10 10 12 17 31 32 23 15 8 5 4 3 2 2 1 1 1 1 1 1 1 1 1 0 1 1 1 1 2 2 2 2 3 3 4 6 7 11 18 27 33 37 25 15 10 7 5 4 3 3 3 2 2 1 1 1 1 1 1 1 1 1 1 1 1 1 1 1 2 2 3 4 6 8 10 17 34 
0 0 0 0 0 0 0 0 3 0 0 0 1 0 1 0 0 0 0 0 0 1 0 2 0 0 0 10 0 0 2 0 1 0 0 0 0 0 0 1 0 2 0 0 0 9 0 0 1 0 1 0 0 0 15 0 0 1 0 1 0 0 0 3 0 0 0 0 0 0 0 0 0 0 0 8 0 11 0 0 24 0 0 0 8 0 3 0 0 0 0 0 0 6 0 12 0 0 0 42 0 0 13 0 9 0 0 0 0 0 0 8 0 12 0 0 0 40 0 0 11 0 8 0 0 0 226 0 0 5 0 8 0 0 0 22 0 0 8 0 6 0 0 0 
27 16 12 9 6 4 4 3 3 2 2 2 1 3 2 3 6 4 0 4 3 3 2 2 2 3 3 3 4 4 5 6 8 11 17 26 23 16 11 8 6 5 5 4 4 3 3 3 3 3 3 3 3 6 10 3 3 2 2 2 2 3 2 3 3 4 5 7 9 11 15 25 37 22 14 9 6 4 3 2 2 2 2 1 1 1 1 1 1 1 0 1 1 1 1 1 2 2 2 3 3 4 5 7 10 14 26 38 32 23 13 9 6 5 4 3 2 2 2 2 1 1 1 1 1 1 2 1 1 1 1 1 1 1 2 2 3 3 4 6 8 12 20 32 
26 18 16 16 8 9 9 8 5 6 7 6 4 3 4 4 7 7 0 5 7 6 7 10 12 12 10 7 7 6 6 9 16 14 19 25 25 16 16 14 9 8 6 7 6 11 10 10 8 7 8 6 5 4 11 6 4 3 3 3 5 6 6 7 7 7 8 10 11 20 17 26 26 17 12 9 5 4 4 3 3 2 2 2 2 1 2 2 2 2 0 2 3 3 4 5 6 6 5 4 4 5 5 8 12 13 19 26 27 17 15 11 7 6 5 5 4 6 5 5 4 3 3 2 2 2 3 2 2 1 1 2 2 2 2 2 3 3 4 5 6 13 15 26 
34 18 12 8 6 4 3 3 3 2 1 1 1 1 1 1 3 2 0 4 2 2 3 3 2 3 3 3 3 3 4 5 6 12 20 34 30 15 12 9 6 4 3 3 2 2 2 2 3 4 3 2 3 7 5 3 1 1 1 1 1 2 2 2 2 4 5 7 8 11 14 30 50 23 13 8 5 3 2 2 2 1 1 1 1 1 1 1 1 0 0 1 1 1 1 1 1 1 2 2 3 3 4 5 8 14 27 52 43 21 13 8 5 4 3 2 2 2 1 1 1 1 1 1 1 1 1 0 0 1 0 1 1 1 1 2 2 3 4 5 7 12 19 41 
25 19 13 11 7 6 4 3 2 2 3 2 2 1 2 2 3 3 0 2 2 2 1 2 2 2 2 3 3 4 4 6 8 13 19 27 32 18 12 10 8 5 3 3 2 2 3 2 2 2 2 2 2 1 4 1 3 3 2 2 2 2 2 3 4 6 6 8 10 12 18 30 37 26 15 10 6 4 3 2 2 2 2 1 1 1 1 1 1 1 0 1 1 1 1 1 1 2 1 2 2 3 4 5 8 14 25 38 39 23 13 9 6 3 3 2 2 2 1 1 1 1 1 1 1 1 1 1 1 1 1 1 1 1 2 2 3 3 5 6 10 14 23 38 
32 18 12 10 7 6 5 4 4 3 3 3 4 3 3 3 3 5 0 3 4 4 4 3 4 4 4 5 5 5 6 6 9 12 19 32 29 16 12 9 8 6 6 6 5 5 4 4 3 4 3 4 4 4 5 3 3 3 3 3 3 3 3 4 4 6 6 8 11 12 17 29 37 20 11 8 5 4 3 2 2 1 1 1 1 1 1 1 1 1 0 1 1 2 2 2 2 2 2 4 4 4 6 7 10 14 24 40 35 19 13 9 7 5 4 4 3 3 2 2 2 2 2 2 1 1 2 1 1 1 1 1 1 2 2 2 2 3 4 5 8 11 17 31 
0 0 0 0 0 0 0 0 1 0 0 0 0 0 0 0 0 0 0 0 0 0 0 0 0 0 0 1 0 0 0 0 0 0 0 0 0 0 0 0 0 0 0 0 0 1 0 0 0 0 0 0 0 0 2 0 0 0 0 0 0 0 0 1 0 0 0 0 0 0 0 0 0 0 0 0 0 14 0 0 68 0 0 0 17 0 2 0 0 0 0 0 0 2 0 17 0 0 0 69 0 0 14 0 0 0 0 0 0 0 0 0 0 14 0 0 0 66 0 0 17 0 1 0 0 0 84 0 0 2 0 17 0 0 0 69 0 0 14 0 0 0 0 0 
31 21 17 9 7 5 6 5 5 4 3 4 4 4 5 4 4 3 0 3 3 4 4 4 3 3 4 6 5 5 6 7 10 15 20 32 28 17 11 11 8 7 6 5 5 5 5 4 3 4 4 4 3 4 4 5 6 4 6 5 3 4 3 4 4 4 6 11 9 12 17 26 31 21 13 7 5 4 4 3 3 2 3 3 3 2 3 2 2 2 0 2 2 2 2 3 2 3 3 5 5 5 6 7 10 16 25 35 28 18 11 9 7 6 5 4 3 4 3 3 2 2 2 2 2 2 2 2 3 2 2 2 2 2 2 3 3 4 4 6 7 9 15 26 
29 18 11 9 7 5 5 3 3 2 2 2 2 3 2 3 2 3 0 4 3 3 3 4 4 4 4 4 4 6 6 7 9 11 19 29 33 17 13 8 6 5 5 4 4 4 5 4 5 6 7 5 5 5 6 4 3 3 2 2 2 2 2 4 4 4 5 7 8 13 18 32 39 23 12 8 6 4 3 2 2 1 1 1 1 1 1 1 1 1 0 1 1 1 2 2 2 2 1 3 3 4 4 6 8 12 25 41 42 22 13 7 5 3 3 2 2 2 2 2 2 1 2 1 1 1 2 1 1 1 1 1 1 1 1 2 2 3 4 5 7 13 22 41 
24 19 14 8 8 4 3 2 3 2 1 1 2 2 4 5 3 4 0 3 2 2 2 2 3 2 3 4 4 5 7 8 9 14 19 22 27 19 15 11 10 7 5 4 4 5 3 2 3 2 2 1 3 3 3 6 3 2 2 1 2 2 2 3 4 4 5 10 11 15 18 29 33 26 15 8 5 4 2 2 2 1 1 1 1 1 1 2 1 1 0 2 1 1 1 2 2 2 2 4 4 5 7 8 11 19 28 33 32 23 16 12 9 6 4 4 3 3 2 2 2 1 1 1 1 1 1 2 1 1 1 1 1 1 2 2 2 2 3 6 10 14 19 31 
34 17 11 7 5 4 3 4 3 2 3 2 3 3 4 5 6 5 0 4 5 2 2 3 4 3 2 5 3 4 5 5 7 10 16 34 35 17 9 7 6 6 5 4 3 4 4 5 3 6 4 3 3 7 4 6 4 3 4 1 4 3 3 3 3 4 6 7 8 10 17 35 53 22 12 7 5 3 2 2 2 1 1 1 1 1 1 1 1 1 0 1 1 1 1 1 2 2 1 3 3 3 5 5 7 11 20 51 48 20 10 7 6 4 3 3 2 2 2 1 1 1 1 1 1 1 1 1 1 1 1 1 1 1 1 2 2 3 4 5 7 10 21 50 
34 17 11 8 6 4 4 3 3 3 2 2 2 2 3 3 3 4 0 3 3 3 3 3 3 3 3 4 4 4 5 6 8 12 18 33 31 17 12 8 6 6 4 4 3 4 3 4 4 4 4 4 4 4 7 3 2 2 2 2 2 2 2 3 3 4 6 6 9 11 17 32 48 21 11 7 5 4 3 2 2 1 1 1 1 1 1 1 1 1 0 1 1 1 1 1 1 1 1 2 3 3 4 6 8 13 23 48 42 21 12 8 5 4 3 2 2 2 1 2 1 1 1 1 1 1 1 1 1 1 1 1 1 1 1 2 2 2 3 5 7 11 20 42 
32 18 11 7 5 4 4 3 3 2 3 3 4 3 3 2 2 4 0 2 2 2 1 1 2 2 2 2 3 4 4 6 8 12 18 33 30 14 11 9 6 4 3 3 2 2 2 2 2 1 2 1 3 6 5 3 4 4 3 2 2 3 2 3 2 3 5 8 8 10 15 30 46 23 13 7 5 4 3 2 2 1 2 1 1 1 1 1 1 1 0 1 1 1 1 1 1 1 1 2 3 3 4 6 9 14 25 48 41 19 13 8 6 4 3 3 2 2 2 1 1 1 1 1 1 1 1 1 1 1 1 1 1 1 1 2 2 2 3 5 7 11 19 39 
29 17 12 10 7 5 5 4 4 3 3 2 3 2 2 3 4 3 0 5 4 3 2 2 3 3 2 4 3 4 5 7 10 13 17 29 32 17 11 9 8 7 5 4 3 3 2 4 3 3 3 4 4 6 7 4 3 3 5 4 3 3 4 3 5 5 6 7 8 11 17 32 41 23 13 8 5 4 3 2 2 2 2 1 1 1 1 1 1 1 0 1 1 1 1 1 1 1 1 3 3 3 4 5 9 13 23 42 41 21 12 8 6 4 3 3 2 2 1 2 1 1 1 1 1 1 2 1 1 1 1 1 1 2 1 2 2 3 4 5 7 12 21 41 
23 17 13 8 9 9 8 6 6 7 7 9 10 9 7 6 5 4 0 4 4 4 5 6 7 8 9 12 8 8 7 7 9 13 16 22 21 17 12 9 8 8 9 9 9 7 7 6 5 5 4 4 3 4 6 4 5 6 7 8 9 7 6 6 6 6 8 9 11 12 16 21 19 16 10 7 6 5 4 4 4 3 3 4 4 4 3 3 3 2 0 2 2 2 2 3 4 5 6 7 6 5 6 7 8 12 16 20 19 18 13 9 7 7 7 7 6 5 5 4 3 2 2 2 2 2 2 2 3 3 3 4 4 3 3 4 4 5 6 7 9 11 15 19 
32 18 12 12 11 9 8 7 6 5 5 4 4 4 4 4 4 7 0 5 4 5 6 6 6 6 6 7 8 9 11 11 12 12 18 32 29 16 17 15 11 8 8 7 6 6 6 6 5 5 5 5 6 13 14 5 4 5 4 4 4 5 4 6 7 7 8 11 13 16 16 29 30 17 12 10 8 6 6 4 3 2 2 2 1 1 2 2 1 2 0 2 2 2 2 3 3 3 3 4 4 5 6 7 8 9 14 29 25 14 13 11 8 6 5 4 3 3 3 3 2 2 2 2 2 2 3 2 2 2 2 2 2 2 2 3 4 5 5 8 11 14 16 27 
27 17 11 8 6 5 5 3 3 2 3 2 2 2 2 2 2 1 0 1 2 2 2 2 1 2 2 3 3 3 4 5 7 11 19 27 28 18 12 9 6 4 3 3 3 2 2 1 1 1 2 2 2 2 2 2 2 2 1 2 3 2 3 3 3 4 5 7 7 11 16 27 39 24 14 9 6 5 4 3 3 2 2 2 1 1 1 1 1 1 0 1 1 1 1 1 1 2 1 2 2 3 4 5 7 13 25 39 36 24 14 8 5 4 3 2 2 2 1 1 1 1 1 1 1 1 1 1 1 1 1 2 2 2 2 3 3 4 5 7 9 13 22 35 
32 17 11 7 5 4 4 3 3 1 3 3 2 2 3 4 3 9 0 3 2 2 2 2 2 2 2 3 3 4 4 5 7 11 17 32 27 14 11 8 7 5 4 3 3 3 3 2 2 2 2 3 3 7 16 3 3 2 3 3 3 2 2 2 3 4 4 7 8 11 14 27 42 22 13 8 6 4 3 3 3 2 2 2 2 1 1 1 1 2 0 1 1 1 1 1 2 2 2 3 3 4 5 6 9 14 24 44 34 18 13 8 6 5 4 3 2 2 2 2 2 1 1 1 1 2 3 1 1 1 1 2 1 1 1 2 2 3 4 6 8 11 17 32 
24 22 16 10 7 5 4 4 3 2 2 2 2 2 1 1 2 2 0 2 1 2 1 4 3 4 3 5 5 6 8 9 11 15 20 25 33 18 13 10 10 7 6 7 7 5 5 4 5 3 2 1 3 4 2 3 2 2 2 2 4 2 2 3 3 5 6 9 12 14 23 33 30 29 18 9 6 4 3 2 2 1 1 1 1 1 1 1 1 1 0 1 1 1 1 2 2 2 2 3 3 4 6 8 10 15 26 31 37 19 12 8 6 5 4 3 3 3 2 2 2 1 1 1 1 1 1 1 1 1 1 1 1 1 1 2 2 3 4 6 10 15 25 37 
25 17 12 9 7 5 5 4 3 3 3 3 3 3 3 3 3 3 0 3 3 2 2 2 2 2 3 3 4 4 5 6 8 13 18 25 26 18 12 9 6 5 4 4 3 3 3 3 3 2 2 3 3 3 4 3 3 3 3 2 3 3 3 4 4 6 5 7 9 12 16 26 34 23 14 9 7 5 4 3 3 2 2 2 2 1 1 1 1 1 0 1 1 1 1 1 2 2 2 3 3 4 5 6 9 15 24 34 31 21 14 9 6 4 3 3 2 2 2 2 1 1 1 1 1 1 2 1 1 1 1 1 2 2 2 3 3 4 5 6 9 13 21 31 
0 0 0 0 0 0 0 0 1 0 0 0 0 0 0 0 0 0 0 0 0 0 0 0 0 0 0 1 0 0 0 0 0 0 0 0 0 0 0 0 0 0 0 0 0 1 0 0 0 0 0 0 0 0 1 0 0 0 0 0 0 0 0 1 0 0 0 0 0 0 0 0 0 0 0 1 0 13 0 0 70 0 0 0 19 0 2 0 0 0 0 0 0 2 0 20 0 0 0 67 0 0 13 0 1 0 0 0 0 0 0 1 0 13 0 0 0 68 0 0 20 0 2 0 0 0 75 0 0 2 0 19 0 0 0 68 0 0 13 0 0 0 0 0 
33 18 11 9 5 4 4 3 3 2 2 2 2 2 3 3 4 4 0 4 4 4 3 3 3 3 3 5 4 4 5 7 9 12 17 34 28 18 11 7 8 6 5 5 4 4 4 3 4 4 4 5 5 5 9 4 4 3 3 2 2 3 3 3 4 4 6 6 8 12 17 28 46 23 12 8 5 4 3 2 2 1 1 1 1 1 1 1 1 1 0 1 1 1 1 1 2 2 2 3 3 3 4 6 9 13 24 48 37 22 11 7 5 4 3 3 2 2 1 1 1 1 1 1 1 1 2 1 1 1 1 1 1 1 1 2 2 2 4 5 7 11 20 36 
28 16 10 7 4 4 2 2 2 1 1 1 1 1 1 1 1 2 0 1 1 1 2 2 2 1 2 3 3 3 4 5 6 10 16 27 24 14 10 8 6 4 3 2 2 2 2 2 1 1 2 2 1 1 2 1 2 2 1 1 1 1 1 2 2 3 4 5 7 10 14 25 41 23 13 8 5 3 2 2 2 1 1 1 1 1 1 1 1 0 0 1 1 1 1 1 1 1 1 2 3 3 5 7 10 16 27 43 38 24 16 10 7 5 4 3 2 2 1 1 1 1 1 1 1 0 1 1 1 1 1 1 1 1 1 2 2 2 3 5 8 13 21 36 
28 18 15 15 9 7 6 5 6 4 5 7 7 6 6 7 6 6 0 6 6 6 7 8 10 10 7 6 6 7 8 11 13 13 17 27 24 15 14 14 10 8 8 7 6 8 9 8 8 6 6 6 6 6 8 6 6 7 6 6 5 6 5 5 6 5 8 9 11 18 15 25 27 16 12 10 6 5 3 3 3 2 2 2 2 2 2 2 2 2 0 2 3 3 3 4 5 4 4 4 3 5 5 8 9 12 17 27 26 16 14 11 8 6 5 4 3 5 5 4 4 3 3 2 2 2 3 2 2 2 2 2 2 2 2 3 3 3 4 6 8 14 14 26 
23 16 8 6 5 4 3 3 2 2 2 1 1 0 2 1 1 0 0 1 2 2 1 1 1 2 3 4 4 4 4 6 6 8 14 25 28 14 10 7 5 4 3 2 2 2 2 3 3 2 3 1 2 2 1 1 1 1 0 1 2 2 2 3 3 3 3 4 6 10 14 25 38 24 13 9 6 5 3 3 2 1 1 1 1 1 1 1 1 1 0 1 1 1 1 1 1 2 2 3 3 4 5 7 9 14 24 39 41 24 14 9 6 4 4 2 2 2 2 2 2 1 1 1 1 0 1 1 1 1 1 1 1 1 2 2 3 3 4 5 8 13 23 39 
33 17 11 7 6 5 4 2 3 2 1 2 2 2 2 2 2 2 0 3 2 3 3 3 4 4 3 4 4 4 5 6 6 11 18 34 28 15 11 8 6 4 4 4 2 3 3 4 3 5 4 3 4 2 3 1 2 2 2 2 2 2 2 3 4 4 5 7 8 11 17 27 46 24 13 8 5 4 3 2 2 1 1 1 1 1 1 1 1 1 0 1 1 1 1 1 2 2 2 3 3 3 4 5 8 13 24 48 38 21 12 8 5 4 3 3 2 2 2 2 1 1 1 1 1 1 1 1 1 1 1 1 1 1 2 2 2 3 4 6 8 12 21 36 
1 0 0 0 0 0 0 0 3 0 0 0 1 0 1 0 0 0 0 0 0 2 0 1 0 0 0 10 0 0 1 0 1 0 0 1 0 0 0 1 0 2 0 0 0 9 0 0 1 0 1 0 0 0 21 0 0 0 0 1 0 0 0 3 0 0 1 0 0 0 0 0 0 0 0 5 0 7 0 0 21 0 0 0 8 0 3 0 0 0 0 0 0 4 0 9 0 0 0 30 0 0 8 0 5 0 0 0 0 0 0 4 0 7 0 0 0 29 0 0 10 0 6 0 0 0 38 0 0 5 0 8 0 0 0 19 0 0 6 0 3 0 0 0 
34 18 12 9 7 5 4 3 3 2 2 2 3 3 2 3 3 2 0 4 3 3 2 3 2 3 3 5 5 5 6 8 9 12 17 33 32 18 10 8 7 7 7 6 4 5 4 3 4 3 5 3 3 5 4 3 2 2 2 2 2 3 3 4 4 5 7 7 8 11 18 32 52 25 13 8 5 4 3 2 2 1 1 1 1 1 1 1 1 1 0 1 1 1 1 1 1 1 1 2 2 3 4 5 7 12 21 50 43 19 9 6 4 3 3 2 1 2 1 1 1 1 1 1 1 1 1 1 0 1 1 1 1 1 1 2 2 3 4 5 7 12 23 46 
30 16 11 7 4 4 3 3 3 2 2 2 2 2 2 2 2 3 0 3 2 2 1 2 2 2 2 3 3 3 4 5 7 11 16 30 27 12 10 7 7 4 4 3 2 2 2 2 2 2 2 3 3 4 3 2 2 3 2 2 1 2 2 3 2 3 4 6 7 10 13 26 41 22 14 8 6 4 3 3 2 2 1 1 1 1 1 1 1 1 0 1 1 1 1 1 2 2 2 3 3 4 5 6 9 15 24 42 35 18 12 9 7 5 4 3 2 2 2 2 1 1 1 1 1 1 1 1 1 1 1 1 1 1 2 2 2 3 4 6 8 12 17 33 
23 17 11 9 8 6 4 3 3 3 2 2 2 2 2 2 2 3 0 2 3 3 3 2 2 2 2 3 3 4 5 7 9 11 16 22 27 17 12 9 8 6 5 3 3 4 3 3 2 2 2 3 5 3 2 1 2 2 1 1 2 2 2 4 5 5 6 6 9 13 16 28 31 23 14 9 6 5 3 3 2 2 2 1 1 1 1 1 1 1 0 1 1 1 2 2 2 2 2 3 3 4 6 8 11 16 25 33 32 22 14 11 7 6 4 3 3 3 2 2 2 2 1 1 1 1 1 1 1 1 1 1 1 2 2 3 3 4 5 6 9 13 19 31 
34 20 13 8 6 5 4 4 3 2 3 3 3 4 4 4 6 10 0 4 4 3 2 3 2 3 3 4 4 5 6 7 8 13 20 34 32 18 13 8 9 5 5 4 4 5 4 3 3 3 4 5 5 6 14 6 5 4 4 3 3 3 3 2 4 5 6 9 8 13 18 31 45 24 12 7 4 4 3 2 2 1 1 1 1 1 1 1 2 2 0 1 1 1 1 1 1 2 1 3 3 3 4 6 8 14 25 46 37 20 12 7 6 4 3 2 2 2 2 1 1 1 1 1 1 1 3 2 1 1 1 1 1 1 1 1 2 2 3 5 6 11 19 35 
23 14 10 7 5 4 3 3 2 1 2 2 4 3 4 6 9 7 0 4 3 2 2 2 2 2 2 3 3 3 4 5 8 9 15 22 23 14 10 8 6 5 3 3 2 2 2 1 2 1 2 2 3 6 15 8 4 5 3 1 2 2 2 3 3 4 4 6 8 12 14 24 34 22 13 8 6 4 3 3 3 1 2 2 2 2 2 2 2 2 0 1 1 1 1 2 2 2 2 3 3 4 4 7 9 14 24 35 33 23 14 9 6 5 3 3 3 2 2 2 2 1 1 1 1 2 3 2 2 2 2 1 2 2 2 2 3 3 5 7 9 13 22 32 
28 18 11 8 7 5 4 3 3 2 2 2 2 2 2 3 4 4 0 4 3 3 2 3 3 3 3 3 4 4 5 7 9 11 18 28 28 18 12 8 6 5 4 4 3 3 3 3 4 4 3 3 4 5 6 3 2 2 2 2 2 2 3 3 3 4 5 5 7 11 18 29 39 23 12 8 5 4 3 2 2 1 1 1 1 1 1 1 1 1 0 1 1 1 1 1 2 2 2 3 3 4 5 7 10 14 26 40 39 24 13 8 6 5 4 3 2 2 2 2 2 1 1 1 1 1 1 1 1 1 1 1 1 1 2 2 2 3 4 4 6 11 22 38 
27 21 13 10 7 5 4 4 3 2 2 3 2 3 2 2 3 2 0 3 2 2 3 4 4 3 3 4 5 5 5 7 9 13 19 29 30 18 11 8 7 5 5 5 4 5 3 4 3 3 3 3 3 3 3 2 2 2 2 2 3 2 2 3 4 5 6 7 10 12 19 28 40 29 15 10 6 4 3 2 2 1 1 1 1 1 1 1 1 1 0 1 1 1 1 1 2 2 2 3 3 3 4 6 7 13 25 40 37 22 11 7 5 4 3 3 2 2 1 2 1 1 1 1 1 1 1 1 1 1 1 1 1 1 1 2 2 3 4 6 9 14 25 38 
30 19 12 13 7 8 5 5 6 6 11 10 8 7 5 5 6 5 0 8 8 8 7 8 7 8 6 6 7 9 8 9 9 12 21 29 29 15 14 12 8 6 8 11 7 7 6 6 7 9 6 9 6 5 6 5 6 7 9 8 11 10 9 6 5 4 6 9 11 15 16 29 33 19 12 9 5 4 3 2 3 2 3 3 3 2 2 2 2 2 0 2 2 3 4 4 4 4 4 4 4 6 6 7 8 13 23 33 30 18 14 11 6 5 5 6 4 4 4 3 4 4 3 3 2 2 2 1 2 2 3 3 3 3 3 2 2 2 3 5 7 12 16 29 
29 18 14 12 7 5 5 5 6 9 7 9 8 7 5 4 5 3 0 4 7 7 7 5 4 7 6 6 7 11 9 9 9 13 19 28 31 15 13 10 9 6 8 10 7 6 5 5 6 8 8 6 4 3 4 8 6 8 7 7 7 9 10 6 4 5 6 7 12 13 14 30 33 19 13 9 5 4 3 3 3 3 3 3 3 2 2 2 2 2 0 2 2 2 3 3 3 4 4 5 5 6 7 8 9 14 23 34 32 17 13 10 7 5 5 5 4 4 3 3 3 3 3 2 2 1 2 2 2 2 2 2 2 3 3 3 2 3 4 5 8 11 15 31 
28 19 13 9 7 5 5 4 3 3 2 3 3 3 3 5 6 6 0 5 4 4 5 5 4 4 4 5 6 6 7 8 10 13 19 28 32 17 13 8 8 6 5 5 4 6 5 5 4 6 6 5 5 7 8 5 4 3 3 4 3 3 3 4 5 7 5 6 10 13 17 31 36 23 13 8 6 4 4 3 3 2 2 2 2 2 2 2 2 1 0 2 2 2 2 2 2 2 2 3 3 5 5 7 9 14 24 37 33 18 12 7 5 4 3 3 2 3 2 2 2 2 2 2 2 2 2 2 2 1 1 2 2 2 2 2 3 3 4 4 7 11 19 31 
27 19 13 10 6 5 5 4 3 3 3 2 4 8 6 8 7 9 0 2 2 1 1 3 2 3 2 3 3 3 5 8 9 13 20 26 30 19 12 7 7 5 5 2 3 4 2 3 2 2 2 1 1 4 9 8 9 5 4 4 3 2 2 4 5 4 6 6 9 11 19 30 36 24 13 8 6 4 3 3 2 2 2 1 2 2 2 2 2 1 0 1 1 1 1 1 1 1 1 2 2 3 3 6 8 15 28 37 42 27 14 8 6 4 3 2 2 2 1 1 1 1 1 1 1 1 2 2 2 2 1 2 2 1 2 2 3 3 4 6 8 12 24 40 
25 16 11 8 6 5 4 3 3 2 3 2 3 3 2 3 3 2 0 3 2 2 2 2 2 2 3 3 3 4 4 6 8 11 16 25 26 16 11 8 6 5 4 3 3 3 3 2 2 2 3 3 3 2 4 3 3 3 3 3 2 2 2 3 3 4 5 6 7 12 16 26 35 23 14 9 6 4 3 3 3 2 2 2 1 1 1 1 1 1 0 1 1 1 1 1 2 1 2 2 3 3 4 6 9 14 24 36 35 22 13 9 6 4 3 3 2 2 2 1 1 1 1 1 1 1 1 1 1 1 1 2 1 2 2 2 3 3 4 6 8 14 21 35 
0 0 0 0 0 0 0 0 0 0 0 0 0 0 0 0 0 0 0 0 0 0 0 0 0 0 0 1 0 0 0 0 0 0 0 0 0 0 0 0 0 0 0 0 0 0 0 0 0 0 0 0 0 0 1 0 0 0 0 0 0 0 0 1 0 0 0 0 0 0 0 0 0 0 0 1 0 16 0 0 68 0 0 0 17 0 1 0 0 0 0 0 0 1 0 17 0 0 0 71 0 0 16 0 1 0 0 0 0 0 0 1 0 15 0 0 0 68 0 0 17 0 1 0 0 0 71 0 0 1 0 17 0 0 0 72 0 0 16 0 1 0 0 0 
34 17 10 8 6 4 3 3 4 2 2 2 2 3 2 3 5 3 0 3 2 2 3 2 2 2 2 3 3 3 4 5 7 10 16 34 35 16 10 7 6 5 5 3 2 3 3 2 2 2 2 2 3 2 7 2 3 2 2 3 2 3 2 3 3 4 5 6 7 10 16 35 53 22 11 7 4 3 2 2 2 1 1 1 1 1 1 1 1 1 0 1 0 1 1 1 1 1 1 2 2 2 3 5 7 11 21 52 49 19 10 7 4 4 3 2 1 2 1 1 1 1 1 0 1 1 1 1 1 1 1 1 1 1 1 2 2 3 3 5 7 11 20 50 
36 16 10 9 7 5 3 4 3 2 2 2 2 2 1 3 2 2 0 2 1 2 1 3 2 3 3 3 4 4 5 6 8 11 19 34 33 16 11 8 6 5 5 5 4 3 3 2 2 3 3 2 2 3 4 2 3 2 2 3 3 2 2 4 6 6 6 7 8 9 16 34 51 20 11 8 5 4 2 2 2 1 1 1 1 1 1 1 1 0 0 1 1 1 1 1 1 2 2 3 3 3 4 5 8 13 24 50 45 21 12 8 5 4 3 3 2 2 1 1 1 1 1 1 1 1 1 1 1 1 1 1 1 1 1 2 2 3 3 5 6 9 18 44 
35 17 12 12 10 8 7 6 4 3 3 3 3 3 3 3 3 10 0 5 6 5 5 3 4 3 4 6 6 7 7 10 14 12 17 35 28 20 17 11 11 7 5 6 5 4 3 3 3 5 5 4 5 8 19 3 4 3 3 3 5 4 4 5 5 7 9 9 13 14 18 29 38 18 11 10 7 6 6 4 4 2 2 2 1 1 2 2 2 2 0 2 2 2 2 1 2 2 2 3 3 4 5 6 9 9 14 35 30 19 13 8 7 5 4 3 2 2 2 2 2 2 2 2 2 3 5 2 2 1 2 2 2 2 2 3 3 5 6 7 10 14 20 33 
