1 0 0 0 0 0 0 0 0 0 0 0 0 0 0 0 0.2 0 0 0 0 0 0 0 0 0 0 0 0 0 0 0.2 0 0 0 0 0 0 0.4 0 0.1 0 0 0 0 0.1 0 0 0 0 0 0 0 0 0 0 0.4 0 0 0 0 0 0 0 0 0 0 0 0 0 0.2 0 0 0 0 0 0.1 0 0 0 0 0 0 0 0 0 0 0 0 0 0.3 0 0 0 0 0 0 0 0 0 0 
1 0 0 0 0 0 0 0 0 0 0 0 0 0 0 0 0 0 0 0 0 0 0 0 0 0.0555556 0 0 0 0 0 0.0555556 0 0.0555556 0 0 0 0 0.111111 0.388889 0.166667 0 0 0 0 0.166667 0 0 0 0 0 0 0 0 0 0 0.111111 0 0 0.111111 0 0.111111 0 0 0 0 0 0.166667 0 0 0 0 0 0.0555556 0 0 0.166667 0.0555556 0 0 0.166667 0 0 0 0 0 0 0 0 0 0.0555556 0 0 0 0 0 0 0 0 0 0 
1 0 0 0 0 0 0 0 0 0 0 0 0 0.166667 0 0 0 0 0 0 0 0.333333 0 0 0 0 0 0 0 0 0 0 0 0 0 0 0 0 0.5 0 0 0 0 0 0 0 0 0 0 0 0 0 0 0 0 0 0.333333 0 0.166667 0 0 0 0.166667 0 0 0 0 0 0 0 0.166667 0 0 0 0 0 0 0 0 0 0 0 0 0 0.166667 0 0 0 0 0 0 0 0 0 0 0 0 0 0 0 0 
1 0 0 0 0 0 0 0.047619 0 0 0 0 0 0 0 0 0 0.047619 0 0 0 0 0 0 0 0.0952381 0 0 0 0.047619 0 0.190476 0 0 0 0 0 0 0 0 0.0952381 0 0 0 0 0.47619 0 0 0 0 0 0 0 0.047619 0 0 0.047619 0 0 0.047619 0 0 0.047619 0 0 0 0 0 0 0 0 0.047619 0 0 0.333333 0 0.238095 0 0 0 0 0 0 0 0 0 0 0 0.142857 0 0.047619 0 0 0 0 0 0 0 0 0 0 
1 0 0 0 0 0 0 0 0 0 0 0 0 0 0 0 0 0 0 0 0 0.2 0.4 0 0 0 0.3 0 0 0 0 0 0 0 0 0 0 0 0.1 0 0 0 0 0 0 0 0 0 0 0 0 0 0 0 0 0 0 0 0.1 0 0 0.2 0.1 0 0 0 0 0 0 0 0.1 0 0.3 0 0 0 0 0 0 0 0 0 0 0 0 0 0 0 0 0 0 0 0 0 0 0 0 0 0 0.1 0.1 
1 0 0 0 0 0 0 0 0 0 0 0 0 0 0 0 0.0909091 0 0 0 0 0 0.272727 0 0 0 0 0 0 0 0 0 0 0 0 0 0 0 0.181818 0 0.363636 0 0 0 0 0.0909091 0 0 0 0 0 0 0 0 0 0 0.0909091 0 0 0 0 0 0 0 0.0909091 0 0 0 0 0 0 0 0 0 0 0 0 0.0909091 0 0.0909091 0.0909091 0 0 0 0 0 0 0 0 0 0.363636 0 0 0 0 0.181818 0 0 0 0 0 
1 0 0 0 0 0 0 0 0 0 0 0 0 0 0 0 0 0 0 0 0 0.125 0.25 0 0 0.125 0 0 0 0 0 0 0 0 0 0 0 0 0.5 0 0 0 0 0 0 0 0 0 0 0 0 0 0 0 0 0 0.25 0 0 0 0 0 0 0 0.125 0 0 0 0 0 0.375 0 0.125 0 0 0 0 0 0 0 0 0 0 0 0 0 0 0 0 0.125 0 0 0 0 0 0 0 0 0 0 0 
1 0 0 0 0 0 0 0 0 0 0 0 0 0 0 0 0.0833333 0 0 0 0 0.25 0.0833333 0.0833333 0 0 0 0 0 0 0 0 0 0 0 0 0 0 0.5 0 0 0 0 0 0 0 0 0 0 0 0 0 0 0.0833333 0 0 0.166667 0 0 0 0 0.0833333 0 0 0 0 0 0.0833333 0 0 0.25 0 0 0 0 0 0 0 0 0 0 0 0 0 0 0 0 0 0 0 0.25 0 0 0.0833333 0 0 0 0 0 0 0 
1 0 0 0 0 0 0 0 0 0 0 0 0 0.142857 0 0 0 0 0 0 0 0.142857 0 0 0 0 0 0 0 0 0 0 0 0 0 0 0 0 0 0 0.714286 0 0 0 0 0 0 0 0 0 0 0 0 0 0 0 0 0 0.142857 0 0 0 0 0 0 0 0.714286 0 0 0 0 0 0 0 0 0 0.142857 0 0 0 0 0 0 0 0 0 0 0 0 0 0 0 0 0 0 0 0 0 0 0 0 
1 0 0.08 0 0 0 0 0 0 0 0 0 0 0.2 0 0 0.04 0 0 0 0 0 0 0.04 0 0.16 0.04 0 0 0.2 0 0 0 0 0 0 0 0 0 0 0 0 0 0 0 0.04 0.2 0 0 0 0 0 0 0 0.04 0.2 0.08 0 0 0 0.12 0.04 0 0.04 0.04 0.08 0 0.04 0.04 0 0 0 0 0 0 0 0 0 0 0 0 0 0 0 0 0 0.04 0 0.08 0 0 0 0 0 0 0.12 0.04 0 0 0 0 
1 0 0 0 0 0 0 0 0 0 0 0 0 0 0 0 0 0 0 0 0 0 0.0909091 0 0 0 0 0 0 0.0909091 0 0 0 0.0909091 0 0 0 0.0909091 0.272727 0.0909091 0.0909091 0 0 0 0.0909091 0.0909091 0 0 0 0 0 0 0 0 0 0 0 0 0.0909091 0 0 0.0909091 0.0909091 0.181818 0 0 0 0 0 0 0.181818 0.0909091 0 0 0.0909091 0 0 0 0 0 0 0 0 0 0 0 0 0 0.0909091 0 0 0 0 0 0 0 0 0 0 0 0.0909091 
1 0 0 0 0 0 0 0 0 0 0 0 0 0 0 0 0.111111 0 0 0 0 0.333333 0 0 0 0 0 0 0 0 0.111111 0 0 0 0 0 0 0 0.444444 0 0 0 0 0 0 0 0 0 0 0 0 0 0 0 0 0 0.333333 0 0 0 0 0 0 0.111111 0 0 0 0 0 0 0.111111 0 0 0 0 0 0 0 0 0 0 0 0 0 0 0 0.222222 0 0 0 0.111111 0 0 0 0 0 0 0 0 0 0.111111 
1 0 0 0 0 0 0 0 0 0 0 0 0 0 0 0 0.111111 0 0 0 0 0 0.111111 0 0 0 0.111111 0 0 0 0 0.111111 0 0 0 0 0 0 0.555556 0 0 0 0 0 0 0 0 0 0 0 0 0 0 0 0 0 0.222222 0 0.222222 0 0 0 0 0 0.111111 0 0 0 0.111111 0 0.222222 0 0 0 0 0 0 0 0 0 0 0 0 0 0 0 0 0 0 0.111111 0 0 0 0 0 0 0 0 0 0 0 
1 0 0 0 0 0 0 0 0 0 0 0 0 0 0 0 0 0 0 0 0 0.0769231 0 0 0 0 0.0769231 0 0 0 0 0.230769 0 0 0 0 0 0 0.384615 0 0.0769231 0.0769231 0 0 0 0.0769231 0 0 0 0 0 0 0 0 0 0 0.0769231 0 0 0.0769231 0 0 0 0 0.0769231 0 0 0 0 0 0.307692 0 0 0 0.0769231 0 0 0 0 0 0 0 0 0 0 0 0 0 0.153846 0 0.153846 0 0 0 0 0.0769231 0 0 0 0 0 
2 0 0 0 0 0 0 0 0 0 0 0 0 0 0 0 0 0 0 0 0 0 0.125 0 0 0 0 0 0 0 0 0 0 0.125 0 0 0 0 0.625 0 0.125 0 0 0 0 0 0 0 0 0 0 0 0 0 0 0 0.25 0 0 0 0 0.125 0 0 0 0 0.125 0 0 0 0 0 0 0 0 0 0.25 0 0 0 0 0 0 0 0 0 0 0 0 0 0.125 0 0 0 0 0 0 0 0 0 0.125 
2 0 0.0645161 0 0 0 0 0 0 0 0 0 0 0 0 0 0.193548 0.0645161 0 0 0 0 0 0 0 0.129032 0 0 0 0.0967742 0 0.0645161 0 0 0 0 0 0 0 0 0.16129 0 0 0 0 0.193548 0.0322581 0 0 0 0 0 0 0 0 0 0.0645161 0 0 0.0322581 0.0322581 0 0 0.0322581 0.16129 0.0322581 0 0.0322581 0 0 0 0 0 0.0322581 0.129032 0 0.0645161 0 0.129032 0 0 0 0 0 0 0 0 0 0.0645161 0 0.0967742 0 0 0 0 0.0967742 0 0 0 0 0 
2 0 0 0 0 0 0 0 0 0 0 0 0 0.111111 0 0 0 0 0 0 0 0 0.111111 0.111111 0 0.222222 0 0 0 0 0 0 0 0 0 0 0 0 0.222222 0 0.111111 0 0 0 0 0 0 0 0 0 0.111111 0 0 0 0 0 0.222222 0 0 0 0 0.111111 0 0.111111 0 0 0.222222 0 0 0 0.222222 0 0 0 0 0 0 0 0 0 0 0 0 0 0 0 0 0 0 0.111111 0 0 0 0 0 0 0 0 0 0 0 
2 0 0 0 0 0 0 0 0 0 0 0 0 0 0 0 0.0526316 0 0 0 0 0.157895 0 0 0 0.631579 0.0526316 0 0 0 0 0 0 0 0 0 0 0 0 0 0.105263 0 0 0 0 0 0 0 0 0 0 0 0 0 0 0.0526316 0.0526316 0 0 0 0.210526 0 0.0526316 0.0526316 0.0526316 0.0526316 0.157895 0.0526316 0 0 0 0 0 0 0 0 0 0 0 0 0 0 0 0 0 0 0.157895 0 0 0 0.0526316 0 0 0 0 0.0526316 0 0 0 0 0 
2 0 0 0 0 0 0 0 0 0 0 0 0 0 0 0 0.0526316 0 0 0 0 0 0.263158 0 0 0.0526316 0.0526316 0 0 0 0 0 0 0 0 0 0 0 0.210526 0 0.105263 0 0 0 0.105263 0 0 0 0 0 0.157895 0 0 0 0 0 0.157895 0 0.0526316 0 0 0.0526316 0 0 0.0526316 0 0 0.0526316 0.210526 0 0.0526316 0 0.157895 0 0 0 0 0.0526316 0 0 0 0 0 0 0 0 0 0 0 0 0.0526316 0 0 0 0 0 0 0.0526316 0 0 0.0526316 
2 0 0 0 0 0 0 0 0 0 0 0 0 0 0 0 0.222222 0 0 0 0 0 0 0 0 0.0555556 0 0 0 0 0 0 0 0.222222 0 0 0 0 0 0 0.388889 0 0 0 0 0.0555556 0.0555556 0 0 0 0 0 0 0 0 0 0.222222 0 0 0 0 0 0 0.111111 0.166667 0 0 0 0 0 0 0 0 0 0 0 0 0.111111 0.0555556 0 0 0 0 0 0 0 0.0555556 0 0 0.111111 0.0555556 0 0 0 0 0.0555556 0 0 0 0.0555556 0 
2 0 0.1 0 0 0 0 0 0 0 0 0 0 0 0 0 0.1 0 0 0 0 0.3 0.2 0 0.1 0 0 0 0 0 0 0 0 0 0 0 0 0 0.1 0 0.1 0 0 0 0 0 0 0 0 0 0 0 0 0 0 0 0.1 0 0 0 0 0 0.1 0.1 0 0 0 0 0 0 0.2 0 0.1 0 0 0 0 0.1 0 0 0 0 0 0 0 0 0 0 0 0.2 0.1 0 0 0 0 0 0 0 0 0 0 
2 0 0.0740741 0 0 0.037037 0 0.037037 0 0 0 0 0 0 0 0 0.037037 0.037037 0 0 0 0.037037 0 0 0 0.037037 0 0 0 0.222222 0 0.037037 0 0.0740741 0 0 0 0.037037 0 0 0.222222 0.0740741 0 0 0 0.037037 0 0 0 0 0 0 0 0.0740741 0 0.037037 0 0 0 0 0.111111 0.0740741 0 0.037037 0.148148 0.0740741 0 0 0 0 0 0 0 0 0.111111 0 0.185185 0.037037 0.037037 0 0 0 0 0 0 0.037037 0 0 0.037037 0 0 0 0 0 0 0 0 0 0 0 0 
2 0 0 0 0 0 0 0 0 0 0 0 0 0 0 0 0 0 0 0 0 0 0.2 0.133333 0 0.0666667 0 0 0 0 0 0 0 0.0666667 0 0 0 0 0.133333 0 0.2 0 0 0.0666667 0 0.133333 0 0 0 0 0 0 0 0 0 0 0.133333 0 0 0.133333 0 0.133333 0 0 0 0 0 0 0 0 0.133333 0 0.0666667 0 0 0 0.0666667 0.0666667 0 0 0 0 0 0 0.0666667 0 0 0 0 0 0 0 0 0 0 0.0666667 0 0 0 0 0.133333 
2 0 0 0 0 0 0 0 0 0 0 0 0 0 0 0 0.333333 0 0 0 0 0 0 0 0 0.047619 0 0 0 0 0 0.0952381 0 0.190476 0 0 0 0 0 0 0.238095 0 0 0 0 0.0952381 0 0 0 0 0 0 0 0 0 0 0.0952381 0 0 0.047619 0 0.0952381 0 0.142857 0 0 0.047619 0 0 0 0 0 0 0 0 0 0.047619 0.0952381 0 0 0 0 0 0 0 0 0.047619 0 0.047619 0 0.238095 0 0 0 0 0.047619 0 0 0 0.047619 0 
2 0 0 0 0 0 0 0 0 0 0 0 0 0 0 0 0 0 0 0 0 0 0.111111 0 0 0 0 0 0 0 0 0 0 0 0 0 0 0 0.555556 0 0 0 0 0 0.222222 0 0 0 0 0 0.111111 0 0 0 0 0 0.222222 0 0 0 0 0.111111 0 0 0.111111 0 0 0 0 0 0.333333 0 0 0 0 0 0 0 0 0 0 0 0 0 0 0 0 0 0 0.111111 0 0 0 0 0.111111 0 0 0 0 0 0 
2 0 0 0 0 0 0 0 0 0 0 0 0 0 0 0 0 0 0 0 0 0 0 0 0 0 0.0714286 0 0 0 0 0 0 0.0714286 0 0 0 0 0.571429 0 0.214286 0 0 0 0 0 0.0714286 0 0 0 0 0 0 0 0 0 0.285714 0 0 0 0 0 0 0 0.0714286 0 0 0.0714286 0 0 0.357143 0 0 0 0 0 0 0.0714286 0 0 0 0 0 0 0 0 0 0 0 0 0 0 0 0 0 0.142857 0 0 0 0 0 
2 0 0 0 0 0 0 0 0 0 0 0 0 0 0 0 0.0666667 0 0 0 0 0 0.266667 0 0 0.0666667 0 0 0 0 0 0.0666667 0 0 0 0 0 0 0.2 0 0 0 0 0 0.333333 0 0 0 0 0 0 0 0 0 0 0 0.2 0 0 0 0 0 0 0 0 0 0 0 0.0666667 0 0.0666667 0 0.0666667 0 0 0 0 0 0 0 0 0 0 0 0 0 0 0 0 0 0.266667 0 0 0 0.0666667 0.133333 0 0 0 0.0666667 0.0666667 
2 0 0 0 0 0 0 0 0 0 0 0 0 0 0 0 0.214286 0 0 0 0 0 0 0 0 0.0714286 0 0 0 0 0 0.0714286 0 0 0 0 0 0 0.357143 0 0.214286 0 0 0 0 0.0714286 0 0 0 0 0 0 0 0 0 0 0.142857 0 0 0 0 0 0 0.0714286 0.0714286 0 0 0 0 0 0 0 0 0 0.0714286 0 0 0 0 0 0 0 0 0 0 0 0 0 0.0714286 0.0714286 0.428571 0 0 0 0 0.0714286 0 0 0 0 0 
3 0 0 0 0 0 0 0 0 0 0 0 0 0 0 0 0 0 0 0 0 0.588235 0.0588235 0 0 0.0588235 0.176471 0 0.0588235 0 0 0.0588235 0 0 0 0 0 0 0 0 0 0 0 0 0 0 0 0 0 0 0 0 0 0 0 0 0.0588235 0 0.470588 0 0 0.0588235 0.117647 0.0588235 0 0 0.117647 0 0 0 0 0 0 0 0 0 0 0.0588235 0 0 0 0 0 0 0 0 0 0 0.0588235 0 0 0 0 0 0 0 0 0 0 0 0 
3 0 0.08 0 0 0.04 0 0 0 0 0 0 0 0 0.16 0 0.08 0 0 0 0 0.2 0 0 0 0.12 0 0 0 0.08 0 0 0 0.08 0 0 0 0 0 0 0.12 0 0 0 0 0.04 0 0 0 0 0 0 0 0 0 0.04 0 0 0 0 0 0.08 0.16 0.04 0.12 0.04 0 0.08 0 0 0 0 0 0 0 0 0.04 0.04 0.08 0 0 0.04 0 0 0 0 0.12 0 0.08 0 0.04 0 0 0 0 0 0 0 0 0 0 
3 0 0 0 0 0 0 0 0 0 0 0 0 0.363636 0 0 0 0 0 0 0.0909091 0.272727 0 0 0 0 0 0 0.272727 0 0 0 0 0 0 0 0 0 0 0 0 0 0 0 0 0 0 0 0 0 0 0 0 0 0 0.0909091 0 0 0.636364 0 0 0 0.181818 0 0 0 0.0909091 0 0 0 0 0 0 0 0 0 0 0 0 0 0 0 0 0 0 0 0 0 0 0 0 0 0 0 0 0 0 0 0 0 0 
3 0 0 0 0 0 0 0 0 0 0 0 0 0.862069 0 0 0 0 0 0 0 0.0344828 0 0.0344828 0 0 0.0344828 0 0 0 0 0 0 0 0 0 0 0 0 0 0.0344828 0 0 0 0 0 0 0 0 0 0 0 0 0 0 0.275862 0 0 0.137931 0 0 0 0 0 0 0.0344828 0.517241 0 0 0 0 0 0 0 0 0 0 0 0 0 0 0 0 0 0 0 0.0344828 0 0 0 0 0 0 0 0 0 0 0 0 0 0 
3 0 0 0 0 0.0769231 0 0 0 0 0 0 0 0.0769231 0 0 0.153846 0 0 0 0 0.230769 0.153846 0.0769231 0 0.0769231 0 0 0 0 0 0 0 0 0 0 0 0 0.0769231 0 0.0769231 0 0 0 0 0 0 0 0 0 0 0 0 0 0 0 0 0 0.153846 0 0 0 0.0769231 0 0.0769231 0 0.153846 0 0 0 0.153846 0 0 0 0 0 0 0 0 0 0 0.153846 0 0 0 0 0.0769231 0 0 0 0 0 0 0 0 0 0 0 0.0769231 0 0.0769231 
3 0 0 0 0 0.103448 0 0 0 0 0 0 0 0.517241 0 0 0 0 0 0 0 0 0.137931 0 0.0344828 0.0344828 0.0689655 0.0344828 0 0 0 0 0 0.0344828 0 0 0 0 0 0 0.0344828 0 0 0 0 0 0 0 0 0 0 0 0 0 0 0.0689655 0 0 0 0 0 0.0344828 0 0 0 0 0.37931 0 0 0 0 0 0 0 0 0 0 0.0689655 0 0 0 0.0344828 0 0 0 0 0.0344828 0 0 0.0689655 0.0344828 0 0 0 0 0.103448 0.0689655 0 0 0 0.103448 
3 0 0 0 0 0 0 0 0 0 0 0 0 0.0909091 0 0 0 0 0 0.0909091 0 0 0.363636 0.0909091 0 0 0.0909091 0 0.272727 0 0 0 0 0 0 0 0 0 0 0 0 0 0 0 0 0 0 0 0 0 0 0 0.0909091 0 0 0 0 0 0.181818 0 0 0.0909091 0.272727 0 0 0 0.0909091 0 0 0 0 0 0 0 0 0 0 0 0 0 0 0 0 0 0 0 0 0 0 0 0 0 0 0 0 0 0.181818 0 0 0 0.0909091 
3 0 0 0 0 0 0 0 0 0 0 0 0.1 0.1 0 0 0 0 0 0 0.2 0 0.5 0 0 0 0 0 0.1 0 0 0 0 0 0 0 0 0 0 0 0 0 0 0 0 0 0 0 0 0 0 0 0 0 0 0 0 0 0 0 0 0 0 0 0 0.1 0.1 0 0 0 0 0 0.1 0 0 0 0 0 0 0 0 0 0 0 0 0 0.1 0 0 0.2 0 0 0 0 0 0 0 0 0 0 0.4 
3 0 0 0 0 0 0 0 0 0 0 0 0 0 0 0 0 0 0 0 0.0769231 0.0769231 0.0769231 0 0 0 0.230769 0 0.538462 0 0 0 0 0 0 0 0 0 0 0 0 0 0 0 0 0 0 0 0 0 0 0 0 0 0 0 0.0769231 0 0.384615 0 0 0 0.153846 0 0 0 0.230769 0 0 0 0 0 0.0769231 0 0 0 0 0 0 0 0 0 0 0 0 0 0.0769231 0 0 0 0 0 0 0 0 0 0 0 0 0 0 
3 0 0.0588235 0 0 0 0 0 0 0 0 0 0 0 0 0 0.0588235 0.176471 0 0 0.0588235 0 0 0 0.117647 0 0.352941 0 0 0 0 0.0588235 0 0 0 0 0 0 0 0.0588235 0 0 0 0 0 0.0588235 0 0 0 0 0 0 0 0.0588235 0 0 0 0 0 0 0 0.0588235 0 0.117647 0 0 0.117647 0.117647 0.0588235 0 0 0 0 0.0588235 0 0 0 0 0 0 0.0588235 0 0 0 0 0 0.0588235 0 0 0.176471 0.117647 0 0 0 0 0 0 0 0 0 0 
3 0 0 0 0 0 0 0 0 0 0 0 0 0.142857 0 0 0 0 0 0 0 0.214286 0.5 0 0 0 0 0 0.142857 0 0 0 0 0 0 0 0 0 0 0 0 0 0 0 0 0 0 0 0 0 0 0 0 0 0 0 0 0 0.214286 0 0 0 0 0 0 0 0.142857 0 0 0 0.0714286 0 0.214286 0 0 0 0 0.0714286 0 0 0 0 0 0 0 0 0.0714286 0 0 0 0 0 0 0 0 0.0714286 0 0 0 0 0.142857 
3 0 0 0 0 0 0 0 0 0 0 0 0 0.0833333 0 0 0 0 0 0 0.0833333 0 0.583333 0 0.166667 0 0.0833333 0 0 0 0 0 0 0 0 0 0 0 0 0 0 0 0 0 0 0 0 0 0 0 0 0 0 0 0 0 0 0 0 0 0 0.0833333 0 0 0.0833333 0 0.0833333 0 0 0.0833333 0 0 0.166667 0 0 0 0 0.0833333 0 0 0 0 0 0 0 0 0.0833333 0 0 0 0 0 0 0 0 0 0 0 0 0.0833333 0.25 
3 0 0 0 0 0 0 0 0 0 0 0 0 0.0833333 0 0 0 0 0 0 0.25 0 0.333333 0 0 0 0 0 0.166667 0 0 0 0 0 0 0 0 0 0 0 0 0 0 0 0 0 0 0 0 0 0.166667 0 0 0 0 0.0833333 0 0 0.166667 0 0 0 0 0 0.0833333 0 0.0833333 0 0 0 0 0 0.0833333 0 0 0 0 0 0 0 0 0 0 0 0 0 0 0 0 0.0833333 0 0 0 0 0 0.0833333 0 0 0 0 0.333333 
3 0 0 0 0 0 0 0 0 0 0 0 0 0.230769 0 0 0 0 0 0 0.384615 0 0.230769 0 0.0769231 0 0.0769231 0 0 0 0 0 0 0 0 0 0 0 0 0 0 0 0 0 0 0 0 0 0 0 0 0 0 0 0 0 0 0 0 0 0 0 0.0769231 0 0.0769231 0.0769231 0.230769 0 0 0 0 0 0.0769231 0 0 0 0 0.0769231 0 0 0 0 0 0 0 0 0 0 0 0.153846 0.0769231 0 0 0 0.0769231 0 0.0769231 0 0 0 0 
4 0 0 0 0 0.0588235 0 0 0 0 0 0 0 0 0 0 0.0588235 0 0 0 0 0 0 0 0 0.117647 0 0 0 0 0 0.176471 0 0.0588235 0 0 0 0 0.235294 0 0.294118 0 0 0 0 0 0 0 0 0 0 0 0 0 0 0 0.176471 0 0 0 0 0 0 0 0.0588235 0 0 0.0588235 0.0588235 0 0.294118 0 0 0 0 0 0 0.0588235 0 0 0 0 0 0 0 0 0 0 0.0588235 0 0.117647 0 0 0 0 0.117647 0 0 0 0 0 
4 0.0681818 0 0 0.236364 0 0.0863636 0 0 0.00909091 0 0 0 0 0 0 0 0 0 0 0 0 0 0 0 0 0 0 0 0 0 0 0 0 0.463636 0 0 0.0136364 0 0.0272727 0 0 0.0272727 0.0318182 0 0 0 0 0.0363636 0 0 0 0.0409091 0 0 0 0 0.0681818 0 0.0136364 0.00454545 0.00909091 0 0 0 0 0 0.00454545 0 0 0 0.00909091 0 0.0136364 0.00454545 0.00909091 0 0.0363636 0.00454545 0.168182 0.281818 0 0.254545 0.0318182 0 0 0 0 0 0 0 0.0272727 0 0 0 0 0 0.00909091 0.00909091 0 0 
4 0 0 0 0 0 0 0 0 0 0 0 0 0 0 0 0 0 0 0 0 0 0.5 0 0 0 0 0 0 0 0.125 0 0 0 0 0.125 0 0 0.125 0 0.125 0 0 0 0 0 0 0 0 0 0 0 0 0 0 0 0.125 0 0 0 0 0 0 0 0 0 0 0 0 0.125 0 0 0.125 0 0 0 0.125 0 0 0 0.125 0 0 0 0 0 0 0 0 0 0 0 0 0 0.125 0 0 0 0 0 0.25 
4 0 0 0 0 0.0119048 0 0 0.142857 0.309524 0 0.047619 0 0 0 0.0357143 0 0.0119048 0 0 0 0 0 0 0 0 0 0 0 0.0238095 0 0 0 0 0 0 0 0.154762 0 0.0119048 0 0.107143 0.047619 0.0357143 0 0.0357143 0.0238095 0 0 0 0 0 0 0.166667 0 0 0 0 0 0.214286 0.0357143 0 0 0.0119048 0 0 0 0.047619 0.0238095 0 0 0.0833333 0 0.0357143 0.0595238 0.0119048 0.047619 0 0.0238095 0 0 0.0238095 0 0 0 0.047619 0 0.0714286 0.0714286 0 0 0 0 0 0 0 0 0.0238095 0 0 0 
4 0 0 0 0 0 0 0.111111 0 0 0 0 0 0 0 0 0.222222 0 0 0 0 0 0.111111 0 0 0 0 0 0 0 0 0 0 0 0 0 0 0 0.222222 0 0 0 0 0 0.111111 0 0 0 0 0 0.222222 0 0 0 0 0 0.222222 0 0.111111 0 0 0 0 0 0 0.111111 0 0 0 0 0.111111 0 0.333333 0 0 0 0 0 0 0 0 0 0 0 0 0 0 0 0 0 0 0 0 0 0 0 0.111111 0 0 0 0 
4 0 0 0 0 0.0416667 0 0.0833333 0.0416667 0 0 0 0 0 0 0 0 0 0 0 0 0 0.0416667 0 0 0 0 0 0 0.125 0 0 0 0.0416667 0 0 0 0 0.0416667 0 0.208333 0.333333 0 0 0 0.0416667 0 0 0 0 0 0 0 0.166667 0 0 0 0 0 0.0833333 0.166667 0 0 0.0416667 0.125 0.0416667 0 0.0416667 0 0 0 0 0 0 0.0833333 0 0 0 0 0 0 0 0 0 0 0 0 0 0 0 0.0416667 0 0 0 0 0.166667 0 0 0 0 0.0416667 
4 0 0 0 0 0.142857 0 0 0 0 0 0 0 0 0 0 0 0 0 0 0 0 0.285714 0 0 0 0 0 0 0 0.142857 0 0 0 0 0 0 0 0.142857 0 0 0 0 0 0 0 0.142857 0 0 0 0.142857 0 0 0 0 0 0 0 0 0 0 0 0 0 0 0 0 0 0 0 0 0 0.428571 0 0 0 0.142857 0.285714 0 0 0 0 0 0 0 0 0 0 0 0 0 0 0 0 0 0.142857 0 0 0 0 0 
4 0 0 0 0 0 0 0 0 0 0 0 0 0.0833333 0 0 0 0 0 0 0 0.0833333 0.166667 0 0 0.0833333 0 0 0 0 0 0 0 0.25 0 0 0 0 0 0 0.166667 0 0.0833333 0 0 0 0 0 0.0833333 0 0 0 0 0 0 0 0 0 0 0 0 0.0833333 0 0 0.0833333 0 0 0.0833333 0 0 0 0 0.0833333 0 0 0 0 0.166667 0 0 0 0 0 0 0 0 0 0 0 0 0.0833333 0 0 0 0 0.25 0 0 0 0 0.166667 
4 0 0 0 0 0.0555556 0 0 0 0 0 0.0555556 0 0.0555556 0 0 0.0555556 0 0 0 0 0 0.0555556 0 0 0.0555556 0.0555556 0 0 0 0.0555556 0 0 0.0555556 0 0 0 0 0.0555556 0 0.277778 0 0 0 0 0.166667 0 0 0 0 0 0 0 0 0 0.0555556 0.0555556 0 0 0.0555556 0 0 0 0.111111 0.0555556 0.0555556 0 0 0 0 0.0555556 0 0 0 0 0 0.111111 0.0555556 0 0 0 0.0555556 0 0 0.0555556 0 0 0 0 0 0.111111 0 0 0 0 0.0555556 0 0 0 0 0.111111 
4 0 0.00900901 0 0.189189 0 0 0 0 0.00900901 0 0.036036 0 0.00900901 0 0 0 0.045045 0 0 0 0 0 0 0 0.027027 0 0 0 0.0900901 0 0 0 0.018018 0.144144 0 0 0.0900901 0 0.171171 0.027027 0 0.00900901 0.027027 0 0.045045 0.00900901 0 0.045045 0 0 0 0.00900901 0 0.00900901 0.018018 0 0 0 0.018018 0.00900901 0.027027 0 0.0540541 0 0.027027 0 0.018018 0 0 0 0.036036 0 0.216216 0.018018 0 0.018018 0 0.018018 0.243243 0.00900901 0 0.027027 0.00900901 0 0 0 0.0630631 0 0 0 0.0900901 0 0 0 0.0540541 0.00900901 0 0 0 0 
4 0 0 0 0 0.0909091 0 0 0 0 0 0 0 0 0 0 0.0909091 0.0909091 0 0 0 0 0.181818 0 0 0.0909091 0 0 0 0 0 0 0 0.0909091 0 0 0 0 0 0 0.181818 0 0 0 0 0.181818 0 0 0 0 0 0 0 0.181818 0 0 0 0 0 0 0 0 0 0 0.363636 0 0 0 0 0 0 0 0 0 0 0 0 0.181818 0 0 0 0 0 0 0 0 0 0 0 0.0909091 0.0909091 0 0 0 0 0.0909091 0 0 0 0 0 
4 0 0 0 0 0 0 0 0 0 0 0 0 0 0 0 0 0 0 0 0 0 0 0 0.0625 0.0625 0 0 0 0 0 0 0 0 0 0 0 0 0 0.375 0 0.0625 0 0.0625 0 0.375 0 0 0 0 0 0 0 0 0 0 0 0 0 0 0 0 0 0 0 0 0 0.375 0 0 0 0.0625 0 0.4375 0.0625 0 0 0 0 0 0 0 0 0 0 0 0 0 0 0 0.0625 0 0 0 0 0 0 0 0 0 0 
4 0 0 0 0 0 0 0 0 0 0 0 0 0 0 0.0769231 0 0 0 0 0 0 0.538462 0 0 0 0 0 0 0 0 0 0 0.153846 0 0 0 0 0 0 0.0769231 0 0 0 0 0 0 0 0 0 0.153846 0 0 0 0 0 0 0 0 0 0 0.0769231 0 0 0 0 0 0.153846 0 0.0769231 0.0769231 0 0.153846 0 0 0 0 0 0 0 0 0 0 0 0 0 0 0 0 0 0 0 0 0 0.0769231 0 0.0769231 0 0 0 0.307692 
4 0 0 0 0 0.0714286 0 0.0714286 0 0 0 0 0 0 0 0 0.0714286 0 0 0 0 0 0 0 0 0.0714286 0 0 0 0 0 0.142857 0 0 0 0 0.0714286 0 0 0 0.357143 0 0 0 0 0.142857 0 0 0 0 0 0 0 0 0 0 0 0 0 0 0.0714286 0.0714286 0 0 0.357143 0.0714286 0 0.0714286 0 0 0 0 0 0 0.214286 0 0 0.0714286 0 0 0 0 0 0 0 0 0.0714286 0 0 0 0 0 0 0 0 0 0 0 0 0 0 
5 0 0 0 0 0 0 0 0 0 0 0 0 0 0 0 0 0 0 0 0 0.0909091 0 0 0.363636 0.0909091 0.272727 0 0 0 0 0 0 0 0 0 0 0 0 0 0.181818 0 0 0 0 0 0 0 0 0 0 0 0 0 0 0 0.0909091 0 0.363636 0 0 0 0.0909091 0 0.181818 0 0 0 0 0 0 0 0 0 0 0 0 0 0 0 0 0 0 0 0 0 0 0 0 0 0 0 0 0 0 0 0 0 0 0.272727 0 
5 0 0.142857 0 0 0 0 0 0 0 0 0 0 0 0 0 0.0357143 0.0357143 0 0 0 0 0.0357143 0 0 0.25 0.0357143 0 0 0.0357143 0 0 0 0.0357143 0 0 0 0 0.357143 0 0.0357143 0 0 0 0 0 0 0 0 0 0 0 0 0 0 0 0.0357143 0 0 0.0357143 0.0714286 0.0357143 0 0 0.178571 0 0 0.0357143 0 0 0 0 0 0 0.0714286 0 0 0.0357143 0.0714286 0 0 0 0 0 0 0 0 0 0.0714286 0 0.321429 0 0 0 0 0 0 0 0 0 0.0357143 
5 0 0 0 0 0 0 0 0 0 0 0 0 0 0 0 0 0 0 0 0.333333 0.333333 0 0 0 0 0 0 0.333333 0 0 0 0 0 0 0 0 0 0 0 0 0 0 0 0 0 0 0 0 0 0 0 0 0 0 0 0 0 0.5 0 0 0 0.166667 0 0 0 0.166667 0 0 0 0 0 0 0 0 0 0 0 0 0 0 0 0 0 0.166667 0 0 0 0 0 0 0 0 0 0 0 0 0 0 0 0 
5 0 0 0 0 0 0 0 0 0 0 0 0 0 0 0 0 0 0 0 0.5 0 0 0 0 0 0.375 0 0 0 0 0 0 0 0 0 0 0 0 0 0.125 0 0 0 0 0 0 0 0 0 0 0 0 0 0 0 0 0 0.375 0 0 0 0.375 0 0 0 0.125 0 0 0 0.125 0 0 0 0 0 0 0 0 0 0 0 0 0 0 0 0 0 0 0 0 0 0 0 0 0 0 0 0 0 0 
5 0 0 0 0 0 0 0 0 0 0 0 0 0 0 0 0.214286 0 0 0 0 0.142857 0.285714 0 0 0.0714286 0 0 0 0 0 0 0 0 0 0 0 0 0.0714286 0 0.142857 0 0 0 0.0714286 0 0 0 0 0 0 0 0 0 0 0.0714286 0.142857 0 0 0 0 0.0714286 0 0.0714286 0 0 0.0714286 0 0.0714286 0.0714286 0.142857 0.0714286 0 0 0 0 0 0 0 0 0.0714286 0 0 0 0 0 0 0 0 0 0 0 0 0 0 0.0714286 0 0 0 0 0.0714286 
5 0 0 0 0 0 0 0 0 0 0 0 0 0 0 0 0 0 0 0 0 0.2 0.2 0.3 0 0 0.1 0 0 0 0 0 0 0.2 0 0 0 0 0 0 0 0 0 0 0 0 0 0 0 0 0 0 0 0 0 0 0 0 0 0 0 0 0.1 0 0 0 0.2 0 0 0 0 0 0 0 0 0 0 0 0 0 0 0 0 0 0 0 0.1 0 0 0.2 0 0 0 0 0 0 0.3 0 0 0.1 0 
5 0 0 0 0 0.111111 0 0 0 0 0 0 0 0.111111 0.111111 0 0.111111 0 0 0 0 0 0.222222 0 0.111111 0 0.222222 0 0 0 0 0 0 0 0 0 0 0 0 0 0 0 0 0 0 0 0 0 0 0 0 0 0 0 0 0 0 0 0 0 0 0.111111 0 0 0.111111 0.111111 0 0.111111 0 0 0 0 0 0 0 0 0 0 0.111111 0 0 0 0 0 0 0 0 0 0 0.111111 0 0 0 0 0 0.111111 0 0 0 0.222222 0 
5 0 0 0 0 0 0 0 0 0 0 0 0 0 0 0 0 0 0 0 0 0.1 0.4 0 0 0.1 0 0 0 0 0 0 0 0.1 0 0 0 0.1 0 0 0.1 0 0 0 0.1 0 0 0 0 0 0 0 0 0 0 0 0 0 0 0 0 0.1 0 0 0 0.1 0 0.1 0 0 0 0 0 0 0 0 0.2 0.1 0 0 0 0 0 0 0 0 0 0 0 0 0 0 0 0 0 0 0 0 0 0.2 0.2 
5 0 0 0 0 0 0 0 0 0 0 0 0 0 0 0 0 0 0 0 0 0.333333 0.111111 0 0 0.111111 0.222222 0 0 0 0 0 0 0.111111 0 0 0 0 0 0 0.111111 0 0 0 0 0 0 0 0 0 0 0 0 0 0 0 0.111111 0 0.111111 0 0 0.111111 0.111111 0 0.111111 0 0 0 0 0 0.222222 0 0 0 0 0 0 0.111111 0 0 0 0 0 0 0 0 0 0 0 0 0 0 0 0 0 0 0 0 0 0 0.111111 
5 0 0 0 0 0 0 0 0 0 0 0 0 0 0 0 0.166667 0 0 0 0 0 0.416667 0 0 0 0 0.25 0 0 0 0 0 0 0 0 0 0 0 0 0.166667 0 0 0 0 0 0 0 0 0 0 0 0 0 0 0 0 0 0 0.0833333 0 0.166667 0 0 0.0833333 0 0 0 0 0 0 0 0.166667 0 0 0 0 0.25 0 0 0 0 0 0 0 0 0 0 0 0 0 0 0 0 0 0 0.0833333 0 0 0 0.166667 
5 0 0 0 0 0 0 0 0 0 0 0 0 0.272727 0 0 0.0909091 0 0 0 0.0909091 0 0.363636 0 0 0 0 0 0 0 0.0909091 0 0 0.0909091 0 0 0 0 0 0 0 0 0 0 0 0 0 0 0 0 0 0 0 0 0 0.0909091 0 0 0 0 0 0 0 0 0.0909091 0 0.0909091 0 0.0909091 0 0 0.0909091 0 0 0.0909091 0 0 0 0 0 0 0 0 0 0 0 0 0 0 0 0.0909091 0 0 0 0 0.0909091 0 0.0909091 0 0.0909091 0.0909091 
5 0 0 0 0 0.142857 0 0 0.0714286 0 0 0 0 0.0714286 0 0 0.142857 0 0 0 0.428571 0 0.0714286 0 0 0 0 0 0 0 0 0 0 0 0 0 0 0 0.0714286 0 0 0 0 0 0 0 0 0 0 0 0 0 0 0 0 0 0 0 0 0 0 0 0.142857 0 0 0 0.0714286 0 0 0 0 0 0 0 0 0 0.0714286 0 0.0714286 0 0 0 0 0 0 0 0.0714286 0 0.142857 0 0.142857 0 0 0 0 0 0 0 0 0.214286 0.0714286 
5 0 0 0 0 0 0 0 0 0 0 0 0 0 0 0 0.142857 0 0 0 0 0 0 0 0 0.142857 0 0 0 0 0 0 0 0.142857 0 0 0 0 0 0 0.285714 0 0 0 0 0.285714 0 0 0 0 0 0 0 0 0 0 0 0 0 0 0 0 0 0.142857 0.142857 0 0 0.142857 0 0 0 0 0 0.142857 0.285714 0 0 0 0 0 0 0 0 0 0 0 0 0 0 0 0 0 0 0 0 0.142857 0 0 0 0 0 
5 0 0 0 0 0 0 0 0 0 0 0 0 0 0 0 0.428571 0 0 0 0 0 0 0 0 0.142857 0 0 0 0 0 0 0 0 0 0 0 0 0.142857 0 0 0 0 0 0.285714 0 0 0 0 0 0 0 0 0 0 0 0.571429 0 0 0 0 0 0 0 0.142857 0 0 0 0.142857 0 0 0 0 0 0 0 0 0 0 0 0 0 0 0 0 0 0 0 0 0 0 0 0 0 0 0.142857 0 0 0 0 0 
6 0 0 0 0 0 0 0 0 0 0 0 0 0 0 0 0.333333 0 0 0 0 0 0 0 0 0.166667 0 0 0 0 0 0 0 0.333333 0 0 0 0 0 0 0 0 0 0 0 0.166667 0 0 0 0 0 0 0 0 0 0 0 0 0 0 0 0.166667 0 0 0 0 0 0 0 0 0.166667 0 0 0 0 0 0 0.166667 0 0 0.166667 0 0 0 0 0 0 0 0 0 0 0 0 0 0 0 0 0 0 0 0.333333 
6 0.0102041 0.0153061 0 0.311224 0 0.0918367 0 0 0 0 0 0 0 0 0.00510204 0.00510204 0.0408163 0 0 0 0 0 0 0 0 0 0 0 0.0561224 0 0 0 0 0.173469 0 0.00510204 0.0255102 0 0.0255102 0 0 0 0.132653 0 0.0153061 0 0 0.0867347 0 0 0 0.102041 0 0.00510204 0 0 0 0 0.0102041 0.0357143 0.0102041 0 0.0153061 0.00510204 0 0 0.0408163 0 0 0 0.0102041 0 0.0714286 0.00510204 0.00510204 0.0102041 0 0.0612245 0.214286 0.214286 0 0.107143 0.0408163 0 0.00510204 0 0.0204082 0.0102041 0 0 0 0 0 0 0 0 0 0 0 0 
6 0 0 0 0 0 0 0 0 0 0 0 0 0 0.111111 0 0 0 0 0 0.111111 0.333333 0 0 0 0 0 0 0.333333 0 0 0 0 0 0 0 0 0 0 0 0.111111 0 0 0 0 0 0 0 0 0 0 0 0 0.111111 0 0 0.222222 0 0 0 0 0 0 0 0 0 0.333333 0 0 0 0 0 0 0 0 0 0 0 0 0 0 0 0 0 0 0 0 0 0 0 0.222222 0 0 0 0 0 0 0 0 0.111111 0 
6 0 0.0684932 0 0 0 0 0 0.0821918 0.191781 0 0.123288 0 0 0.0136986 0.0136986 0 0.0136986 0 0 0 0 0 0 0 0 0 0 0 0.0547945 0 0.0136986 0 0 0 0 0 0.0273973 0 0 0 0.0684932 0 0.30137 0 0 0.0273973 0 0 0 0 0.0684932 0 0.109589 0 0.0136986 0 0 0 0.123288 0.0273973 0 0 0 0 0.0136986 0 0.0136986 0 0 0 0.0547945 0 0 0 0 0.0958904 0 0.0136986 0.0136986 0 0 0 0.0273973 0 0.0547945 0 0.164384 0 0 0 0 0 0.178082 0 0 0 0.0273973 0 0 0 
6 0 0 0 0 0 0 0 0 0 0 0 0 0 0 0 0 0.0625 0 0 0 0 0.6875 0 0.0625 0 0 0 0 0 0 0 0 0 0 0 0 0 0 0.0625 0 0 0 0 0 0 0 0 0 0 0.125 0 0 0 0 0 0 0 0 0 0 0 0 0 0 0 0 0 0 0 0 0.0625 0.25 0 0 0 0 0.125 0 0 0 0 0 0 0 0 0 0 0 0.0625 0 0 0 0 0.0625 0.0625 0 0 0 0.0625 0.3125 
6 0 0 0 0 0.0465116 0 0.186047 0 0 0 0 0 0 0 0.0232558 0.0465116 0.0232558 0 0 0 0 0 0 0 0.0930233 0 0 0 0 0 0.116279 0 0 0 0 0 0 0 0 0.0465116 0.0930233 0 0.186047 0.0930233 0.0465116 0 0 0 0 0 0.0232558 0 0.0930233 0 0 0.0232558 0 0 0 0 0 0 0.0232558 0.0465116 0.0465116 0 0.0232558 0.0232558 0 0 0.0465116 0 0.0232558 0.116279 0 0 0 0.0697674 0 0 0 0 0 0.116279 0.139535 0.0232558 0.0232558 0.0930233 0 0 0 0 0 0 0.0232558 0 0.0232558 0 0 0 
6 0 0 0 0 0 0 0 0 0 0 0 0 0 0 0 0 0 0 0 0.1 0 0.4 0 0 0 0 0 0 0 0 0 0 0 0 0 0 0 0 0 0 0 0 0 0 0 0 0.5 0 0 0 0.1 0 0 0 0 0 0 0 0 0 0 0.1 0 0 0 0 0 0 0 0 0 0.2 0 0 0 0 0 0 0 0 0 0 0 0 0 0 0 0 0.2 0 0 0 0 0.1 0 0 0 0 0.2 0.1 
6 0 0.0645161 0 0 0 0 0 0 0.0645161 0 0.33871 0 0 0.016129 0 0 0.0967742 0 0 0 0 0 0.016129 0 0.016129 0 0 0 0.0645161 0 0.0483871 0 0.0322581 0 0 0 0.0645161 0 0 0 0.0322581 0 0.145161 0 0 0 0 0 0 0 0.016129 0.016129 0.016129 0 0.0322581 0 0 0 0.112903 0.016129 0.0322581 0.0645161 0.016129 0.016129 0.016129 0 0.16129 0 0 0 0.016129 0 0.0322581 0.0645161 0.016129 0.016129 0.0322581 0.0483871 0.0322581 0.0967742 0 0 0 0 0 0 0.016129 0.0967742 0.016129 0 0 0 0 0 0 0 0 0 0 0 
6 0 0 0 0 0 0 0 0 0 0 0 0 0 0 0 0 0 0 0 0 0 0.727273 0 0 0 0 0 0 0 0 0 0 0 0 0 0 0 0 0 0 0 0 0 0 0 0 0 0 0 0.272727 0 0 0 0 0 0 0 0 0 0 0 0 0 0 0 0 0 0 0.0909091 0 0 0.454545 0 0 0 0 0 0 0 0 0 0 0 0 0 0 0 0 0 0 0 0 0 0 0 0 0 0 0 0.454545 
6 0 0 0 0 0 0 0 0 0 0 0 0 0 0 0 0.642857 0 0 0 0 0 0 0 0.0714286 0 0 0 0 0 0 0 0 0.285714 0 0 0 0 0 0 0 0 0 0 0 0 0 0 0 0 0 0 0 0 0 0 0 0 0 0 0 0.214286 0 0.214286 0.142857 0 0 0.0714286 0 0 0 0 0 0.0714286 0 0 0 0.142857 0 0 0 0 0 0 0 0 0 0.0714286 0 0 0 0 0 0 0 0 0 0 0 0.0714286 0 
6 0 0 0 0 0 0 0 0 0 0 0 0 0 0 0.0769231 0 0 0 0 0 0 0.846154 0 0.0769231 0 0 0 0 0 0 0 0 0 0 0 0 0 0 0 0 0 0 0 0 0 0 0 0 0 0 0 0 0 0 0 0 0 0 0 0 0 0 0 0 0 0 0.0769231 0 0.0769231 0 0 0.0769231 0 0 0 0 0.153846 0 0 0 0 0 0 0 0 0 0 0 0.153846 0 0 0 0 0.153846 0 0 0 0.0769231 0.0769231 0.153846 
6 0 0 0 0 0 0 0 0 0.0833333 0 0 0 0 0.0833333 0 0 0 0 0 0 0 0.75 0 0 0 0 0 0 0 0 0 0 0 0 0 0 0 0 0 0 0 0 0 0 0.0833333 0 0 0 0 0 0 0 0 0 0 0 0 0 0 0 0 0 0 0 0 0 0 0 0 0 0 0.0833333 0 0.0833333 0 0 0.0833333 0 0 0 0 0 0 0 0 0 0 0 0.0833333 0 0 0 0 0.0833333 0 0 0 0.0833333 0.0833333 0.416667 
6 0 0 0 0 0 0 0 0 0 0 0 0 0 0 0 0 0 0 0 0 0 0.777778 0 0 0 0 0 0 0 0 0 0 0.111111 0 0 0 0 0 0 0 0 0 0 0 0 0 0 0 0 0.111111 0 0 0 0 0 0 0 0 0 0 0 0 0 0.111111 0 0 0 0 0.111111 0 0 0.222222 0 0 0 0 0.111111 0 0 0 0 0 0 0 0 0 0 0 0.222222 0 0 0 0 0 0 0 0 0 0 0.222222 
6 0 0 0 0 0 0 0 0 0 0 0 0 0 0 0.0909091 0 0 0 0 0.181818 0 0 0 0.454545 0 0 0 0 0 0 0 0 0.181818 0 0 0 0.0909091 0 0 0 0 0 0 0 0 0 0 0 0 0 0 0 0 0 0 0 0 0 0 0 0 0 0 0.0909091 0 0 0 0 0 0 0 0 0 0 0 0 0.181818 0 0 0.0909091 0 0 0 0 0 0 0 0 0.545455 0 0 0 0 0 0 0 0 0 0.0909091 0 
7 0 0.207547 0 0 0 0 0 0 0 0 0 0 0 0.584906 0 0 0 0 0 0 0 0 0 0 0.150943 0.0188679 0 0 0 0 0 0 0 0 0 0 0 0 0 0.0377358 0 0 0 0 0 0 0 0 0 0 0 0 0 0 0 0.0188679 0 0 0 0.169811 0.0377358 0 0 0.358491 0.0188679 0 0.132075 0.0188679 0 0 0 0 0 0.0188679 0 0 0 0.169811 0 0 0 0 0 0 0 0.0377358 0 0.0188679 0 0 0 0 0 0 0 0 0 0 0 0 
7 0 0.261538 0 0 0 0 0.0153846 0 0 0 0 0 0.0307692 0.184615 0 0.0153846 0 0 0 0 0.0153846 0 0 0 0.0307692 0 0 0 0.353846 0 0 0 0 0 0 0 0 0 0 0.0615385 0 0 0.0153846 0 0.0153846 0 0 0 0 0 0 0 0.0307692 0 0.0153846 0 0 0.0153846 0.0153846 0.0923077 0.0461538 0.0307692 0.0153846 0.0615385 0.0307692 0 0.215385 0.0153846 0 0 0.0153846 0 0.0153846 0.0153846 0 0 0 0.246154 0 0 0 0 0 0 0 0 0 0.0769231 0 0.0461538 0 0 0 0 0 0 0 0 0 0 
7 0 0.0181818 0 0 0.0909091 0 0.0545455 0 0 0 0.0545455 0 0 0 0 0 0.236364 0 0 0 0 0 0 0 0.0727273 0 0 0 0.0363636 0 0.145455 0 0 0 0 0 0.0181818 0 0 0.0545455 0 0 0.0545455 0.0363636 0.0727273 0.0545455 0 0 0 0 0.181818 0 0.0363636 0 0 0.0181818 0 0 0.0545455 0.0909091 0 0 0 0.0363636 0.0181818 0 0 0.0909091 0 0 0.127273 0 0 0.0181818 0 0 0 0.0181818 0 0 0 0 0 0.0545455 0 0.0545455 0.0181818 0.163636 0 0.0181818 0 0 0 0 0 0 0 0 0 0 
7 0 0.0238095 0.0238095 0 0.0952381 0 0.047619 0 0 0 0.047619 0 0.261905 0 0 0 0.0238095 0 0 0 0.119048 0 0.238095 0 0 0 0 0 0.047619 0 0 0 0 0 0 0 0 0 0 0.0238095 0.0238095 0 0 0 0 0.0238095 0 0 0 0 0.0238095 0 0.0714286 0 0.357143 0 0 0 0 0 0 0.0714286 0 0 0.0238095 0.0714286 0 0 0 0 0 0 0 0 0 0 0 0 0 0 0.047619 0 0 0.047619 0.0714286 0 0 0 0 0 0 0 0 0 0 0.214286 0 0 0 0 
7 0 0 0 0 0.0952381 0 0.690476 0.119048 0 0 0 0 0 0 0 0 0 0 0 0 0 0 0 0 0.047619 0 0 0 0 0 0.047619 0 0 0 0 0 0 0 0 0 0 0 0 0 0 0 0 0 0 0 0 0 0.0238095 0 0 0 0 0 0 0 0 0.047619 0.0238095 0 0.0238095 0 0 0.0238095 0 0 0.0714286 0 0 0.047619 0 0 0 0.0238095 0 0 0 0 0 0.333333 0 0.0714286 0 0.309524 0 0 0 0 0 0 0 0 0 0 0 0 
7 0 0.15 0 0 0.2 0 0.025 0 0 0 0 0 0.325 0.025 0 0 0 0 0 0 0.075 0 0 0 0.1 0 0 0.025 0.05 0 0.025 0 0 0 0 0 0 0 0 0 0 0 0 0 0 0 0 0 0 0 0 0 0.1 0 0.1 0 0 0.05 0 0.15 0 0 0 0 0.25 0.1 0 0 0 0.025 0 0 0 0 0 0 0 0.075 0 0 0.05 0 0 0 0 0.025 0 0.025 0 0.025 0 0 0 0 0.025 0 0 0 0 0 
7 0 0 0 0 0 0 0 0 0 0 0 0 0.271429 0.128571 0 0.0428571 0 0 0 0 0.0142857 0 0.4 0 0.0285714 0 0 0 0.0714286 0 0 0 0 0 0 0 0 0 0 0.0285714 0.0142857 0 0 0 0 0 0 0 0 0 0 0 0.0142857 0 0.0285714 0 0 0 0 0.0142857 0.0571429 0 0.271429 0.0428571 0.357143 0 0 0 0 0 0 0 0 0 0 0 0 0.0714286 0 0 0.0142857 0 0 0 0 0.0142857 0 0 0 0.0428571 0 0 0 0 0.0142857 0.0571429 0 0 0 0 
7 0 0.144928 0.0144928 0 0.0144928 0 0.057971 0 0 0 0 0 0 0.15942 0 0 0 0.0869565 0 0 0.0434783 0 0 0 0.188406 0 0 0 0.0434783 0 0.144928 0 0 0 0 0 0 0.0289855 0 0.0434783 0 0 0.0144928 0 0.0144928 0 0 0 0 0 0.0144928 0 0 0 0.0434783 0.0289855 0.0144928 0 0.0289855 0.0289855 0.0289855 0.0724638 0 0.0434783 0.0289855 0.0144928 0.0724638 0.057971 0 0.0144928 0.0724638 0 0.0434783 0.0434783 0.0724638 0.0434783 0 0.0289855 0 0 0.0144928 0 0 0.0289855 0 0 0.0144928 0.0724638 0 0.0434783 0 0 0 0 0.0144928 0 0 0.0144928 0 0 
7 0 0 0 0 0.111111 0 0.111111 0 0 0 0 0.111111 0 0 0 0.222222 0 0 0 0 0 0 0 0 0 0 0 0 0 0 0 0 0 0 0 0 0 0.333333 0.111111 0 0 0 0 0 0 0 0 0 0 0 0 0 0 0 0 0 0 0 0 0 0 0 0 0 0 0 0 0 0 0.555556 0 0 0 0 0 0.111111 0 0 0 0 0 0 0 0 0 0 0 0 0.111111 0.222222 0 0 0 0 0 0 0 0 0 0 
7 0 0 0 0 0.0606061 0 0.0606061 0.0909091 0 0 0 0 0 0 0 0 0 0 0 0 0 0 0 0 0 0 0 0 0 0 0 0 0.030303 0 0 0 0 0 0.181818 0.0909091 0.272727 0 0.030303 0 0.181818 0 0 0 0 0 0.0606061 0 0.0909091 0 0 0 0 0 0.212121 0 0 0 0 0 0.121212 0 0 0 0 0.030303 0.030303 0 0 0.121212 0 0.0606061 0 0 0 0.030303 0 0 0 0 0 0 0.0909091 0 0 0.121212 0 0 0 0 0.030303 0 0 0 0 0 
7 0 0.0769231 0 0 0 0 0.0576923 0.0192308 0 0 0.0384615 0 0 0.0192308 0 0 0.173077 0 0 0 0 0 0 0 0.0961538 0 0 0 0.0384615 0 0.115385 0 0 0 0 0 0.0384615 0.0192308 0 0.0769231 0 0 0.0576923 0.0769231 0.0769231 0.0192308 0 0 0 0 0.0192308 0 0.0192308 0 0 0 0 0 0.0192308 0.153846 0 0.0192308 0 0.0576923 0 0 0.0192308 0 0 0 0.134615 0 0.0961538 0.0769231 0 0 0 0.0384615 0 0.0192308 0 0 0.0192308 0.0192308 0 0.0192308 0.153846 0.0576923 0 0.0192308 0 0 0.0192308 0 0.0192308 0 0 0 0 0 
7 0 0 0 0 0.177778 0 0.0888889 0.0222222 0 0 0.0222222 0 0.0444444 0.177778 0 0 0 0 0 0 0.111111 0.0888889 0 0 0.0222222 0 0 0.0222222 0.2 0 0 0 0 0 0 0 0 0 0 0.0222222 0 0 0 0 0 0 0 0 0 0 0 0 0.288889 0 0 0 0 0.0222222 0 0.0888889 0 0.0222222 0.0888889 0 0.111111 0.0222222 0 0 0 0 0 0.0444444 0 0.0222222 0 0 0 0.0666667 0 0 0.0222222 0 0 0 0 0 0.0222222 0.0888889 0 0.0666667 0 0.0222222 0 0 0 0 0 0 0 0 
7 0 0 0 0 0.23913 0 0.108696 0 0 0 0.0652174 0 0 0 0 0 0.0434783 0 0 0 0 0 0 0 0 0 0 0 0.0217391 0 0.108696 0 0 0 0 0 0.217391 0 0 0.0434783 0.0869565 0 0.0652174 0 0 0 0 0 0 0 0.0217391 0 0.0434783 0 0 0.0652174 0 0 0.108696 0.108696 0 0 0 0 0.0217391 0 0 0 0 0 0.195652 0 0.0217391 0 0 0.108696 0 0 0 0 0 0 0 0.0869565 0 0.0869565 0.0869565 0.0217391 0 0 0 0 0 0 0.0217391 0 0 0 0 0 
7 0 0 0 0 0 0 0.0714286 0 0 0 0 0 0 0 0 0 0.0714286 0 0 0 0 0 0 0 0 0 0 0 0 0 0.0714286 0 0 0 0 0 0 0.5 0 0.285714 0 0 0 0 0 0 0 0 0 0 0.0714286 0 0 0 0 0.214286 0 0.0714286 0.0714286 0 0 0 0 0.0714286 0 0 0 0 0 0.285714 0 0 0 0 0 0 0 0 0 0 0 0 0 0.0714286 0 0 0 0 0 0.142857 0 0 0 0 0 0 0 0 0 0 
8 0.145455 0.145455 0.0545455 0.0545455 0 0 0 0 0 0 0.0363636 0 0 0.0181818 0.0727273 0 0.145455 0 0.0727273 0 0 0 0 0 0 0 0 0 0.0545455 0 0 0 0 0 0.0181818 0 0.0363636 0 0 0 0 0 0.109091 0 0 0.0363636 0 0 0 0 0 0.0727273 0 0 0 0 0.0181818 0 0.0181818 0.0727273 0 0 0.0181818 0 0 0 0.0727273 0 0 0 0.0727273 0 0.0363636 0 0.0909091 0 0 0.2 0 0.109091 0 0.0181818 0.0909091 0 0 0 0.0727273 0.0181818 0 0 0 0 0 0 0 0 0 0.0181818 0 0 
8 0.270833 0 0.0416667 0.111111 0 0.0347222 0 0 0 0.0416667 0 0.0347222 0 0 0 0 0.00694444 0.0277778 0.0972222 0 0 0 0 0 0 0 0 0 0 0.0347222 0 0.0138889 0 0.0138889 0.229167 0 0.0138889 0 0.00694444 0 0 0 0 0 0.00694444 0 0 0.00694444 0.00694444 0 0 0.0833333 0 0.0208333 0 0 0.333333 0 0.00694444 0.00694444 0 0 0 0 0 0 0.00694444 0 0 0 0.00694444 0 0 0.00694444 0.104167 0 0 0 0.0138889 0 0 0.125 0.229167 0 0 0 0 0 0 0 0.0555556 0 0 0 0 0 0 0 0 0 
8 0 0.0588235 0 0 0 0 0 0 0 0 0 0 0.0588235 0 0 0.0588235 0.0588235 0 0 0 0 0 0.0588235 0 0.176471 0 0 0 0.0588235 0 0 0 0 0 0 0 0 0 0 0.0588235 0 0 0 0 0 0.411765 0 0 0 0 0 0 0 0 0.0588235 0 0 0 0.0588235 0.235294 0 0 0.176471 0.0588235 0.235294 0 0 0 0 0 0 0 0 0 0 0 0 0.117647 0 0 0 0 0 0 0 0 0 0.0588235 0 0 0 0 0 0 0 0 0 0 0 0 
8 0 0 0 0 0 0 0 0 0 0 0.109375 0.03125 0 0 0.25 0 0 0 0.015625 0 0 0 0.015625 0 0 0 0 0 0.015625 0 0 0 0 0 0.015625 0 0.1875 0 0 0 0.03125 0 0.03125 0 0 0.296875 0 0 0 0 0 0 0 0.015625 0.015625 0 0 0 0.046875 0.171875 0 0 0.046875 0 0.234375 0 0 0.0625 0 0 0 0 0 0.03125 0.078125 0 0 0.15625 0 0 0 0 0 0 0 0 0.015625 0.015625 0 0 0 0 0 0 0 0.0625 0.015625 0.03125 0 0 
8 0 0.16129 0 0 0 0 0 0 0 0 0 0 0 0 0 0 0.0967742 0 0 0 0.16129 0 0 0 0.0967742 0 0 0 0.0322581 0 0.193548 0 0 0 0 0 0 0 0 0.0967742 0 0 0 0 0.0322581 0.0967742 0 0 0 0.0322581 0 0 0 0 0.0645161 0.0645161 0 0.0322581 0.0322581 0.225806 0 0.0322581 0 0.0322581 0.0322581 0.0322581 0 0.129032 0 0 0.0322581 0 0 0 0 0 0 0.0322581 0 0 0 0 0 0 0.0322581 0.16129 0 0.0322581 0 0 0 0 0 0 0 0 0 0 0 0.0322581 
8 0 0.0597015 0 0 0.0149254 0 0 0 0.0298507 0 0.0447761 0 0 0 0 0 0.223881 0 0 0 0 0 0 0 0.0447761 0 0 0 0.0149254 0.0447761 0 0 0 0 0.0597015 0 0.104478 0 0.0298507 0.0149254 0.0895522 0 0.134328 0 0.0447761 0.0447761 0 0 0 0 0.0597015 0.0149254 0.0149254 0.0447761 0 0 0.0298507 0 0.0597015 0.104478 0 0 0.0746269 0.0447761 0.0746269 0 0 0.0447761 0 0 0.0298507 0 0 0.0447761 0.0298507 0 0 0.0447761 0 0.0149254 0 0.0895522 0 0 0.0447761 0 0.0447761 0.0447761 0 0.0149254 0 0 0 0 0 0 0.0298507 0 0 0 
8 0.0208333 0.291667 0.0208333 0 0 0 0 0 0 0 0 0 0 0.333333 0.0208333 0 0 0 0.0416667 0 0.0625 0 0 0 0.0208333 0 0 0 0.0625 0 0 0 0 0 0 0 0 0 0 0 0 0 0 0 0 0.125 0 0 0 0 0 0 0.0416667 0 0.104167 0.0208333 0.0208333 0 0.0208333 0.145833 0.0208333 0.125 0.0208333 0.0208333 0.0625 0 0.0208333 0 0 0.0416667 0 0 0.0208333 0 0.0833333 0.0416667 0 0.125 0 0 0 0 0 0 0 0.0208333 0 0 0 0 0 0 0 0 0 0.0208333 0 0.0208333 0 0 
8 0.0784314 0.0784314 0.359477 0.0326797 0 0.0522876 0 0 0 0.00653595 0.00653595 0.00653595 0 0 0 0 0.00653595 0.0457516 0.0326797 0 0 0 0 0.00653595 0.00653595 0 0 0 0 0.00653595 0 0.183007 0 0 0.0457516 0 0.0130719 0 0 0 0 0 0 0 0 0.0196078 0 0.00653595 0.00653595 0 0 0.0261438 0.0392157 0.0261438 0 0 0.124183 0 0.0261438 0.00653595 0 0 0 0 0.0196078 0 0 0 0 0 0 0 0.00653595 0 0.0653595 0 0 0.0196078 0.0326797 0 0 0.156863 0.104575 0 0 0 0 0.0130719 0 0 0.0784314 0 0.00653595 0 0.00653595 0 0.00653595 0.235294 0 0 
8 0 0.310345 0 0 0 0 0 0 0 0 0 0 0 0 0.0344828 0 0.0689655 0 0 0 0 0 0 0 0.0689655 0 0 0 0.0689655 0 0 0 0 0 0 0 0 0 0 0 0 0 0 0 0 0.448276 0 0 0 0 0 0 0 0 0.0344828 0 0 0 0 0.172414 0 0 0.0689655 0 0.241379 0 0 0.0689655 0 0 0 0 0 0 0.0689655 0 0 0.275862 0 0 0 0 0 0 0 0.0689655 0 0 0 0 0 0 0 0 0 0 0 0 0 0 
8 0.246575 0 0 0.184932 0 0.0410959 0 0 0 0 0.00684932 0.0821918 0 0 0.0136986 0 0 0.0342466 0.0410959 0 0 0 0 0 0 0 0 0 0 0.0273973 0 0 0 0.0273973 0.00684932 0.0616438 0.0205479 0 0 0 0 0 0.00684932 0 0 0.0205479 0 0.178082 0 0 0 0.219178 0 0.0273973 0 0 0.205479 0 0 0 0.0136986 0 0.0136986 0 0 0 0.0136986 0 0 0 0 0 0.0205479 0 0.0821918 0 0 0.00684932 0.0890411 0.0273973 0 0.0616438 0.130137 0 0 0 0 0 0 0 0.0821918 0 0 0 0 0 0.00684932 0 0 0 
8 0 0 0 0 0 0 0 0 0 0 0 0 0 0 0 0 0 0 0 0 0 0 0 0 0.133333 0 0 0 0.133333 0 0.0666667 0 0 0 0 0 0.133333 0.0666667 0 0.466667 0 0 0 0 0 0 0 0 0 0 0 0 0 0 0 0.2 0 0 0.266667 0 0 0 0.0666667 0.133333 0 0 0.0666667 0 0 0 0 0 0 0.133333 0 0.0666667 0 0 0 0 0 0 0 0 0 0 0 0 0 0.0666667 0 0 0 0 0 0 0 0 0 0 
8 0 0.0416667 0 0.0138889 0 0 0 0 0.111111 0 0.0277778 0 0 0 0.0138889 0.0138889 0.0972222 0 0 0 0 0 0.0138889 0 0.0416667 0 0 0 0.0138889 0 0 0 0 0.0277778 0 0 0.194444 0 0.0416667 0 0.0138889 0.0833333 0.0833333 0.0138889 0.0277778 0.0694444 0 0.0555556 0 0 0 0.0694444 0 0 0 0 0 0 0.0138889 0.0416667 0 0 0.0833333 0.0138889 0.0277778 0 0.0416667 0 0 0 0.0833333 0 0.125 0.0277778 0.0138889 0 0 0.0416667 0.125 0.0138889 0 0.0138889 0.0138889 0 0 0.0277778 0.208333 0.0138889 0 0 0 0 0 0 0 0 0 0 0 0 
8 0 0.0769231 0 0 0 0 0 0 0 0 0 0 0 0 0 0 0.192308 0 0 0 0 0 0 0 0.192308 0 0 0 0.192308 0 0.0769231 0 0 0 0 0 0 0 0 0 0 0 0 0.0384615 0.0769231 0.115385 0.0384615 0 0 0 0 0 0.0384615 0 0 0.0384615 0 0 0.0769231 0.230769 0 0 0.0769231 0.0384615 0.153846 0 0.0384615 0.0384615 0 0 0.0769231 0 0 0 0 0 0 0.115385 0 0 0 0 0 0 0 0 0 0.0384615 0 0 0 0 0 0.0384615 0 0 0 0 0 0 
8 0.0102041 0 0 0.0816327 0 0 0 0 0 0.163265 0 0.0204082 0 0 0.0714286 0 0.0102041 0 0.0510204 0 0 0 0 0 0 0 0 0 0 0.132653 0.0204082 0 0 0.0102041 0.214286 0 0.132653 0 0 0 0 0.0102041 0 0.0102041 0 0.0612245 0 0 0 0 0 0.0816327 0.0102041 0.0408163 0 0 0.0204082 0 0 0.0816327 0 0 0 0 0.0204082 0 0 0 0 0 0.0816327 0 0.0102041 0 0.132653 0.0102041 0 0.0408163 0.0306122 0.0102041 0 0.122449 0.183673 0 0 0 0 0 0 0 0 0 0 0 0 0 0.122449 0 0 0 
9 0 0 0 0 0 0 0 0 0 0 0 0.4 0 0 0 0 0 0 0 0 0 0.3 0 0 0 0 0 0 0 0 0 0 0 0 0.1 0 0 0 0 0 0 0 0 0 0 0 0 0 0.1 0.1 0 0 0 0 0 0 0 0 0 0 0 0 0 0 0 0 0 0 0 0 0 0.5 0 0 0 0 0 0 0 0 0 0 0 0 0 0 0 0 0 0 0 0 0 0 0 0 0 0 0 0.5 
9 0 0 0 0 0 0 0 0 0 0 0 0 0 0 0 0 0 0 0 0 0 0.4 0 0 0 0 0 0 0 0 0 0 0.2 0 0 0 0 0 0 0 0 0 0 0 0 0 0 0 0 0.4 0 0 0 0 0 0 0 0 0 0 0 0 0 0 0 0 0 0 0 0 0 0 0 0 0 0 0 0 0 0 0 0 0 0 0 0 0 0 0 0 0 0 0 0 0 0 0.2 0 0 0.8 
9 0 0 0 0 0 0 0 0 0 0 0 0 0 0 0 0 0 0 0 0 0 0.5 0 0 0 0 0 0 0 0 0 0 0 0 0 0 0 0 0 0 0 0 0 0 0 0 0 0 0 0.5 0 0 0 0 0 0 0 0 0 0 0 0 0 0 0 0 0 0 0 0 0 0.666667 0 0 0 0 0 0 0 0 0 0 0 0 0 0 0 0 0 0 0 0 0 0 0 0 0 0 0 0.333333 
9 0 0 0 0 0 0 0 0 0 0 0 0 0 0 0 0 0 0 0 0 0 0.714286 0 0 0 0 0 0 0 0 0 0 0 0 0 0 0 0 0 0.142857 0 0 0 0 0.142857 0 0 0 0 0 0 0 0 0 0 0 0 0 0 0 0 0 0 0 0 0 0 0.142857 0 0 0 0.285714 0 0.142857 0 0 0 0 0 0 0 0 0 0 0 0 0 0 0 0.142857 0 0 0 0 0 0 0 0 0 0.285714 
9 0 0 0.125 0 0 0 0 0 0 0 0 0 0 0 0 0 0 0 0 0 0 0.625 0 0 0 0 0 0 0 0 0 0 0 0 0 0 0 0 0 0 0 0 0 0 0 0 0 0 0 0.25 0 0 0 0 0 0 0 0 0 0 0 0 0 0 0 0 0 0 0 0 0 0.75 0 0 0 0 0 0 0 0.125 0 0 0 0 0 0 0 0 0 0 0 0 0 0 0 0 0 0 0 0.125 
9 0 0 0 0 0 0 0 0.0869565 0.347826 0 0 0 0 0 0 0 0 0 0 0 0 0.130435 0 0 0 0 0 0 0 0.0434783 0 0 0 0 0 0 0.217391 0 0 0 0 0 0 0 0.130435 0 0 0 0 0.0434783 0.130435 0 0 0 0.0434783 0 0 0 0.0434783 0.0434783 0 0 0 0 0 0 0.0434783 0 0 0 0.391304 0.0869565 0 0.0434783 0 0 0.0434783 0 0 0 0 0 0 0 0 0 0.0434783 0 0 0 0.0434783 0 0 0 0 0 0 0 0 0.0434783 
9 0 0 0 0 0 0 0 0 0 0 0 0 0 0 0 0 0 0 0 0 0 0.25 0 0 0 0 0 0 0 0 0 0 0 0 0 0 0 0 0 0 0 0 0 0 0 0 0.25 0 0 0.5 0 0 0 0 0 0 0 0 0 0 0 0 0 0 0 0 0 0 0 0 0 0.25 0 0 0 0 0 0 0 0 0 0 0 0 0 0 0 0 0.25 0 0 0 0 0 0 0 0 0 0 0.5 
9 0 0 0 0 0 0 0 0 0 0 0 0 0 0 0 0 0 0 0 0 0 0.625 0 0 0 0 0 0 0 0 0 0 0 0 0 0.125 0.125 0 0 0 0 0.125 0 0 0 0 0 0 0 0 0 0 0 0 0 0 0 0 0 0 0 0 0 0 0 0 0 0 0 0 0 0.375 0 0 0 0 0.25 0 0 0 0 0 0 0 0 0 0 0 0.125 0 0 0 0 0 0 0 0 0 0 0.25 
9 0 0 0 0 0 0 0 0 0 0 0 0 0 0 0 0 0 0 0 0 0 0.714286 0 0 0 0 0 0 0 0 0 0 0 0 0 0 0 0 0 0 0 0 0 0 0 0 0 0 0 0.285714 0 0 0 0 0 0 0 0 0 0 0 0 0 0 0 0 0 0 0 0 0.142857 0.285714 0 0 0 0 0 0 0 0 0 0 0 0 0 0 0 0 0 0 0 0 0 0.142857 0 0 0 0 0 0.428571 
9 0 0 0 0 0 0 0 0 0 0 0 0 0 0 0 0 0 0 0 0 0 0.75 0 0 0 0 0 0 0 0 0 0 0 0 0 0 0 0 0 0 0 0 0 0 0 0 0 0 0 0.25 0 0 0 0 0 0 0 0 0 0 0 0 0 0 0 0 0 0 0 0 0 0 0 0 0 0 0.375 0 0 0 0 0 0 0 0 0 0 0 0 0 0 0 0 0 0 0 0 0 0 0.625 
9 0 0 0 0 0 0 0 0 0 0 0 0 0 0 0 0 0 0 0 0 0 0.111111 0 0.222222 0 0 0 0 0 0 0 0 0 0 0 0 0 0 0 0 0 0 0 0 0 0 0.444444 0 0 0.222222 0 0 0 0 0 0 0 0 0 0 0 0 0 0 0 0 0 0 0 0 0 0.222222 0 0 0 0 0 0 0 0 0 0 0 0 0 0 0 0 0 0 0 0 0 0.444444 0 0 0 0 0.333333 0 
9 0 0 0.0909091 0 0 0 0 0 0 0 0 0 0 0 0 0 0 0 0 0 0 0 0 0.727273 0 0 0 0 0 0 0 0 0 0 0 0.0909091 0 0 0 0 0 0 0 0 0.0909091 0 0 0 0 0 0 0 0 0 0 0 0 0 0 0 0 0 0 0 0 0 0 0 0 0 0 0 0 0 0 0 0 0 0 0.0909091 0 0 0 0 0 0 0.0909091 0 0.0909091 0 0 0 0 0 0 0 0 0 0.727273 0 
9 0 0 0 0 0 0 0 0 0 0 0 0 0 0 0 0 0 0 0 0 0 0.111111 0 0 0 0 0 0 0 0 0 0 0 0 0 0 0 0 0 0 0 0 0 0 0 0 0 0 0 0.888889 0 0 0 0 0 0 0 0 0 0 0 0 0 0 0 0 0 0 0 0 0 0.888889 0 0 0 0 0 0 0 0 0 0 0 0 0 0 0 0 0 0 0 0 0 0 0 0 0 0 0 0.111111 
9 0 0 0 0 0 0 0 0 0 0 0 0 0 0 0 0 0 0 0 0 0 0.545455 0 0 0 0 0 0 0 0 0 0 0 0 0 0 0 0 0.0909091 0 0.181818 0 0 0.0909091 0.0909091 0 0 0 0 0 0 0 0 0 0 0 0 0 0.0909091 0 0 0 0 0 0 0 0 0 0.0909091 0 0 0.0909091 0.0909091 0 0 0.0909091 0 0 0 0.0909091 0 0 0 0 0 0 0 0 0 0 0 0 0.0909091 0 0 0 0 0 0 0.363636 
10 0 0 0 0 0 0 0 0 0 0 0 0 0 0 0.0769231 0.153846 0.230769 0 0 0 0 0 0 0 0.230769 0 0 0 0.230769 0 0 0 0 0 0 0 0 0 0 0 0 0 0 0 0 0.0769231 0 0 0 0 0 0 0 0 0.153846 0.0769231 0 0 0.0769231 0 0 0 0 0.153846 0 0 0 0 0 0 0 0 0.0769231 0.153846 0 0 0 0.153846 0 0 0 0 0 0 0 0 0 0.0769231 0.0769231 0 0 0 0 0 0 0 0 0 0 0 
10 0 0 0 0 0 0 0 0 0 0 0 0 0 0 0 0.0714286 0 0 0 0 0 0 0 0 0 0 0 0 0.142857 0 0.285714 0 0 0 0 0 0 0.0714286 0.0714286 0 0.142857 0 0 0 0.214286 0 0 0 0 0 0 0 0.0714286 0 0 0 0 0 0.142857 0.0714286 0 0 0 0.0714286 0 0 0.0714286 0 0 0.0714286 0 0 0 0.142857 0 0.214286 0 0 0 0 0 0 0 0 0 0 0.0714286 0.0714286 0 0 0 0 0 0 0 0 0 0 0 0 
10 0 0 0 0 0 0 0 0 0 0 0 0 0 0 0 0.5 0 0 0 0 0 0 0 0 0 0 0 0 0 0 0 0 0 0 0 0 0 0 0 0.5 0 0 0 0 0 0 0 0 0 0 0 0 0 0 0 0.5 0 0 0 0 0 0 0 0.5 0 0 0 0 0 0 0 0 0 0 0 0 0 0 0 0 0 0 0 0 0 0 0 0 0 0 0 0 0 0 0 0 0 0 0 0 
10 0 0 0 0 0.166667 0 0 0 0 0 0 0 0 0 0.166667 0 0.0833333 0 0 0 0 0 0 0 0 0 0.0833333 0 0.0833333 0 0.0833333 0 0 0 0 0 0.0833333 0 0 0 0 0 0 0.166667 0 0 0 0 0.0833333 0 0 0 0.166667 0.0833333 0 0 0 0 0 0.0833333 0 0 0 0 0.333333 0 0 0.166667 0 0 0 0 0 0 0 0 0 0 0 0 0 0 0 0 0 0 0 0.0833333 0 0 0 0 0.0833333 0 0 0 0 0 0 0 
10 0 0 0 0 0.125 0 0 0 0 0 0.125 0 0 0 0 0 0 0 0 0 0 0 0 0 0 0 0 0 0 0 0 0 0 0 0 0 0 0.375 0 0.125 0 0 0 0 0 0.25 0 0 0 0 0 0 0 0 0 0.25 0 0 0 0 0 0 0 0 0.125 0 0 0.125 0 0.25 0 0 0 0 0 0 0 0 0 0 0 0 0 0 0 0 0 0.125 0 0.125 0 0 0 0 0 0 0 0 0 0 
10 0 0 0 0 0.117647 0 0 0 0 0 0.0588235 0 0.0588235 0 0 0 0 0 0 0 0 0 0 0 0 0 0 0 0.117647 0 0 0 0 0 0 0 0 0 0.176471 0.117647 0.176471 0 0 0 0.117647 0.0588235 0 0 0 0 0 0 0.0588235 0 0 0 0 0 0.294118 0 0 0 0 0 0.117647 0 0 0 0 0 0.0588235 0 0 0.117647 0 0 0 0.0588235 0 0 0 0 0 0 0 0 0.117647 0.176471 0 0 0 0 0 0 0 0 0 0 0 0 
10 0 0 0 0 0 0 0 0 0 0 0 0 0 0.222222 0 0 0 0 0 0 0.222222 0 0 0 0.111111 0 0 0 0 0 0 0 0 0 0 0 0 0 0 0.333333 0 0 0 0 0 0 0 0 0 0.111111 0 0 0 0 0 0.222222 0 0 0 0 0 0 0 0 0 0 0 0 0 0.222222 0 0 0 0 0 0 0 0.111111 0 0 0 0 0 0 0.111111 0 0 0 0.111111 0.222222 0 0 0 0 0 0 0 0 0 0 
10 0 0.0909091 0 0 0 0 0 0 0 0 0 0 0 0.0909091 0 0.0909091 0 0 0 0 0.0909091 0 0 0.0909091 0.272727 0 0 0 0 0 0 0 0 0 0 0 0 0.181818 0 0 0 0 0 0 0.0909091 0 0 0 0 0 0 0 0 0 0 0.272727 0 0 0.0909091 0 0.0909091 0.0909091 0 0.0909091 0 0 0.0909091 0 0 0 0 0 0 0 0 0.0909091 0 0.181818 0 0 0 0 0 0 0 0 0 0 0 0 0 0 0 0 0 0 0 0 0 0 
10 0 0 0 0 0 0 0 0 0 0 0 0 0 0 0.0666667 0.0666667 0.0666667 0 0 0 0 0 0 0.0666667 0.133333 0 0 0 0 0 0.0666667 0 0 0 0 0 0.0666667 0 0 0.266667 0 0 0 0 0.0666667 0.133333 0 0 0 0 0 0 0 0 0.0666667 0.0666667 0 0 0 0.133333 0 0 0 0 0 0 0 0.133333 0 0 0 0 0 0 0 0.2 0 0 0 0 0 0 0 0 0 0 0 0.133333 0.0666667 0.133333 0 0 0 0 0.0666667 0 0 0 0 0 
10 0.0454545 0.0227273 0 0.295455 0 0 0 0 0 0 0.0454545 0.0227273 0 0 0.0909091 0 0.136364 0 0 0 0 0 0 0 0 0 0 0 0.0681818 0 0 0 0 0.0227273 0 0 0.0909091 0 0.0454545 0 0 0 0.0454545 0 0.0227273 0.0454545 0 0 0 0 0 0 0 0.0227273 0.0454545 0 0.0227273 0 0.0454545 0.0454545 0 0 0 0 0.0227273 0 0 0.0454545 0 0 0.0227273 0 0.0681818 0.0227273 0.0227273 0 0 0.0909091 0.0909091 0 0 0 0 0 0.0227273 0 0.0454545 0.0227273 0 0 0.318182 0 0 0 0.0227273 0 0 0 0 0 
10 0 0 0 0 0 0 0 0 0 0.166667 0 0 0.166667 0 0 0.166667 0 0 0 0 0 0 0 0 0 0 0 0 0 0 0 0 0 0 0 0 0 0.333333 0 0.166667 0 0 0 0 0 0 0 0 0 0 0 0 0 0 0 0.166667 0 0.166667 0 0 0 0 0 0 0 0 0 0 0 0 0 0 0 0 0 0 0 0 0 0 0.166667 0 0 0 0 0.166667 0 0 0 0.166667 0 0 0 0 0 0 0 0 0 0.166667 
10 0 0 0 0 0 0 0 0 0.235294 0 0 0 0 0 0 0.0294118 0.117647 0 0 0 0 0 0 0 0 0 0 0 0 0 0.0294118 0 0 0 0 0 0.147059 0 0.294118 0 0 0 0 0 0.147059 0 0 0 0 0 0 0 0 0 0.0294118 0 0 0 0.0882353 0.0294118 0 0 0 0 0 0 0 0 0 0 0.352941 0 0.205882 0.176471 0 0 0 0.0882353 0 0 0 0 0 0 0 0 0.0294118 0 0 0 0 0 0 0 0 0 0 0 0 0 
10 0 0.0666667 0 0 0 0 0 0 0 0 0.0666667 0 0 0 0.0666667 0.0666667 0.0666667 0 0 0 0 0 0.266667 0 0 0 0 0 0 0 0 0 0 0 0 0 0 0 0 0.133333 0 0 0.0666667 0 0.133333 0.0666667 0 0 0 0 0 0 0 0 0.0666667 0.0666667 0 0 0.133333 0 0 0 0 0 0 0 0 0 0 0 0 0 0 0.0666667 0 0.0666667 0 0 0 0 0 0 0 0 0.133333 0.0666667 0 0.133333 0 0 0 0 0 0 0.0666667 0.2 0 0 0 0 
10 0.0526316 0 0 0.0263158 0 0 0 0 0.0789474 0.0263158 0.263158 0.0263158 0 0 0.0263158 0 0 0 0 0 0 0 0.131579 0 0 0 0 0 0.0789474 0 0 0 0 0 0 0.0263158 0.131579 0 0 0 0.0263158 0 0 0 0.0263158 0.0263158 0 0.0526316 0 0 0 0 0.131579 0 0.0263158 0 0.131579 0 0.0263158 0.0526316 0 0 0 0 0.0789474 0 0 0.0526316 0 0 0.0526316 0 0 0 0 0.157895 0 0 0 0 0 0.0263158 0.0263158 0 0.0789474 0 0.0789474 0.0263158 0 0 0 0 0 0 0 0.0526316 0 0 0 0 
11 0 0.4 0 0 0 0 0 0 0 0 0 0 0 0.0666667 0 0.0666667 0 0 0 0 0.0666667 0 0 0 0.133333 0 0 0 0 0 0 0 0 0 0.0666667 0 0 0 0 0.133333 0 0 0 0 0 0.0666667 0 0 0 0 0 0 0 0 0.0666667 0.0666667 0 0 0 0 0 0 0.133333 0.0666667 0 0.0666667 0 0 0 0 0 0.0666667 0 0 0 0 0 0.266667 0 0 0 0 0 0 0 0.133333 0 0 0 0.133333 0 0 0 0 0 0 0 0 0 0 
11 0.142857 0.119048 0.0833333 0.0238095 0 0.154762 0 0 0 0.0238095 0 0 0 0.0595238 0.0119048 0.0119048 0.0119048 0.0357143 0.0357143 0 0 0 0 0 0.0119048 0 0 0 0.119048 0 0 0 0.0119048 0.0119048 0.047619 0 0 0 0 0.0357143 0 0 0.0357143 0 0.0119048 0 0 0 0 0 0 0.238095 0.0119048 0 0 0 0 0 0.0119048 0.107143 0.0357143 0 0.0119048 0.0357143 0.0357143 0 0.0952381 0 0 0 0 0 0.0119048 0 0.154762 0.0119048 0 0.0595238 0 0 0 0.0119048 0.0595238 0 0 0 0 0 0 0.0119048 0 0 0 0 0 0 0 0.0952381 0 0 
11 0 0 0 0 0 0 0 0 0 0 0 0 0 0 0 0 0 0 0 0 0.636364 0 0 0 0 0.0909091 0 0.272727 0 0 0 0 0 0 0 0 0 0 0 0 0 0 0 0 0 0 0 0 0 0 0 0 0 0 0 0 0 0.909091 0 0 0 0 0 0 0 0 0 0 0 0 0 0 0 0 0 0 0 0 0 0 0 0 0 0 0 0 0 0 0 0 0 0 0 0 0 0 0 0 0.0909091 0 
11 0 0 0 0 0.0135135 0 0 0.0135135 0.0135135 0 0.027027 0 0 0 0 0.0135135 0.324324 0 0 0 0 0 0 0 0.0135135 0 0 0 0.121622 0 0.0810811 0 0 0 0 0 0.175676 0 0 0.0405405 0 0 0.148649 0 0.0135135 0 0 0 0 0 0 0 0.216216 0 0 0 0 0 0.027027 0.27027 0 0 0 0 0.108108 0 0.0135135 0 0 0 0.0540541 0 0.0135135 0.027027 0 0 0 0.108108 0 0 0 0 0 0 0 0.027027 0.0135135 0.0945946 0 0 0 0 0 0 0.027027 0 0 0 0 0 
11 0 0 0 0 0 0 0 0 0 0 0 0 0 0 0 0.111111 0 0 0 0 0 0.666667 0 0 0 0 0 0 0 0 0 0 0 0 0 0 0 0 0 0 0 0 0 0 0 0 0 0 0 0.222222 0 0 0 0 0 0 0 0 0 0 0.111111 0 0.111111 0 0 0 0 0 0 0 0 0.111111 0 0 0 0 0.333333 0 0 0 0 0 0 0 0 0.111111 0 0 0 0 0 0 0 0 0 0 0 0 0 0.222222 
11 0 0 0 0 0 0 0 0 0 0 0 0 0 0 0 0.363636 0 0 0 0 0 0.0909091 0 0 0 0 0 0 0 0 0 0 0.454545 0 0 0 0 0 0 0.0909091 0 0 0 0 0 0 0 0 0 0 0 0.0909091 0 0 0 0 0 0 0 0 0.272727 0 0 0.181818 0 0 0 0 0 0 0 0 0 0 0 0 0.181818 0.181818 0 0.0909091 0 0 0 0 0 0 0 0 0 0 0 0 0 0 0 0 0 0 0 0 
11 0 0 0 0 0 0 0 0 0 0 0 0 0 0 0 0.111111 0 0 0 0 0.111111 0.222222 0 0.111111 0.111111 0.333333 0 0 0 0 0 0 0 0 0 0 0 0 0 0 0 0 0 0 0 0 0 0 0 0 0 0 0 0 0.111111 0 0 0 0 0 0 0.111111 0 0.222222 0.111111 0 0 0.111111 0 0 0 0 0 0 0 0 0.111111 0 0 0 0 0 0 0 0 0.111111 0 0 0 0.111111 0 0 0 0 0 0 0 0 0 0 
11 0 0.181818 0 0 0 0 0 0 0 0 0 0 0 0 0 0 0 0 0 0 0 0.181818 0 0 0 0 0 0 0 0 0 0 0.636364 0 0 0 0 0 0 0 0 0 0 0 0 0 0 0 0 0 0 0 0 0 0 0 0 0 0 0 0.272727 0 0.181818 0 0.0909091 0 0 0 0 0 0 0 0 0 0 0 0.181818 0 0 0 0 0 0 0 0 0 0 0 0.0909091 0.0909091 0 0 0 0 0 0 0 0 0.0909091 0 
11 0 0 0 0 0 0 0 0 0 0 0 0 0 0 0.111111 0 0 0 0 0.444444 0.111111 0.111111 0 0 0 0 0 0 0 0 0 0 0 0 0 0 0 0 0 0.111111 0 0 0 0 0 0 0.111111 0 0 0 0 0 0 0 0 0 0 0 0 0 0.222222 0 0.111111 0 0 0 0 0 0 0 0 0 0 0 0 0 0.111111 0 0 0 0 0 0 0 0 0 0 0 0 0 0 0 0 0 0 0 0 0 0.555556 0 
11 0 0 0 0 0 0 0 0 0 0 0 0 0 0 0 0.454545 0 0 0 0 0 0 0 0 0 0.272727 0 0 0 0 0 0 0 0 0 0 0 0 0 0.272727 0 0 0 0 0 0 0 0 0 0 0 0 0 0 0 0.181818 0 0 0 0 0.0909091 0.0909091 0.272727 0 0.0909091 0 0 0 0 0 0 0 0 0 0 0 0 0.0909091 0 0 0 0 0 0 0 0.0909091 0 0 0 0 0 0 0 0 0 0 0 0 0.0909091 0 
11 0 0 0 0 0 0 0.0322581 0 0.387097 0 0 0 0 0 0 0.129032 0.0645161 0 0 0 0 0 0 0 0.0645161 0 0 0 0 0 0 0 0.0645161 0 0 0 0.0967742 0 0 0.0645161 0 0 0 0 0.0645161 0.0322581 0 0 0 0 0.290323 0 0 0 0 0 0 0 0 0 0.0322581 0 0.0645161 0.0322581 0 0.0322581 0 0 0 0 0.16129 0 0 0 0 0 0 0 0 0 0 0 0 0 0 0 0.0322581 0 0.0322581 0.16129 0 0 0.129032 0 0 0 0 0 0.0322581 0 
11 0 0 0 0 0 0 0.1 0 0 0 0 0 0 0 0 0.4 0 0 0 0 0 0 0 0.2 0 0 0 0 0 0 0 0 0 0 0 0 0 0 0.1 0.1 0 0 0 0 0.1 0 0 0 0 0 0 0 0 0 0 0 0 0 0 0 0 0.1 0 0 0.1 0.1 0.1 0 0 0 0 0 0 0 0 0 0 0.1 0 0 0 0 0 0 0 0 0 0 0 0.1 0 0 0 0 0 0 0 0 0.4 0 
11 0 0 0 0 0 0 0 0 0 0 0 0 0 0 0 0.125 0 0 0 0 0 0.25 0 0.25 0 0 0 0 0 0 0 0 0 0 0 0 0 0 0 0.125 0 0 0 0 0 0 0 0 0 0.25 0 0 0 0 0 0 0 0 0 0 0.25 0 0 0 0 0 0 0 0.125 0 0 0 0 0 0 0 0 0 0 0 0 0 0 0 0 0 0 0 0 0.125 0 0 0 0.125 0 0 0 0 0.375 0 
11 0 0 0 0 0 0 0.0555556 0 0 0 0 0 0 0 0 0.111111 0 0 0 0 0 0 0 0 0.0555556 0 0 0 0.166667 0 0 0 0 0 0 0 0 0 0 0.222222 0.111111 0 0.166667 0 0.111111 0 0 0 0 0 0 0 0.111111 0 0 0 0 0 0 0.111111 0 0 0.111111 0 0.277778 0 0 0 0 0 0 0 0 0.111111 0 0 0 0 0 0 0 0 0 0 0 0.0555556 0 0 0 0.222222 0 0 0 0 0 0 0 0 0 0 
12 0 0.282051 0 0 0 0 0 0 0 0 0 0 0.025641 0.179487 0 0 0.0769231 0 0 0 0 0.0512821 0 0.025641 0 0.0512821 0 0 0.0769231 0 0.0769231 0 0 0 0 0 0.025641 0 0 0 0 0 0.102564 0 0.025641 0 0 0 0 0 0 0.025641 0.025641 0 0 0 0 0 0.025641 0.0769231 0.0769231 0.102564 0.102564 0.025641 0.0769231 0 0.0769231 0.025641 0 0 0 0.025641 0.0512821 0.025641 0 0 0.025641 0.128205 0 0 0 0 0 0 0 0.0769231 0 0 0.025641 0 0 0 0 0 0 0 0 0 0 0 
12 0.2 0.0923077 0 0 0 0.107692 0 0 0 0 0 0 0 0.307692 0 0.0153846 0.0153846 0 0 0 0 0.0153846 0 0 0 0 0 0 0.0307692 0 0 0 0.0153846 0.123077 0 0 0 0 0.0461538 0 0 0 0 0.0153846 0.0153846 0 0 0 0 0 0 0.138462 0 0 0.0307692 0 0.123077 0 0 0.138462 0.0153846 0 0 0.0153846 0.0461538 0 0.0615385 0 0 0 0.0153846 0.0153846 0.0153846 0 0.0307692 0 0.0769231 0.107692 0.0153846 0.0615385 0 0 0.0461538 0 0 0.0153846 0 0 0 0 0 0 0 0 0 0 0.0307692 0 0 0 
12 0 0 0 0 0.181818 0 0 0 0 0 0 0 0 0 0 0.0909091 0 0 0 0 0 0.0909091 0 0 0.272727 0.363636 0 0 0 0 0 0 0 0 0 0 0 0 0 0 0 0 0 0 0 0 0 0 0 0 0 0 0 0 0 0 0 0 0 0 0 0.181818 0 0 0 0 0 0 0 0.0909091 0 0.0909091 0 0 0 0 0 0 0 0 0.0909091 0 0 0 0 0.454545 0 0 0 0 0 0 0 0 0 0 0 0 0.0909091 0 
12 0 0 0 0 0 0 0 0.037037 0 0 0.0740741 0 0 0 0.111111 0 0.0740741 0 0 0 0 0.111111 0.111111 0 0 0 0 0 0 0 0.037037 0 0 0 0 0 0.037037 0 0 0 0.148148 0 0.037037 0 0 0.222222 0 0 0 0 0 0 0 0 0 0 0 0 0.0740741 0.111111 0 0 0.037037 0 0.148148 0 0 0.0740741 0 0 0.111111 0.111111 0.037037 0 0.037037 0 0 0.037037 0 0 0 0 0 0 0 0.037037 0 0.111111 0 0 0 0 0 0 0 0.0740741 0 0 0 0 
12 0 0.0434783 0 0 0 0 0.0434783 0.0434783 0 0 0 0 0.0434783 0.0434783 0 0.0434783 0 0 0 0 0.0869565 0.0434783 0.0869565 0.0434783 0.217391 0 0 0 0 0 0 0 0 0 0 0 0 0 0 0 0 0 0.0434783 0 0 0.217391 0 0 0 0 0 0 0 0 0.347826 0 0 0 0.0869565 0.0434783 0 0.0869565 0 0 0.0434783 0 0 0 0 0 0.0434783 0 0 0 0 0 0 0 0 0 0 0 0 0 0 0 0 0.130435 0 0 0 0 0 0.0434783 0 0.130435 0 0 0.0434783 0 
12 0 0.170732 0 0 0 0 0.0243902 0 0 0 0.0731707 0 0 0.0487805 0 0 0.146341 0 0 0 0 0 0 0 0.121951 0.0487805 0 0 0.097561 0 0.0487805 0 0 0 0 0 0.0243902 0 0 0 0.0243902 0 0.0243902 0.0243902 0 0.121951 0 0 0 0 0 0 0 0 0.097561 0.0243902 0 0 0.146341 0 0 0.121951 0 0.0487805 0.0487805 0 0 0.0243902 0 0 0.0487805 0 0 0.0731707 0 0 0 0 0 0 0 0.0243902 0 0 0 0.0487805 0.0487805 0.0731707 0 0.0243902 0 0 0.121951 0 0 0 0.0243902 0 0 0 
12 0 0.297872 0 0 0 0 0 0 0 0 0 0 0 0.234043 0 0 0.0212766 0 0 0.0212766 0 0 0 0.0212766 0.0638298 0.0212766 0 0 0.0638298 0 0 0 0 0 0 0 0 0 0 0 0 0 0 0.148936 0 0.106383 0 0 0 0 0 0 0.0425532 0 0.0212766 0 0 0 0.0212766 0.191489 0 0.0212766 0.0425532 0.0425532 0.148936 0 0 0.0851064 0 0 0.0425532 0 0 0 0 0 0.0212766 0.0425532 0 0 0 0.0212766 0 0 0 0.148936 0.0212766 0.0851064 0 0 0 0 0 0 0 0 0 0 0 0 
12 0 0.220588 0.147059 0 0 0 0 0 0 0 0 0 0 0.25 0 0 0 0.0147059 0.102941 0 0 0 0 0 0.0735294 0.0294118 0 0 0 0 0 0 0 0 0 0 0.0147059 0 0 0 0 0 0.0294118 0.0588235 0 0.0588235 0 0 0 0 0 0.0147059 0 0 0.0588235 0 0 0 0 0.147059 0 0.0294118 0.0147059 0 0.0441176 0 0.0294118 0.0735294 0 0 0 0 0.0147059 0 0.117647 0 0 0.102941 0 0.102941 0 0 0.0441176 0 0 0.0882353 0.0294118 0.0294118 0.0147059 0 0 0 0 0 0 0 0 0.0441176 0 0 
12 0 0 0 0 0.03125 0 0 0 0 0 0 0 0 0.03125 0 0 0.09375 0 0 0 0 0.03125 0 0 0.0625 0.09375 0 0 0 0 0 0 0 0 0 0 0.15625 0 0 0.03125 0 0 0 0.46875 0 0 0 0 0 0 0 0 0.03125 0 0.03125 0 0 0 0 0.09375 0 0.03125 0 0.0625 0.0625 0 0.03125 0.3125 0 0 0.0625 0.03125 0 0.03125 0 0 0 0 0 0 0 0 0 0.0625 0 0.125 0 0.03125 0 0 0 0 0 0 0 0 0 0 0 0 
12 0 0 0 0.09375 0 0 0 0 0.078125 0.015625 0.078125 0.0625 0 0 0 0 0.09375 0 0.015625 0 0 0.015625 0 0 0 0.046875 0 0.015625 0.015625 0 0.015625 0 0 0 0 0 0.046875 0 0.015625 0 0.015625 0.09375 0 0.25 0 0.03125 0 0 0 0 0 0.015625 0 0 0.03125 0 0 0 0 0.0625 0.015625 0 0.015625 0.015625 0.015625 0 0 0.21875 0 0.015625 0.03125 0 0.03125 0 0.03125 0 0 0.046875 0.09375 0.109375 0 0.015625 0.046875 0 0 0.046875 0 0.015625 0 0 0 0 0.078125 0 0 0 0.046875 0 0 0 
12 0 0.111111 0 0 0 0 0 0 0 0 0 0 0 0 0 0 0.111111 0 0 0.037037 0 0.0740741 0 0 0 0.111111 0 0.037037 0 0 0.037037 0 0 0 0 0 0 0 0 0 0.0740741 0 0 0.37037 0.037037 0 0 0 0 0 0 0 0 0 0 0.037037 0 0 0.037037 0.111111 0 0.037037 0 0.037037 0 0 0 0.444444 0 0 0 0.0740741 0 0 0 0 0 0.0740741 0 0 0 0 0 0 0 0.0740741 0 0.037037 0 0.037037 0 0 0 0 0 0 0 0 0 0 
12 0 0 0 0 0 0 0 0 0.116279 0 0.0232558 0 0.0697674 0 0 0 0.0465116 0 0 0 0.0232558 0 0 0 0.0697674 0.0465116 0 0 0.0465116 0 0.0465116 0 0 0 0 0 0.0465116 0 0.0930233 0 0 0 0.0697674 0.232558 0.0465116 0.0232558 0 0 0 0 0 0.0232558 0 0 0 0 0 0 0 0.0465116 0 0.0232558 0.0697674 0 0 0 0.0232558 0.209302 0 0 0.0697674 0 0.0697674 0.0697674 0 0 0 0.0930233 0 0 0 0 0 0 0.0232558 0.0930233 0.139535 0.0465116 0 0 0 0 0 0 0 0 0 0 0 0 
12 0 0.0434783 0 0 0.0434783 0 0 0 0 0 0 0 0 0.0434783 0 0 0.173913 0 0 0 0.0434783 0 0 0 0.0869565 0.0869565 0 0 0.0434783 0 0.173913 0 0.0434783 0 0 0 0 0.0434783 0 0 0 0 0 0.130435 0 0.0434783 0 0 0 0 0 0 0.130435 0 0.173913 0.173913 0 0 0 0.0869565 0 0.173913 0 0 0 0 0.0434783 0.0434783 0 0 0 0 0 0 0 0.0434783 0 0 0 0 0 0 0 0 0 0.0869565 0 0.0434783 0 0 0 0 0 0 0 0 0 0 0 0 
12 0 0.0689655 0 0 0 0 0.0344828 0 0 0 0.310345 0 0 0.0344828 0 0 0.0344828 0 0 0 0 0 0 0 0.0344828 0.103448 0 0 0.103448 0 0.0689655 0 0 0 0 0 0 0 0 0 0.137931 0 0 0 0 0.0344828 0 0 0 0.0344828 0 0 0.0689655 0 0 0.0344828 0 0 0.0689655 0.172414 0 0.0689655 0 0 0.0689655 0 0 0 0 0 0.0344828 0 0.0344828 0.0344828 0 0 0 0 0 0 0 0 0 0 0.241379 0.103448 0.0344828 0 0 0 0 0 0 0 0 0 0 0 0 0.0344828 
13 0.0379747 0 0.0421941 0.181435 0 0.0421941 0 0 0.0126582 0 0 0.0126582 0 0 0 0 0 0.0253165 0.0295359 0 0 0 0 0 0 0 0 0 0.0126582 0.0421941 0 0.0295359 0 0.261603 0.0295359 0 0.00421941 0 0.0168776 0 0 0.07173 0.0126582 0 0 0.00421941 0 0.126582 0.00421941 0 0 0.0970464 0 0.0506329 0 0 0.0843882 0 0.00421941 0.00421941 0.00843882 0 0.00421941 0 0 0 0 0 0 0 0 0 0.0126582 0.00421941 0.0421941 0.0126582 0 0 0.156118 0.0379747 0 0.147679 0.0548523 0 0 0 0.00421941 0 0.00421941 0 0.122363 0 0.0379747 0 0 0 0.00843882 0.101266 0 0 
13 0 0.02 0 0 0.24 0 0.16 0 0 0 0 0 0 0.1 0 0 0.06 0 0 0 0.06 0.02 0 0 0 0 0 0 0.04 0 0.1 0 0 0 0 0 0.02 0 0 0 0.16 0 0 0 0.02 0 0 0 0 0 0.08 0 0.26 0 0.02 0 0 0 0.1 0 0 0 0 0 0.02 0 0 0 0 0 0.04 0.02 0 0 0.02 0.2 0 0 0 0 0.04 0 0 0.06 0 0 0 0.12 0 0 0 0 0 0 0 0.02 0 0 0 0 
13 0 0.0123457 0 0.0123457 0 0 0.0123457 0 0.0493827 0.0246914 0.197531 0.0246914 0 0 0.148148 0 0.037037 0 0 0 0 0.0123457 0.0740741 0 0.0123457 0 0 0 0.0123457 0.0246914 0 0 0 0 0.0123457 0 0.185185 0 0 0 0 0 0 0.0493827 0.0123457 0.0864198 0 0 0 0 0.0246914 0 0.0617284 0.0246914 0.0123457 0 0 0 0.0123457 0.0123457 0 0 0 0 0.0246914 0 0 0.037037 0 0 0.271605 0.0123457 0 0 0 0 0 0 0 0 0 0 0.0246914 0 0.296296 0 0.037037 0.0246914 0 0 0.0617284 0 0.0123457 0 0 0.0493827 0 0 0 0 
13 0 0 0 0 0.266667 0 0.155556 0.355556 0 0 0 0 0 0 0.0222222 0 0.0222222 0 0 0 0 0 0 0 0.0222222 0 0 0 0.0222222 0 0.0222222 0 0 0 0 0 0 0 0 0 0.0666667 0 0.0222222 0 0.0222222 0 0 0 0 0 0.0888889 0 0.133333 0 0 0 0 0 0.0666667 0 0 0.0222222 0 0.0222222 0.0222222 0 0 0.0222222 0 0 0.0444444 0 0 0.0222222 0 0.0666667 0 0 0 0 0.0222222 0 0 0.155556 0 0.0888889 0 0.177778 0 0 0 0 0 0.0222222 0.0222222 0 0 0 0 0 
13 0 0 0 0 0.0222222 0 0.0666667 0.0111111 0.1 0 0.111111 0.0888889 0 0 0.0444444 0 0.0222222 0 0 0 0 0 0 0 0.0111111 0 0 0 0.0444444 0.0333333 0 0 0 0 0.0333333 0 0.244444 0.0111111 0 0 0.0111111 0 0.111111 0 0.0222222 0.0111111 0 0 0 0 0 0 0.122222 0.0111111 0.122222 0 0.1 0 0.0555556 0.111111 0 0 0 0.0111111 0.0555556 0 0.0333333 0 0 0 0.0555556 0 0.0222222 0.0333333 0.0222222 0.0111111 0 0 0 0 0.0444444 0 0.0333333 0 0.0888889 0 0.0111111 0.0444444 0 0 0 0 0 0 0 0 0.0111111 0 0 0 
13 0 0 0 0 0.481481 0 0.259259 0.037037 0 0 0 0 0 0 0 0 0 0 0 0.111111 0.037037 0 0 0 0 0 0 0 0 0 0 0 0 0 0 0 0 0 0 0 0.0740741 0 0 0 0 0 0 0 0 0 0.111111 0 0.0740741 0 0 0 0 0 0 0 0 0 0 0 0 0 0 0 0 0.037037 0 0 0 0 0 0.037037 0 0 0 0 0.407407 0 0 0.333333 0 0 0 0 0 0 0 0 0 0 0 0 0 0 0 0 
13 0.0972222 0.0694444 0.00694444 0.0208333 0 0.0138889 0.0208333 0 0 0.236111 0 0 0.0138889 0.00694444 0 0 0.0694444 0.125 0 0 0 0 0 0 0 0 0 0 0 0.0347222 0 0.0555556 0 0 0.0347222 0.00694444 0.0347222 0 0 0 0.0277778 0 0.0416667 0.0138889 0 0 0 0 0.0694444 0 0 0.0277778 0.0416667 0.0555556 0 0 0.180556 0 0.0555556 0.0347222 0.00694444 0.0138889 0.00694444 0 0.0138889 0 0 0 0 0 0.00694444 0 0.0416667 0 0.0208333 0.0138889 0.0138889 0.0208333 0 0.00694444 0.00694444 0.125 0.0625 0 0 0 0.0138889 0 0 0 0.159722 0 0.0277778 0 0 0 0 0.0347222 0 0.00694444 
13 0 0 0 0 0.454545 0 0.340909 0 0 0 0 0 0 0 0 0 0 0 0 0 0.159091 0 0 0 0 0 0 0.0227273 0 0 0 0 0 0 0 0 0 0.0227273 0 0 0 0 0 0 0 0 0 0 0 0 0.0454545 0 0.0454545 0 0 0 0 0.0227273 0 0 0 0 0 0 0 0.0909091 0 0 0 0 0 0 0 0.0454545 0 0.0227273 0 0 0 0 0.295455 0 0 0.227273 0 0 0 0.181818 0 0.0227273 0 0 0 0 0 0 0 0 0 0 
13 0.0263158 0 0 0 0 0 0 0.0175439 0.0263158 0.0175439 0.131579 0.368421 0 0 0.0175439 0 0.00877193 0.00877193 0.0175439 0 0 0.0263158 0 0 0 0 0 0 0.0175439 0 0 0.157895 0 0 0.0263158 0.00877193 0.0263158 0 0.00877193 0 0.0263158 0 0.00877193 0 0 0 0 0.0175439 0.00877193 0.0263158 0.0175439 0.0438596 0.0175439 0.0526316 0 0 0.359649 0 0 0 0 0 0 0 0.00877193 0 0.0175439 0 0 0.00877193 0 0.0263158 0.0263158 0 0 0.0175439 0.00877193 0 0.0263158 0 0 0.114035 0 0 0.0789474 0 0.0526316 0 0.00877193 0 0.0789474 0 0 0.00877193 0 0.00877193 0 0 0 0.0175439 
13 0 0 0 0 0.285714 0 0.0952381 0.357143 0.0238095 0 0.0238095 0 0 0.0238095 0 0 0 0 0 0 0 0.0238095 0 0 0 0 0 0 0 0 0.119048 0 0 0 0 0 0 0 0 0 0.0238095 0 0 0 0.0238095 0 0 0 0 0 0.333333 0 0.0238095 0 0.0238095 0 0 0 0 0.0238095 0 0 0 0 0.0238095 0 0 0 0 0 0 0 0 0.0238095 0 0 0 0 0 0 0.309524 0 0 0.0714286 0 0.047619 0.0238095 0.0714286 0 0 0 0.0238095 0 0 0 0 0 0 0 0 
13 0.0151515 0 0 0.106061 0 0 0 0.00757576 0.00757576 0 0.0757576 0.287879 0 0 0 0 0.0681818 0.0454545 0.0227273 0 0 0.0151515 0 0 0 0 0 0 0.0227273 0.0681818 0 0.030303 0 0 0.113636 0 0.0757576 0 0 0 0 0 0.0151515 0 0 0 0 0.0227273 0 0 0 0.0606061 0.0151515 0.166667 0 0 0.25 0 0.00757576 0.0151515 0.0151515 0 0 0 0 0 0 0 0 0 0.0530303 0.0151515 0.0151515 0 0.00757576 0 0 0.0151515 0.00757576 0.00757576 0.00757576 0.0984849 0.113636 0 0.0151515 0 0.0378788 0.0227273 0 0 0.030303 0 0 0 0 0 0.00757576 0.0151515 0 0 
13 0 0.0185185 0 0 0.185185 0 0.277778 0.0740741 0 0 0.037037 0 0 0.0185185 0 0 0 0 0 0 0.0740741 0.037037 0 0 0 0 0 0 0.0555556 0 0 0 0 0 0 0 0.0185185 0 0 0 0.148148 0 0.0555556 0 0 0 0 0 0 0 0.0740741 0 0.111111 0 0.0185185 0 0 0 0.037037 0 0 0 0 0 0.0185185 0 0 0 0 0 0 0.037037 0.037037 0 0 0.0185185 0.0185185 0.0185185 0 0 0.148148 0 0 0.314815 0.0555556 0 0 0.0555556 0 0 0 0 0 0 0.0185185 0.0185185 0 0 0 0 
13 0 0 0.00990099 0.029703 0.00990099 0 0 0.00990099 0.0891089 0.019802 0.168317 0.168317 0 0 0 0 0.019802 0 0 0 0 0 0 0 0 0 0 0 0 0.168317 0 0.00990099 0 0 0.00990099 0 0.237624 0 0 0 0 0.019802 0.00990099 0 0 0 0 0.019802 0 0 0 0 0.178218 0 0 0 0.0990099 0 0.0792079 0.029703 0.00990099 0 0 0 0.00990099 0 0 0.00990099 0 0 0.0792079 0 0 0 0.019802 0.00990099 0 0 0.00990099 0 0.019802 0.049505 0.217822 0 0.049505 0 0.049505 0.00990099 0 0 0.039604 0 0 0.00990099 0 0 0.019802 0 0 0 
13 0 0 0 0 0.333333 0 0.138889 0.277778 0 0 0 0 0 0.0277778 0 0 0 0 0 0 0 0 0 0 0 0 0 0 0 0 0 0 0 0 0 0 0 0.0277778 0.0277778 0 0.166667 0 0 0 0 0 0 0 0 0 0.0277778 0 0.138889 0 0 0 0 0 0 0 0 0 0 0 0.0277778 0 0 0 0 0.0277778 0.0555556 0 0 0.0277778 0 0.0555556 0 0 0 0 0.305556 0 0 0.25 0.0277778 0 0 0.0555556 0 0 0 0 0 0 0 0 0 0 0 0 
14 0 0.42 0 0 0 0 0 0 0 0 0 0 0 0.18 0 0 0 0 0 0 0 0 0 0.02 0.24 0.04 0 0 0.02 0 0 0 0 0 0 0 0 0 0 0 0 0 0 0.06 0 0.02 0 0 0 0 0 0 0 0 0.14 0.06 0 0 0 0.08 0 0.1 0 0.1 0.08 0 0 0.08 0 0 0 0 0 0 0 0 0 0.06 0 0 0 0 0 0 0 0.22 0 0.02 0 0.04 0 0 0 0 0 0 0 0 0.02 0 
14 0.0819672 0.0163934 0.0273224 0.0601093 0 0.0273224 0 0 0 0.103825 0.00546448 0.0382514 0 0 0.0218579 0 0.0546448 0 0.142077 0 0 0 0.0218579 0 0 0 0.0218579 0 0.00546448 0.0327869 0 0.0382514 0 0.0327869 0.153005 0.0218579 0 0 0 0 0 0 0.010929 0 0 0.0382514 0 0 0.0437158 0 0 0.0437158 0 0.131148 0 0 0.125683 0 0 0.00546448 0.00546448 0 0.0163934 0 0 0 0.0655738 0 0 0 0.00546448 0 0.0218579 0 0.120219 0 0 0.0382514 0.010929 0.103825 0 0.0491803 0.0819672 0 0 0 0 0 0 0 0 0 0 0 0 0 0.153005 0.0218579 0 0 
14 0 0 0 0 0 0 0 0 0 0 0 0 0 0 0 0 0 0 0 0 0 0 0 0 0 0 0 1 0 0 0 0 0 0 0 0 0 0 0 0 0 0 0 0 0 0 0 0 0 0 0 0 0 0 0 0.111111 0 0.777778 0 0 0 0 0 0 0 0.111111 0 0 0 0 0 0 0 0 0 0 0 0 0 0 0 0 0 0 0 0 0 0 0 0 0 0 0 0 0 0 0 0 0 0 
14 0 0.0227273 0 0 0 0 0 0 0 0 0 0 0.00757576 0 0.0151515 0 0 0 0.00757576 0 0 0 0.333333 0 0 0 0.325758 0 0 0 0 0.0151515 0 0 0 0 0 0 0 0 0 0 0 0 0 0.0378788 0 0 0.234848 0 0 0.0227273 0.00757576 0.462121 0.030303 0 0.030303 0 0 0.00757576 0 0 0.0833333 0 0.159091 0 0 0 0 0 0 0 0.00757576 0 0.0378788 0 0 0.0378788 0 0 0 0.00757576 0 0 0.00757576 0 0 0 0 0 0 0 0 0 0 0.0681818 0 0.030303 0 0 
14 0 0 0 0 0 0 0 0 0 0 0 0 0 0 0 0.0833333 0 0 0 0 0 0.666667 0.0833333 0 0 0 0 0 0 0 0 0 0 0 0 0 0 0 0 0 0 0 0 0 0 0 0 0 0 0.166667 0 0 0 0 0 0 0 0 0 0 0.416667 0 0 0 0 0 0 0 0.0833333 0 0 0.0833333 0 0 0 0 0.0833333 0 0 0 0 0 0 0 0 0 0 0 0 0 0 0 0 0 0 0 0 0 0 0.333333 
14 0 0.0588235 0 0 0 0 0.117647 0.0588235 0 0 0 0 0 0 0 0.0588235 0.176471 0 0 0 0 0 0 0 0 0 0 0 0 0 0 0 0.235294 0 0 0 0.0588235 0 0 0.0588235 0 0 0 0 0.176471 0 0 0 0 0 0.294118 0 0 0 0 0 0 0 0.0588235 0 0.117647 0 0.0588235 0.0588235 0 0 0.117647 0 0 0 0.117647 0 0 0 0 0 0 0 0 0.0588235 0 0 0 0 0 0 0 0.0588235 0.0588235 0 0 0 0 0 0 0 0 0 0 0 
14 0 0 0 0 0 0 0 0 0 0 0 0 0 0 0 0.111111 0 0 0 0 0.444444 0 0.111111 0 0 0 0 0.222222 0 0 0 0 0 0 0 0 0 0 0 0.111111 0 0 0 0 0 0 0 0 0 0 0 0 0 0 0 0 0 0.111111 0 0 0 0 0.111111 0 0 0.666667 0 0 0 0 0 0 0 0 0 0 0 0 0 0 0 0 0 0 0 0 0 0 0 0.111111 0 0 0 0 0 0 0 0 0 0 
14 0 0 0 0 0 0 0 0 0 0 0 0 0 0 0 0.25 0 0 0 0 0 0 0 0 0 0.625 0 0 0 0 0 0 0 0 0 0 0 0 0 0.125 0 0 0 0 0 0 0 0 0 0 0 0 0 0 0 0 0 0 0 0 0 0 0 0.5 0 0 0.125 0 0 0 0 0 0 0 0 0 0 0 0 0 0 0 0 0 0 0 0 0 0 0.375 0 0 0 0 0 0 0 0 0 0 
14 0 0 0 0 0 0 0 0 0 0 0 0 0 0.1 0 0 0 0 0 0 0 0.5 0 0.1 0 0.1 0 0 0 0 0 0 0.1 0 0 0 0 0 0 0 0 0 0 0 0 0.1 0 0 0 0 0 0 0 0 0 0 0 0 0 0 0 0 0.1 0 0 0 0.1 0 0 0.1 0 0.1 0 0 0 0 0.1 0 0 0 0 0 0 0 0 0 0 0 0 0 0 0 0 0 0 0.1 0 0 0.3 0.1 
14 0 0 0 0 0 0 0 0 0 0 0 0 0 0 0 0.8 0 0 0 0 0 0 0 0.1 0 0 0 0 0 0 0 0 0.1 0 0 0 0 0 0 0 0 0 0 0 0 0 0 0 0 0 0 0 0 0 0 0 0 0 0 0 0.1 0 0.1 0.3 0 0 0.1 0 0 0 0 0 0.1 0 0 0 0 0 0 0 0 0 0 0 0 0 0 0 0.2 0.1 0 0 0 0 0 0 0 0 0 0 
14 0 0 0 0 0.142857 0 0.214286 0 0 0 0 0 0 0 0 0.142857 0 0 0 0 0 0 0 0 0.142857 0 0 0 0 0 0.0714286 0 0 0 0 0 0 0 0 0.285714 0 0 0 0 0 0 0 0 0 0 0 0 0 0 0.0714286 0 0 0 0 0.0714286 0 0 0 0 0.142857 0 0 0 0 0 0 0 0 0.142857 0 0 0 0.0714286 0 0 0 0 0 0 0 0 0 0 0 0.5 0 0 0 0 0 0 0 0 0 0 
14 0 0 0 0 0 0 0 0 0.0508475 0 0.0677966 0 0 0 0 0 0.0169492 0 0 0 0 0 0 0 0 0 0 0 0.20339 0 0 0 0 0 0 0 0.0508475 0 0.322034 0 0.0169492 0 0.220339 0 0.0508475 0 0 0 0 0 0 0.0169492 0 0 0 0 0 0 0 0.0338983 0 0 0.0847458 0 0.0508475 0 0.0338983 0 0 0 0 0 0.491525 0 0 0 0 0.169492 0 0 0 0 0 0 0 0 0.118644 0 0 0 0 0 0 0 0 0 0 0 0 0 
14 0 0 0 0 0 0 0 0 0 0 0 0 0 0 0 0 0 0 0 0.181818 0.0909091 0 0 0 0 0.545455 0 0.0909091 0 0 0 0 0 0 0 0 0 0 0 0 0 0 0 0.0909091 0 0 0 0 0 0 0 0 0 0 0 0.0909091 0 0 0 0 0 0.181818 0 0.272727 0 0.0909091 0.0909091 0 0 0 0 0 0 0 0 0 0 0 0 0 0 0 0 0 0 0.0909091 0 0 0 0 0 0 0 0 0 0 0 0 0.181818 0 
14 0 0.133333 0 0 0 0 0 0 0 0 0 0 0 0 0 0 0 0 0 0 0.0666667 0 0 0 0.466667 0.333333 0 0 0 0 0 0 0 0 0 0 0 0 0 0 0 0 0 0 0 0 0 0 0 0 0 0 0 0 0 0 0 0 0 0.0666667 0 0 0 0.266667 0 0 0 0.0666667 0 0 0 0 0 0.0666667 0 0 0 0 0 0 0 0 0 0 0 0.133333 0 0 0 0.4 0 0 0 0 0 0 0 0 0 0 
15 0.114286 0 0 0.0285714 0 0.142857 0 0 0 0 0 0.114286 0 0 0.114286 0 0.0285714 0 0 0 0 0 0 0 0 0 0 0 0 0 0 0 0 0.0285714 0.114286 0.0857143 0.0571429 0 0.0571429 0 0 0 0.0571429 0 0 0.0285714 0 0 0.0285714 0 0 0 0 0 0 0 0.228571 0 0.0285714 0.0285714 0 0 0 0 0 0 0.0285714 0 0 0 0 0 0.0571429 0.0285714 0.0285714 0.142857 0.0285714 0.0285714 0.2 0 0 0.0857143 0 0 0 0 0.0285714 0.0571429 0 0 0 0 0 0 0 0 0 0 0 0 
15 0.02 0 0 0.14 0 0.12 0 0 0.04 0 0 0 0 0 0.08 0.02 0.02 0 0 0 0 0 0 0 0 0 0 0 0.02 0.08 0 0 0 0.04 0 0 0.1 0 0.14 0 0 0 0.08 0 0 0.1 0 0 0 0 0 0.06 0.04 0 0 0 0 0 0.06 0 0 0.02 0 0 0 0 0.06 0 0 0 0.02 0 0.12 0 0.04 0.06 0 0.02 0.08 0.02 0.06 0.06 0.16 0 0 0 0.08 0.02 0 0.02 0 0 0 0 0 0 0 0 0 0 
15 0 0 0 0 0 0 0 0.1 0 0 0 0 0 0 0 0.05 0.1 0 0 0 0 0 0 0 0.2 0 0 0 0 0 0 0 0 0 0 0 0 0 0 0.05 0.25 0 0.05 0 0.1 0.1 0 0 0 0 0.05 0 0.2 0 0.05 0.05 0 0 0.1 0 0 0 0 0.05 0 0 0 0 0 0.05 0.1 0 0 0.1 0 0 0 0 0 0 0 0 0 0 0 0 0.05 0.1 0 0.05 0 0 0 0 0 0 0.05 0 0 0 
15 0 0 0 0 0.0454545 0 0 0.0454545 0 0 0 0 0 0 0 0 0.318182 0 0 0 0 0 0 0 0 0 0 0 0.0454545 0 0 0 0 0 0 0 0 0 0 0.0454545 0.272727 0 0.0454545 0 0.181818 0 0 0 0 0 0 0 0.272727 0 0 0.0454545 0 0 0.227273 0 0 0 0 0 0 0 0 0 0 0 0 0 0 0.0454545 0 0.0909091 0 0 0 0 0.181818 0 0 0 0 0 0.0454545 0.0454545 0 0.0454545 0 0 0 0 0 0 0 0 0 0 
15 0 0.04 0 0 0 0 0 0 0.12 0 0.04 0 0 0 0.04 0 0.04 0 0 0 0 0 0 0 0.04 0 0 0 0.08 0 0.04 0 0.04 0 0 0 0 0.04 0.08 0 0.04 0 0.12 0 0.08 0.16 0 0 0 0 0 0 0 0 0.04 0.04 0 0 0.16 0.08 0 0 0 0 0.08 0 0 0 0 0 0 0 0 0 0 0.32 0.04 0 0 0 0 0 0 0.12 0 0 0 0.12 0 0 0 0 0 0 0 0 0 0 0 0 
15 0.03125 0 0 0 0 0 0.03125 0 0.03125 0 0 0 0 0 0.125 0 0.1875 0 0 0 0 0 0 0 0.03125 0 0 0 0.125 0 0.03125 0 0.03125 0 0.03125 0 0.0625 0 0.125 0.03125 0 0 0.0625 0 0.03125 0.03125 0 0 0 0 0.09375 0 0.03125 0 0.0625 0 0 0 0.0625 0.1875 0 0 0 0 0 0 0 0 0 0.09375 0.03125 0 0 0 0 0.28125 0.03125 0.03125 0 0 0 0 0 0.03125 0 0 0 0.03125 0 0.03125 0 0 0 0 0 0 0 0 0 0 
15 0.177419 0 0.145161 0.0645161 0 0.0322581 0 0 0 0 0 0 0 0.016129 0.209677 0 0.016129 0 0.0645161 0.016129 0 0 0 0 0 0 0 0 0 0 0 0 0 0 0 0.193548 0 0 0 0 0 0 0 0 0 0.0483871 0 0.016129 0 0 0.016129 0 0.0322581 0 0 0 0.016129 0 0.016129 0.0483871 0 0.177419 0 0 0 0 0 0 0 0 0 0 0 0 0 0 0 0 0 0 0 0 0 0 0 0.016129 0 0.0322581 0 0 0 0 0 0 0 0 0 0.645161 0 0 
15 0.126761 0.0985916 0.0140845 0.112676 0 0.0985916 0.028169 0 0.0140845 0 0.0140845 0.0704225 0 0 0.0140845 0.0140845 0 0.0140845 0.056338 0 0 0.0140845 0 0 0 0 0 0 0.028169 0 0 0 0 0 0 0.112676 0 0 0 0.0140845 0 0 0.0140845 0.0140845 0 0.0985916 0 0.028169 0 0 0 0.15493 0.028169 0 0.056338 0.056338 0.0704225 0 0 0 0 0.0704225 0 0 0 0.0140845 0 0 0 0 0.0422535 0.028169 0 0 0.056338 0.028169 0 0 0 0 0 0.0704225 0.056338 0 0 0 0 0.028169 0 0 0 0 0 0 0 0 0 0.239437 0 0 
15 0.0697674 0 0 0.0232558 0 0.0232558 0 0 0.0697674 0 0 0.0465116 0 0 0.186047 0 0 0 0.0232558 0 0 0 0 0 0 0 0 0 0 0.0697674 0 0.0232558 0 0 0.0930233 0.255814 0.0232558 0 0 0 0 0 0 0 0 0.0697674 0 0.0232558 0 0 0.0697674 0 0 0.0697674 0.0232558 0.0232558 0.0930233 0 0.186047 0 0 0 0 0 0.0232558 0 0 0 0 0 0.0930233 0 0 0 0 0.0465116 0 0 0 0 0 0.0697674 0 0 0 0 0.0465116 0 0 0 0.232558 0 0 0 0 0 0 0 0 0.0232558 
15 0 0 0 0 0 0 0 0 0.125 0 0.025 0 0 0 0.025 0.025 0.05 0 0 0 0 0 0 0 0 0 0 0 0.05 0 0 0 0 0 0 0 0.075 0 0.025 0 0 0.3 0.025 0 0.025 0.25 0 0 0 0 0.025 0 0 0 0.025 0.05 0 0 0.025 0.175 0 0 0 0 0.025 0 0 0 0 0 0.075 0 0 0.025 0 0.075 0 0.05 0.125 0 0 0.15 0 0.025 0 0 0.125 0 0 0 0.025 0 0 0 0 0 0 0 0 0 
15 0 0 0 0 0 0 0 0 0.0487805 0 0 0.0243902 0 0 0 0.0243902 0.146341 0 0 0 0 0 0 0 0 0 0 0 0.0243902 0 0 0 0 0.121951 0 0 0.0243902 0 0.146341 0 0 0.170732 0.146341 0 0.0243902 0.0243902 0 0.0731707 0 0 0 0.0243902 0 0 0 0 0 0 0.195122 0.170732 0 0 0 0 0 0 0 0 0 0.0243902 0 0 0.0243902 0 0 0.0243902 0 0 0.219512 0.0487805 0 0 0 0 0 0 0.121951 0.0487805 0 0 0.0731707 0 0 0 0 0 0 0 0 0.0243902 
15 0 0 0 0 0 0 0 0 0 0 0 0 0 0 0.111111 0 0.0833333 0 0 0 0 0 0 0 0 0 0 0 0.111111 0 0 0 0 0 0 0 0.0277778 0 0.25 0.0277778 0 0 0.166667 0 0.0555556 0.166667 0 0 0 0 0 0 0.0277778 0 0 0.0555556 0 0 0.111111 0.166667 0 0 0 0.0277778 0 0 0 0 0 0 0 0 0.138889 0 0 0.166667 0 0 0 0 0 0 0 0.0277778 0 0 0.222222 0.0555556 0 0 0 0 0 0 0 0 0 0 0 0 
15 0 0.130435 0 0 0 0 0 0 0.0434783 0 0 0 0 0 0.0869565 0 0.0434783 0 0.0869565 0 0 0 0 0 0 0 0 0 0.0434783 0 0.0434783 0 0 0 0 0 0.173913 0 0 0 0.0434783 0 0.0434783 0 0.0869565 0.173913 0 0 0 0 0 0 0.0434783 0 0 0 0 0 0.173913 0.130435 0 0 0 0 0 0 0 0 0 0.0434783 0.0434783 0 0 0.0434783 0 0.173913 0 0 0 0 0 0 0 0 0 0 0 0.26087 0 0 0 0 0 0 0 0 0.0869565 0 0 0 
15 0 0 0 0 0 0 0 0 0 0 0.047619 0 0 0 0.047619 0 0.238095 0 0 0 0 0 0 0 0.047619 0 0 0 0.047619 0 0.047619 0 0 0 0 0 0.0952381 0 0.047619 0 0.047619 0 0.047619 0 0.047619 0.238095 0 0 0 0 0 0 0.333333 0 0.047619 0.0952381 0 0 0.047619 0.142857 0 0 0 0 0 0 0 0 0 0.047619 0 0 0 0.0952381 0 0.0952381 0 0 0 0 0 0 0 0 0 0 0 0.0952381 0 0 0 0 0 0 0 0 0 0 0 0 
16 0.0222222 0.0888889 0.0222222 0.222222 0 0.133333 0 0 0 0 0 0 0 0.0444444 0 0 0.0444444 0 0 0 0 0.0222222 0 0 0.0222222 0 0 0 0.0888889 0 0 0 0 0 0.0222222 0 0 0 0.133333 0.0222222 0.0222222 0.0222222 0 0 0 0.0444444 0 0 0 0.0222222 0 0.0222222 0.0222222 0 0 0 0.0222222 0 0 0.0444444 0 0.0222222 0 0.0222222 0.0222222 0 0 0.0222222 0 0 0.0222222 0.0222222 0.0222222 0 0.111111 0 0.222222 0.0222222 0 0.0444444 0 0.0444444 0.0666667 0 0 0.0444444 0.0222222 0 0.0666667 0 0 0 0 0 0 0 0.0666667 0 0 0.0222222 
16 0.155556 0.0222222 0 0 0 0.2 0 0 0 0 0 0 0 0.0666667 0 0 0 0 0.0444444 0 0 0 0 0 0 0 0 0 0.177778 0 0 0 0 0.0222222 0.133333 0 0 0 0.133333 0.0444444 0 0 0 0 0 0 0 0 0 0 0 0.0888889 0 0 0 0 0.0666667 0 0 0 0.0444444 0 0.0666667 0.0222222 0 0 0.0222222 0 0 0 0 0 0.0444444 0 0.133333 0 0.0666667 0.0222222 0 0.244444 0 0 0.155556 0 0 0 0 0 0 0.0222222 0 0 0 0 0 0 0 0 0 0 
16 0 0 0 0 0 0 0 0 0 0 0 0 0 0 0 0 0.16 0 0 0 0 0.04 0 0 0 0 0 0 0 0 0.08 0 0 0 0 0 0 0.04 0.04 0 0.16 0 0.36 0.12 0 0 0 0 0 0 0 0 0.08 0 0 0 0 0 0.04 0.12 0 0 0 0 0 0 0 0.16 0 0 0.16 0 0.08 0 0 0 0 0.04 0 0 0 0 0 0 0.12 0 0.16 0 0 0 0 0 0 0.04 0 0 0 0 0 0 
16 0 0 0 0 0 0 0 0.1875 0 0 0.125 0 0 0 0 0.0625 0 0 0 0 0.0625 0.0625 0.1875 0 0.0625 0 0 0 0.125 0 0 0 0 0 0 0 0 0 0 0.0625 0 0 0 0 0 0.0625 0 0 0 0 0 0 0 0 0 0 0 0 0.0625 0.25 0 0 0 0 0.0625 0 0.0625 0.0625 0 0 0 0 0.0625 0.25 0 0 0 0 0 0 0 0 0 0 0 0 0 0.125 0 0 0 0 0 0 0 0 0 0 0 0.0625 
16 0 0.357143 0 0 0.142857 0 0 0 0 0 0 0 0 0.0714286 0 0 0 0 0 0 0.0714286 0 0 0 0 0 0 0 0 0 0.142857 0 0 0 0 0 0 0 0 0.142857 0.0714286 0 0 0 0 0 0 0 0 0 0 0 0 0 0 0 0 0 0.214286 0.142857 0.0714286 0 0.214286 0 0 0 0.0714286 0 0 0 0 0 0 0.0714286 0 0 0 0 0 0 0 0 0 0 0 0 0.214286 0 0 0 0 0 0 0 0 0 0 0 0 0 
16 0 0.190476 0 0 0 0 0 0.047619 0 0 0 0 0 0.047619 0 0 0.047619 0 0 0 0.047619 0 0 0 0 0 0 0 0 0 0.238095 0 0 0 0 0 0 0.047619 0.0952381 0.047619 0.0952381 0 0 0 0.0952381 0 0 0 0 0 0 0.047619 0 0 0 0 0 0 0 0 0.0952381 0 0.0952381 0 0.0952381 0 0.238095 0 0 0 0.142857 0 0.047619 0.0952381 0 0 0.047619 0 0 0.047619 0 0 0 0 0 0 0.047619 0 0 0 0 0 0 0 0 0 0 0 0 0 
16 0 0.116667 0.116667 0 0 0 0 0 0 0 0.0833333 0 0 0.133333 0 0 0 0.15 0.0166667 0 0.0166667 0.0166667 0.0166667 0 0.0166667 0 0 0 0.25 0 0 0 0 0 0 0 0 0 0 0.0166667 0 0 0.05 0 0 0 0 0 0 0 0 0 0 0 0 0.0166667 0.1 0 0.05 0.0666667 0 0 0.0333333 0 0.0333333 0 0.0333333 0.0166667 0 0 0.0833333 0 0.1 0 0.0166667 0 0 0.0666667 0.1 0.0166667 0 0 0.0166667 0 0 0 0.05 0 0 0 0.05 0 0.116667 0 0 0 0 0.0166667 0 0.0166667 
16 0.0253165 0.0886076 0.177215 0 0 0.0379747 0 0 0 0 0.0759494 0 0.0126582 0.0632911 0 0 0 0.0759494 0.0253165 0 0.0126582 0 0.0886076 0 0.0126582 0 0.126582 0 0.0379747 0 0.0253165 0 0 0 0 0 0 0 0 0 0 0 0.0126582 0 0 0.0379747 0 0 0.0632911 0 0 0.0759494 0.0126582 0.0253165 0 0 0 0 0 0.101266 0.0253165 0 0.0253165 0 0.0632911 0 0.0253165 0 0.0126582 0 0.0253165 0 0.0126582 0.0126582 0.0379747 0 0.0506329 0.0632911 0.227848 0.0379747 0 0.0253165 0.0126582 0 0 0.0126582 0.0379747 0.0126582 0 0 0.0379747 0 0 0 0.0126582 0 0 0 0 0.0126582 
16 0 0 0 0 0 0 0 0 0 0 0 0 0 0 0.217391 0.0434783 0.173913 0 0 0 0 0 0 0 0.0869565 0 0 0 0.0434783 0 0.0869565 0 0 0 0 0 0.130435 0 0.0434783 0.0434783 0 0 0 0 0.0434783 0.0869565 0 0 0 0 0 0.0434783 0 0 0 0 0 0 0 0.26087 0.0869565 0 0.0869565 0.0434783 0.0434783 0 0 0.0434783 0 0 0.130435 0 0.0434783 0 0 0 0 0 0 0 0 0 0 0 0 0 0.217391 0 0 0 0 0 0 0 0 0 0 0 0 0 
16 0 0 0 0 0 0 0 0 0.0344828 0 0.172414 0.0344828 0 0 0 0.0344828 0.0344828 0 0 0 0.0344828 0 0 0 0.0344828 0 0 0 0.0689655 0 0 0 0 0 0 0 0.0344828 0 0.0689655 0 0 0 0.0344828 0 0.0344828 0.103448 0 0.241379 0 0.0344828 0 0.137931 0 0 0 0 0 0.0344828 0 0 0 0 0.103448 0 0.0344828 0 0.0344828 0 0 0 0.103448 0 0.241379 0 0 0 0 0 0.137931 0 0 0 0 0 0 0 0.0689655 0 0 0.0344828 0 0 0 0 0.0344828 0 0 0 0 0.0344828 
16 0.0444444 0 0.0444444 0 0 0 0 0 0.0222222 0 0 0 0 0 0 0 0.0888889 0 0 0 0 0 0 0 0 0 0 0 0.111111 0 0 0 0 0.0666667 0.133333 0 0.0222222 0 0.111111 0.0222222 0 0 0.244444 0 0.0888889 0 0 0 0 0 0 0.0888889 0 0 0 0 0.0222222 0 0.0222222 0 0 0 0.0222222 0 0 0 0.0444444 0 0 0 0.111111 0 0.222222 0.0444444 0.111111 0.0222222 0 0.0444444 0.0666667 0.0222222 0 0 0 0 0.0222222 0 0.111111 0 0 0.0222222 0 0 0 0 0 0 0 0 0 0 
16 0.0535714 0 0 0.0178571 0 0 0 0 0.0535714 0 0.0178571 0.0357143 0 0 0 0 0.0535714 0 0 0 0 0 0 0 0.0178571 0 0 0 0.0178571 0 0.0535714 0 0 0 0.0535714 0 0.0535714 0 0.0357143 0 0 0.214286 0.267857 0 0.0535714 0 0 0 0 0 0 0.0714286 0 0 0 0 0.0892857 0 0.125 0.0714286 0 0 0 0 0.0178571 0 0.0357143 0 0 0 0.0714286 0 0.0714286 0.0357143 0.0357143 0 0 0.0535714 0.0357143 0 0 0.0178571 0.0892857 0 0 0 0.125 0 0 0 0 0 0 0 0 0 0.0535714 0 0 0 
16 0 0.117647 0 0 0.0588235 0 0 0 0 0 0 0 0 0 0 0 0.294118 0 0 0 0 0 0 0 0.0588235 0 0 0 0 0 0.235294 0 0 0 0 0 0 0.0588235 0 0.0588235 0 0 0 0 0 0.117647 0 0 0 0 0 0.0588235 0 0 0.0588235 0.0588235 0 0 0 0.294118 0 0 0 0 0.176471 0 0.0588235 0 0 0 0 0 0.117647 0 0 0.0588235 0 0.0588235 0 0 0 0 0 0 0 0.0588235 0 0 0 0 0 0 0 0 0 0 0 0 0 0 
16 0 0.0588235 0 0 0 0 0 0 0 0 0 0 0 0.0588235 0 0 0.176471 0 0 0 0 0 0 0 0 0 0 0 0.0588235 0 0.294118 0 0 0 0 0 0 0 0 0.117647 0.0588235 0 0 0 0 0.176471 0 0 0 0 0 0 0 0 0 0.0588235 0 0 0 0.411765 0 0 0.0588235 0 0.176471 0 0 0 0 0.0588235 0 0 0.0588235 0.0588235 0 0.0588235 0 0.0588235 0 0 0 0 0 0 0 0 0 0 0 0 0 0 0 0 0 0 0 0 0 0 
