1 0 0 0 0 0 0 0 0 0 0 0 0 0 0 0 0 0 0 0 0 0.1 0 0 0 0 0 0 0 0 0 0 0 0 0 0 0 0 0 0 0 0 0 0 0 0 0 0 0 0 0 0 0 0 0 0 0 0 0 0 0 0 0 0 0 0 0 0 0 0 0 0 0 0 0 0 0 0 0 0 0 0 0 0 0 0 0 0 0 0 0 0 0 0 0 0 0.2 0.2 0 0 0 0 0 0 0 0 0 0 0 0 0.4 0 0.1 0 0 0 0 0 0 0 0 
1 0 0 0 0 0 0 0 0 0 0 0 0 0 0 0 0 0 0 0 0 0.166667 0 0 0 0 0 0 0.111111 0 0 0 0 0 0 0 0 0 0 0 0 0 0.222222 0 0 0.111111 0 0 0.0555556 0 0 0 0 0 0 0 0 0 0.0555556 0 0 0 0 0 0 0 0 0 0 0 0 0 0 0 0 0.166667 0 0 0 0 0 0 0 0 0 0 0 0 0 0 0 0 0 0 0 0 0.111111 0 0 0 0 0 0 0 0 0 0 0 0 0 0 0 0 0 0 0 0 0 0 0 0 
1 0 0 0 0 0 0 0 0 0 0 0 0 0 0 0.166667 0 0 0 0 0 0 0 0 0 0 0 0 0 0 0 0 0 0 0 0 0 0 0 0 0 0 0 0 0 0.166667 0 0 0 0 0 0 0 0 0 0 0 0 0 0 0 0 0 0 0 0 0 0 0 0 0 0.333333 0 0 0 0 0 0 0 0 0 0 0 0 0 0 0 0 0 0 0 0 0 0 0 0 0 0 0 0 0 0 0 0 0 0 0 0 0 0 0.333333 0 0 0 0 0 0 0 0 0 0 
1 0 0 0 0.047619 0 0 0 0 0 0 0 0 0.0952381 0 0 0 0 0 0.0952381 0 0.142857 0 0 0 0 0 0 0 0 0 0 0 0 0 0 0 0 0 0 0 0 0 0 0 0.142857 0 0 0 0 0 0.047619 0 0 0 0 0 0 0 0 0 0 0 0 0 0 0 0 0 0 0 0.190476 0 0.047619 0 0 0 0 0 0 0 0 0 0 0 0 0 0 0 0 0 0 0 0 0 0 0 0 0 0 0 0 0 0 0 0 0 0 0 0 0 0.142857 0 0.047619 0 0 0 0 0 0 0 
1 0 0 0 0 0 0 0 0 0 0 0 0 0 0 0 0 0 0 0 0 0 0 0 0 0 0 0 0.1 0 0 0 0 0 0 0 0 0 0 0 0 0 0 0 0 0 0 0 0 0 0 0 0 0 0 0 0 0 0.1 0 0 0 0 0.2 0 0 0 0 0.1 0 0.1 0.1 0 0 0 0 0 0 0 0 0 0 0 0 0 0 0 0 0 0 0 0 0 0.1 0 0 0 0 0 0 0 0 0 0 0 0 0 0 0 0 0 0 0.2 0 0 0 0 0 0 0 0 
1 0 0 0 0 0 0 0 0 0 0 0 0 0 0 0 0 0 0 0 0 0 0 0 0 0 0 0 0.0909091 0 0 0 0 0 0.0909091 0 0 0 0 0 0 0 0 0 0 0 0 0 0 0 0 0.0909091 0 0 0 0 0 0 0 0 0 0 0 0 0 0 0 0 0 0 0 0.0909091 0 0 0 0 0 0 0 0 0 0 0 0 0.0909091 0 0 0 0 0 0 0 0 0 0 0 0 0.272727 0 0 0 0 0 0 0.0909091 0 0 0 0 0 0 0 0 0.181818 0 0 0 0 0 0 0 
1 0 0 0 0 0 0 0 0 0 0 0 0 0 0 0.0909091 0 0 0 0.0909091 0 0.0909091 0 0 0 0 0 0 0 0 0 0 0 0 0.0909091 0 0 0 0 0 0 0 0 0 0.0909091 0.0909091 0 0 0 0 0 0.0909091 0 0 0 0 0 0 0 0 0 0 0 0 0 0 0 0 0 0 0 0.181818 0.0909091 0 0 0 0 0 0 0 0 0 0 0 0 0 0 0 0 0 0 0 0 0 0 0 0 0 0 0 0 0 0 0 0 0 0 0 0 0 0 0 0 0 0 0 0 0 0 0 0.0909091 
1 0 0 0 0 0 0 0 0 0 0 0 0 0 0 0.111111 0 0 0 0 0 0 0 0 0 0 0 0 0.222222 0 0 0 0 0 0 0 0 0 0 0 0 0 0 0 0 0 0 0 0 0 0 0 0 0 0 0 0 0 0 0 0 0 0 0 0 0 0 0 0 0 0.111111 0.111111 0 0 0 0 0 0 0 0 0 0 0 0 0 0 0 0 0 0 0 0 0 0.111111 0 0 0 0 0 0 0 0 0 0 0 0 0 0 0 0 0.222222 0 0.111111 0 0 0 0 0 0 0 0 
1 0 0 0 0 0 0 0 0 0 0 0 0 0 0 0 0 0 0 0 0 0 0 0 0 0 0 0 0.111111 0 0 0 0 0 0 0 0 0 0 0 0 0 0 0 0 0 0 0 0 0 0 0 0 0 0 0 0 0 0 0 0 0 0 0 0 0 0 0 0 0 0 0.222222 0.111111 0 0 0 0 0 0 0 0 0 0 0 0 0 0 0 0 0 0 0 0 0.111111 0 0 0 0 0 0 0 0 0 0 0 0 0 0 0 0 0.333333 0 0.111111 0 0 0 0 0 0 0 0 
1 0 0 0 0 0 0 0 0 0 0 0 0 0 0 0 0 0 0 0 0 0 0 0 0 0 0 0 0.0769231 0 0 0 0 0 0 0 0 0 0 0 0 0 0 0 0 0 0 0 0 0 0 0.0769231 0 0 0 0 0 0 0 0 0 0 0 0 0 0 0 0 0 0 0 0.307692 0 0 0 0 0 0 0 0 0 0 0 0 0 0 0 0 0 0 0 0 0 0.153846 0 0 0 0 0 0 0 0 0 0 0 0 0 0 0 0 0.307692 0 0 0.0769231 0 0 0 0 0 0 0 
2 0 0 0 0 0 0 0 0 0 0 0 0 0 0 0.125 0 0 0 0 0 0 0 0 0 0 0 0 0.125 0 0 0 0 0 0 0 0 0 0 0 0 0 0 0 0 0 0 0 0 0 0 0 0 0 0 0 0 0 0.25 0 0 0 0 0 0 0 0 0 0 0 0 0.25 0 0 0 0 0 0 0 0 0 0 0 0 0 0 0 0 0 0 0 0 0 0 0 0 0.125 0 0 0 0 0 0 0 0 0 0 0 0 0 0.125 0 0 0 0 0 0 0 0 0 0 
2 0 0 0 0 0 0 0 0 0 0 0 0 0 0 0 0 0 0 0.129032 0 0.225806 0 0 0 0 0 0 0 0 0 0 0 0 0 0 0 0 0.0322581 0 0 0 0 0 0.0967742 0.129032 0 0 0 0 0.0645161 0 0 0 0 0 0 0 0 0 0 0 0 0 0 0 0 0 0 0 0 0 0 0.0322581 0 0 0 0 0 0 0 0 0 0 0 0 0 0 0 0 0 0 0 0 0.0645161 0 0.0645161 0.0967742 0 0 0 0.0322581 0 0 0 0 0 0 0 0 0 0 0.0322581 0 0 0 0 0 0 0 0 
2 0 0 0 0 0 0.111111 0 0 0.111111 0 0 0 0 0 0 0 0 0 0 0 0 0 0 0 0 0.111111 0 0 0 0 0 0 0 0 0 0 0 0 0 0 0 0 0 0 0 0 0 0 0 0 0 0 0 0 0 0 0 0.111111 0 0 0 0 0 0 0 0 0 0 0 0 0.222222 0 0 0 0 0 0 0 0 0 0 0 0 0 0 0 0 0 0 0 0 0 0 0 0 0 0.111111 0 0 0 0 0 0 0 0 0 0 0 0 0.111111 0 0.111111 0 0 0 0 0 0 0 0 
2 0 0 0 0 0 0 0 0 0 0 0 0.0526316 0.0526316 0 0 0 0 0 0 0.0526316 0 0 0 0 0 0.0526316 0 0 0 0 0 0 0 0 0 0 0 0.0526316 0 0 0 0 0 0 0 0 0 0 0 0 0 0 0 0 0 0 0 0 0 0 0 0 0 0 0 0 0 0.210526 0 0 0 0 0 0.0526316 0 0 0 0 0 0 0 0 0 0 0 0 0 0 0 0 0 0 0.105263 0 0 0 0.0526316 0 0 0 0 0 0 0 0 0 0.315789 0 0 0 0 0 0 0 0 0 0 0 0 0 
2 0 0 0 0 0 0 0 0 0 0 0.263158 0 0 0 0.0526316 0 0 0 0 0 0 0 0 0 0 0 0 0 0 0 0 0 0.0526316 0 0.0526316 0 0 0 0 0 0 0 0 0.0526316 0 0 0 0 0 0 0 0 0 0 0 0 0 0 0 0 0 0 0 0 0 0 0 0 0 0.157895 0.0526316 0 0 0 0 0 0 0 0 0 0 0.0526316 0 0 0 0 0 0 0 0 0 0 0.0526316 0 0 0 0 0 0 0 0 0 0 0 0 0 0.105263 0 0 0.105263 0 0 0 0 0 0 0 0 0 0 
2 0 0 0 0 0 0 0 0 0 0 0.0555556 0 0 0 0 0 0 0 0 0 0.166667 0 0 0 0 0 0 0.111111 0 0 0 0 0 0 0 0 0 0 0 0 0 0 0 0.166667 0.111111 0 0 0 0 0 0 0 0 0 0 0 0 0.222222 0 0 0 0 0 0 0 0 0 0 0 0 0 0 0 0 0 0 0 0 0 0 0 0 0 0 0 0 0 0 0 0 0 0 0 0 0 0 0.111111 0 0 0 0 0 0 0 0 0 0 0 0 0 0 0 0.0555556 0 0 0 0 0 0 0 
2 0 0 0 0 0 0 0 0.111111 0 0 0.111111 0 0 0 0 0 0 0 0 0 0 0 0 0 0 0 0 0 0 0 0 0 0 0 0 0 0 0 0 0 0 0 0 0 0 0 0 0 0 0 0 0 0 0 0 0 0 0 0 0 0 0 0 0 0 0 0 0 0 0 0.222222 0 0 0 0 0 0 0 0 0 0 0 0 0.111111 0 0 0 0 0 0 0 0 0 0 0 0 0 0.111111 0 0 0 0 0 0 0 0 0 0 0 0.333333 0 0 0 0 0 0 0 0 0 0 
2 0 0 0 0 0 0 0 0 0 0 0 0 0 0 0 0 0 0 0 0 0.0714286 0 0 0 0 0 0 0.0714286 0 0 0 0 0 0 0 0 0 0 0 0 0 0 0 0.0714286 0 0 0 0 0 0 0 0 0 0 0 0 0 0 0 0 0 0 0 0 0 0 0 0 0 0 0.285714 0 0 0 0 0 0 0 0.0714286 0 0 0 0 0 0 0 0 0 0 0 0 0 0.0714286 0 0 0 0 0 0 0 0 0 0 0 0 0 0 0 0 0.357143 0 0 0 0 0 0 0 0 0 0 
2 0 0 0 0 0 0 0 0 0 0 0.2 0 0 0 0 0 0 0 0 0 0 0 0 0 0 0 0 0 0 0 0 0 0 0 0.133333 0 0 0 0 0 0 0 0 0.0666667 0 0 0 0 0 0 0 0 0 0 0 0 0 0 0 0 0 0 0 0 0 0 0 0 0 0.0666667 0.133333 0.133333 0 0 0 0 0 0 0 0 0 0 0 0 0 0 0 0 0 0 0 0 0 0 0 0 0.133333 0 0 0 0 0 0 0 0 0 0 0 0 0.0666667 0 0.0666667 0 0 0 0 0 0 0 0 
2 0 0 0 0 0 0 0 0 0 0 0 0 0 0 0 0 0 0 0 0 0.0714286 0 0 0 0 0 0 0 0 0 0 0 0 0 0 0 0 0 0 0 0 0 0 0.214286 0.142857 0 0 0 0 0 0 0 0 0 0 0 0 0 0 0 0 0 0 0 0 0 0 0 0 0 0.0714286 0 0 0 0 0 0 0 0 0 0 0 0 0 0 0 0 0 0 0 0 0 0 0 0 0.0714286 0.142857 0 0 0 0 0 0 0 0 0 0 0 0 0.285714 0 0 0 0 0 0 0 0 0 0 
3 0 0 0 0 0 0 0 0 0 0 0 0 0 0 0 0 0 0 0 0 0 0 0 0 0 0.0588235 0 0.176471 0 0 0 0 0 0 0.0588235 0 0 0 0.0588235 0 0 0 0 0 0 0 0 0.0588235 0 0 0 0 0 0 0 0 0 0 0 0 0 0 0 0 0 0 0 0.176471 0 0 0 0 0 0 0 0 0 0 0 0 0 0 0 0 0 0 0 0 0.0588235 0 0 0 0.117647 0 0 0.0588235 0 0 0 0 0 0 0 0 0 0 0 0 0 0.117647 0 0.0588235 0 0 0 0 0 0 0 0 
3 0 0 0 0 0 0 0 0 0 0 0 0 0 0 0 0 0 0 0.04 0 0 0 0 0 0 0 0 0.28 0 0 0 0 0 0 0 0 0 0.04 0 0 0 0 0 0.08 0 0 0 0.4 0 0 0 0 0 0 0 0 0 0.04 0 0 0 0 0 0 0 0 0 0 0 0 0 0 0 0 0 0 0 0 0 0 0 0 0 0 0 0 0 0 0 0 0 0 0 0 0 0 0 0 0 0 0 0 0 0 0 0 0 0 0 0 0 0.04 0 0 0.08 0 0 0 0 0 
3 0 0 0 0 0 0 0 0 0 0 0 0.0909091 0 0 0 0 0 0 0 0 0 0 0 0 0 0.181818 0 0 0 0 0 0 0 0 0 0 0 0 0 0 0 0 0 0 0 0.0909091 0 0 0 0 0 0 0 0 0 0 0 0 0 0 0.272727 0 0 0 0 0 0 0.0909091 0 0 0 0 0 0 0 0 0 0 0 0 0 0 0 0 0 0 0 0 0.272727 0 0 0 0 0 0 0 0 0 0 0 0 0 0 0 0 0 0 0 0 0 0 0 0 0 0 0 0 0 0 0 
3 0 0 0 0 0 0.103448 0 0 0 0 0 0 0 0 0 0 0 0 0 0 0 0 0 0 0 0.793103 0 0 0 0 0 0 0 0 0 0 0 0 0 0 0 0 0 0 0 0 0 0 0 0 0 0 0 0 0 0 0 0 0 0 0 0 0 0 0 0 0 0.0689655 0 0 0 0 0 0 0 0 0 0 0 0 0 0 0 0 0 0 0 0 0 0 0 0 0 0 0 0 0 0 0 0 0 0 0 0 0 0 0.0344828 0 0 0 0 0 0 0 0 0 0 0 0 0 
3 0 0 0 0 0 0.0769231 0 0 0 0 0 0.0769231 0 0 0 0 0 0 0 0 0 0 0 0 0 0 0 0.384615 0 0 0 0 0.0769231 0 0 0 0 0 0 0 0 0 0 0.0769231 0 0 0 0 0 0 0 0 0 0 0 0 0 0 0 0 0 0 0 0 0 0 0 0 0 0.0769231 0 0 0 0.0769231 0 0 0 0 0 0 0 0 0 0 0 0 0 0 0 0 0 0 0.0769231 0 0 0 0 0 0 0 0 0 0 0 0 0 0 0 0 0 0 0 0.0769231 0 0 0 0 0 0 0 
3 0 0 0 0 0 0.0344828 0 0 0.103448 0 0 0.103448 0 0 0 0 0 0 0 0 0 0 0 0 0 0.103448 0 0 0 0 0 0 0 0 0.0689655 0 0 0 0.0689655 0 0 0 0 0 0 0.37931 0 0 0 0 0 0 0 0 0 0 0 0.0344828 0 0 0 0 0 0 0 0 0 0.0344828 0 0 0 0 0 0 0 0 0 0 0 0 0 0 0 0 0.0344828 0 0 0 0 0 0 0 0 0 0 0 0 0.0344828 0 0 0 0 0 0 0 0 0 0 0 0 0 0 0 0 0 0 0 0 0 0 
3 0 0 0 0 0 0 0 0 0 0.0714286 0 0.0714286 0 0 0 0 0 0 0 0 0 0 0 0 0 0.214286 0 0.0714286 0 0 0 0 0 0 0.142857 0 0 0 0 0 0 0 0 0 0 0 0 0 0 0 0 0 0 0 0 0 0 0 0 0 0.0714286 0 0.214286 0 0 0 0 0 0 0.0714286 0 0 0 0 0 0 0 0 0 0 0 0 0 0 0 0 0 0 0.0714286 0 0 0 0 0 0 0 0 0 0 0 0 0 0 0 0 0 0 0 0 0 0 0 0 0 0 0 0 0 0 0 
3 0 0 0 0 0 0 0.0833333 0 0 0.0833333 0 0.0833333 0 0 0 0 0 0 0 0 0 0 0 0 0 0 0 0 0.0833333 0 0 0 0 0.166667 0.166667 0 0 0 0.0833333 0 0 0 0 0 0 0 0 0 0 0 0 0 0 0 0 0.0833333 0 0.166667 0 0 0 0 0 0 0 0 0 0 0 0 0 0 0 0 0 0 0 0 0 0 0 0 0 0 0 0 0 0 0 0 0 0 0 0 0 0 0 0 0 0 0 0 0 0 0 0 0 0 0 0 0 0 0 0 0 0 0 0 0 0 
3 0 0 0 0 0 0 0.166667 0 0 0 0 0 0 0 0 0 0 0 0 0 0 0 0 0 0 0 0 0 0 0 0 0 0 0 0.0833333 0 0 0 0 0 0 0 0 0 0 0 0 0 0 0 0 0 0 0 0 0.0833333 0 0 0 0 0.166667 0 0 0 0 0 0 0.0833333 0 0.166667 0 0 0 0 0 0 0 0 0 0 0 0 0 0 0 0 0 0 0.166667 0 0 0 0 0 0 0 0 0.0833333 0 0 0 0 0 0 0 0 0 0 0 0 0 0 0 0 0 0 0 0 0 0 
3 0 0 0 0 0 0 0.0769231 0 0 0 0 0 0 0 0 0 0 0 0 0 0 0 0 0 0 0.153846 0 0 0.153846 0 0 0 0 0.0769231 0 0 0 0 0 0 0 0 0 0 0 0 0 0 0 0 0 0 0 0 0 0.153846 0 0 0 0 0 0 0 0 0 0 0 0.0769231 0 0 0 0 0 0 0 0 0 0 0 0 0 0 0 0 0 0 0 0 0.230769 0 0 0 0 0 0 0 0 0.0769231 0 0 0 0 0 0 0 0 0 0 0 0 0 0 0 0 0 0 0 0 0 0 
4 0 0 0 0 0 0 0 0 0 0 0 0 0 0 0 0 0 0 0 0 0 0 0 0 0 0 0 0.176471 0 0 0 0 0 0 0 0 0 0 0 0 0 0 0 0.0588235 0.0588235 0 0 0 0 0 0 0 0 0 0 0 0 0.0588235 0 0 0 0 0 0 0 0 0 0.0588235 0 0 0.117647 0 0 0 0 0 0 0 0 0 0 0 0 0 0.0588235 0 0 0 0 0 0 0 0 0 0 0.117647 0.176471 0 0 0 0 0 0.0588235 0 0 0 0 0 0 0 0 0.0588235 0 0 0 0 0 0 0 0 
4 0.0136364 0 0 0 0 0 0 0 0 0 0 0 0 0 0 0 0 0 0 0 0 0.186364 0 0 0 0 0 0 0 0 0.272727 0 0 0 0 0 0 0 0 0.0136364 0.0772727 0.0409091 0 0 0 0 0 0 0 0 0 0 0.0409091 0 0 0 0 0 0 0 0 0 0 0 0 0 0.0181818 0 0.00454545 0 0 0 0 0 0.0363636 0 0 0 0 0 0.00454545 0 0 0 0 0 0 0 0 0 0 0 0 0 0 0 0 0 0 0.0181818 0 0 0 0 0.140909 0 0 0.00454545 0.0590909 0 0 0 0 0 0 0.0636364 0 0 0.00454545 0 
4 0 0 0 0 0 0 0 0 0 0 0 0 0 0 0 0 0 0 0 0 0 0 0 0 0 0 0 0 0 0 0 0 0 0 0 0 0 0 0 0 0 0 0 0 0 0 0 0 0 0 0 0 0 0 0 0 0 0 0 0 0 0 0 0 0 0 0 0 0 0.25 0.125 0 0 0 0 0 0 0 0 0 0 0 0 0.375 0 0 0 0 0 0 0 0 0 0 0 0 0 0.125 0 0 0 0 0 0 0 0 0 0 0 0.125 0 0 0 0 0 0 0 0 0 0 
4 0 0 0 0 0.107143 0 0 0 0 0 0 0 0 0 0 0 0 0.0119048 0 0 0 0 0.0357143 0.0357143 0 0 0 0 0 0.0238095 0 0 0 0 0 0.0119048 0 0 0 0 0 0 0.0952381 0 0 0 0 0 0 0 0 0 0 0 0 0 0 0 0.047619 0.0238095 0 0.0238095 0 0 0 0.047619 0 0 0.0119048 0 0 0 0 0 0 0 0.0357143 0 0 0 0 0.0119048 0.214286 0 0.0119048 0.0238095 0 0.0238095 0 0 0 0 0 0 0.0833333 0 0 0 0.0119048 0 0 0.0714286 0 0 0 0 0 0 0 0 0.0357143 0 0 0 0 0 0 0 0 0 
4 0 0 0 0 0 0 0 0 0 0 0.111111 0 0 0.111111 0.111111 0 0 0 0 0 0 0 0 0 0 0 0 0 0 0 0 0 0 0 0 0 0 0 0 0 0 0 0 0.222222 0 0 0 0 0 0 0 0 0 0 0 0 0 0 0 0 0 0 0.111111 0 0 0 0 0 0 0.222222 0 0 0 0 0 0 0 0 0 0 0 0 0 0 0 0 0 0 0 0 0 0 0 0 0 0 0 0 0 0 0 0 0 0 0 0 0 0 0 0.111111 0 0 0 0 0 0 0 0 0 0 
4 0 0 0 0 0 0 0 0 0 0 0 0 0 0.208333 0 0 0 0 0 0 0.0416667 0 0.416667 0 0 0 0 0 0 0 0 0 0 0.0416667 0 0 0 0 0 0 0 0 0 0.0416667 0.0833333 0 0 0 0 0 0.0416667 0 0 0 0 0 0 0 0 0 0 0 0 0 0 0 0 0 0 0 0 0 0 0 0 0 0 0 0 0 0 0 0 0 0.125 0 0 0 0 0 0 0 0 0 0 0 0 0 0 0 0 0 0 0 0 0 0 0 0 0 0 0 0 0 0 0 0 0 0 0 
4 0 0 0 0 0 0 0 0 0 0 0 0 0 0 0 0 0 0 0 0 0 0 0 0 0 0 0 0.0909091 0 0 0 0 0 0 0 0 0 0 0 0 0 0 0 0.363636 0.0909091 0 0 0 0 0 0 0 0 0 0 0 0 0 0 0 0 0 0 0 0 0 0 0 0 0 0 0 0 0 0 0 0 0 0 0 0 0 0 0.181818 0.0909091 0 0 0 0 0 0 0 0 0 0 0.0909091 0 0 0 0 0 0 0.0909091 0 0 0 0 0 0 0 0 0 0 0 0 0 0 0 0 0 
4 0 0.25 0 0 0 0 0 0 0 0.0625 0 0 0 0 0 0 0 0 0 0 0.25 0 0 0 0 0 0 0 0 0 0 0 0 0 0 0 0 0 0 0 0 0.0625 0 0 0 0 0 0 0 0 0.0625 0 0 0 0 0 0 0 0 0 0 0 0 0 0 0 0 0 0.0625 0 0 0 0 0 0.0625 0 0 0 0 0 0 0 0 0 0 0 0.0625 0 0 0 0 0 0 0 0 0 0 0 0 0 0 0 0 0 0 0 0 0 0 0 0.125 0 0 0 0 0 0 0 0 0 
4 0 0 0 0 0 0 0 0 0.153846 0 0 0 0 0 0 0 0 0 0 0 0 0 0 0 0 0 0 0.0769231 0 0 0 0 0 0 0.0769231 0 0 0 0 0 0 0 0 0 0 0 0 0 0 0 0 0 0 0 0 0 0 0.153846 0 0 0 0 0 0 0 0 0 0 0 0.307692 0 0 0 0 0 0 0 0 0.153846 0.0769231 0 0 0 0 0 0 0 0 0 0 0 0 0 0 0 0 0 0 0 0 0 0 0 0 0 0 0 0 0 0 0 0 0 0 0 0 0 0 0 0 
4 0 0 0 0 0 0 0 0 0 0 0 0 0 0 0 0 0 0 0 0 0 0 0 0 0 0 0 0 0 0 0 0 0 0 0 0 0 0 0 0 0 0 0 0 0.214286 0 0 0.357143 0 0 0 0 0 0 0 0 0 0.0714286 0 0 0 0 0 0 0 0 0 0 0 0 0 0 0.0714286 0 0 0 0 0 0 0 0 0 0 0 0.0714286 0 0 0 0 0 0 0 0 0 0 0.142857 0 0 0 0 0 0 0 0 0 0 0 0 0 0 0.0714286 0 0 0 0 0 0 0 0 0 
5 0 0 0 0 0 0 0 0 0 0.181818 0 0 0 0 0 0 0 0 0 0 0 0 0 0 0 0.0909091 0 0.181818 0.181818 0 0 0 0 0 0 0 0 0 0 0 0 0 0 0 0 0 0 0.181818 0 0 0 0 0 0 0 0 0 0 0 0 0 0 0 0 0 0 0 0 0 0 0 0 0 0 0 0 0 0 0 0 0 0 0 0 0 0 0 0 0 0 0 0 0 0 0 0 0 0 0 0 0 0 0 0 0 0 0 0 0 0 0 0.181818 0 0 0 0 0 0 0 0 
5 0 0 0 0 0 0 0 0 0 0 0 0 0 0 0 0 0 0 0.0714286 0 0.0357143 0 0 0 0 0 0 0.321429 0 0 0 0 0 0 0.0357143 0 0 0.142857 0 0 0 0 0 0 0.0357143 0 0 0.107143 0 0 0 0 0 0 0 0 0 0.0357143 0 0 0 0 0 0 0 0 0 0 0 0 0 0 0 0 0 0 0 0 0 0 0 0 0 0 0 0 0 0 0 0 0 0 0 0 0 0.0714286 0.107143 0 0 0 0 0 0 0 0 0 0 0 0 0 0 0.0357143 0 0 0 0 0 0 0 0 
5 0 0 0 0 0 0 0 0 0 0 0 0.166667 0 0 0 0 0 0 0 0 0 0 0 0 0 0 0 0.333333 0 0 0 0 0 0 0 0 0 0 0 0 0 0 0 0 0 0 0 0 0 0 0 0 0 0 0 0.333333 0 0 0 0 0 0 0 0 0 0 0 0 0 0 0 0 0 0 0 0 0 0 0 0 0 0 0 0 0 0 0 0 0.166667 0 0 0 0 0 0 0 0 0 0 0 0 0 0 0 0 0 0 0 0 0 0 0 0 0 0 0 0 0 0 0 
5 0 0 0 0 0 0 0 0 0 0 0 0 0 0 0 0 0 0 0 0 0 0 0 0 0 0 0 0.125 0 0 0 0 0 0 0 0 0 0 0.75 0 0 0 0 0 0 0 0 0 0 0 0 0 0 0 0 0.125 0 0 0 0 0 0 0 0 0 0 0 0 0 0 0 0 0 0 0 0 0 0 0 0 0 0 0 0 0 0 0 0 0 0 0 0 0 0 0 0 0 0 0 0 0 0 0 0 0 0 0 0 0 0 0 0 0 0 0 0 0 0 0 0 
5 0 0 0 0 0 0 0 0 0 0.0714286 0.0714286 0 0 0 0 0 0 0 0 0 0 0 0 0 0 0 0 0.142857 0 0 0 0 0 0.0714286 0 0 0 0 0 0 0 0 0 0.142857 0.0714286 0 0 0.142857 0 0 0 0 0 0 0.0714286 0 0 0 0 0 0 0 0 0 0 0 0 0 0 0 0 0 0 0 0 0 0 0 0.0714286 0 0 0 0 0 0 0 0 0 0 0 0 0 0 0 0 0 0.0714286 0 0 0 0 0 0 0 0 0 0 0 0 0.0714286 0 0 0 0 0 0 0 0 0 0 
5 0 0 0 0 0 0 0 0 0.2 0.1 0 0.1 0 0 0 0 0 0 0 0 0 0 0 0 0 0 0 0.1 0 0 0 0 0 0 0 0 0 0 0.1 0 0 0 0 0 0 0 0 0 0 0 0 0 0 0 0 0 0 0.1 0 0 0 0 0 0 0 0 0 0 0 0 0 0 0 0.1 0 0 0 0 0 0 0 0 0 0 0 0 0 0 0 0.2 0 0 0 0 0 0 0 0 0 0 0 0 0 0 0 0 0 0 0 0 0 0 0 0 0 0 0 0 0 0 
5 0 0 0 0 0 0 0 0 0 0.0909091 0 0 0 0 0 0 0 0 0 0 0 0 0 0 0 0.0909091 0 0 0.0909091 0 0 0 0.0909091 0 0 0 0 0 0 0 0 0 0 0 0 0.181818 0 0 0 0 0 0 0 0 0 0 0 0.181818 0 0 0 0 0 0 0 0 0 0 0 0.0909091 0 0 0 0 0 0 0 0 0 0 0 0 0 0 0 0 0 0 0 0 0 0 0 0 0 0 0.0909091 0 0 0 0 0 0 0 0 0 0 0 0 0 0 0 0 0 0.0909091 0 0 0 0 0 
5 0 0 0 0 0 0 0 0 0 0 0 0 0 0 0 0 0 0 0 0 0 0 0 0.0714286 0 0.0714286 0 0 0.0714286 0 0 0 0 0 0 0 0 0.0714286 0.142857 0 0 0 0 0 0 0 0 0.0714286 0 0 0 0 0 0 0 0.214286 0 0 0.0714286 0 0 0 0 0 0 0 0 0 0 0 0 0 0 0 0 0 0 0 0 0 0 0 0 0 0.0714286 0 0 0 0 0 0 0 0 0 0 0 0 0.0714286 0 0 0 0 0 0 0 0 0 0 0 0 0 0 0.0714286 0 0 0 0 0 0 0 
5 0 0 0 0 0 0 0 0 0 0 0.142857 0 0 0 0 0 0 0 0 0 0.571429 0 0 0 0 0 0 0 0 0 0 0 0 0 0 0 0 0 0 0 0 0 0 0.285714 0 0 0 0 0 0 0 0 0 0 0 0 0 0 0 0 0 0 0 0 0 0 0 0 0 0 0 0 0 0 0 0 0 0 0 0 0 0 0 0 0 0 0 0 0 0 0 0 0 0 0 0 0 0 0 0 0 0 0 0 0 0 0 0 0 0 0 0 0 0 0 0 0 0 0 0 
5 0 0 0 0 0 0 0 0 0 0 0.428571 0 0 0 0 0 0 0 0 0 0.142857 0 0 0 0 0 0 0.142857 0 0 0 0 0 0 0 0 0 0 0 0 0 0 0 0 0 0 0 0 0 0 0 0 0 0 0 0 0 0 0 0 0 0 0 0 0 0 0 0 0 0 0 0 0 0 0 0 0 0 0 0 0 0 0 0 0 0 0 0 0 0 0 0 0 0 0 0 0 0 0 0 0 0 0 0 0 0 0 0 0 0 0 0.285714 0 0 0 0 0 0 0 0 
6 0 0 0 0 0 0 0 0 0 0 0 0 0 0 0 0 0 0 0 0 0.166667 0 0 0 0 0 0 0.166667 0 0 0 0 0 0 0 0 0 0 0 0 0 0 0 0.166667 0 0 0 0.166667 0 0 0 0 0 0 0 0 0 0.166667 0 0 0 0 0 0 0 0 0 0 0 0 0 0 0 0 0 0 0 0 0.166667 0 0 0 0 0 0 0 0 0 0 0 0 0 0 0 0 0 0 0 0 0 0 0 0 0 0 0 0 0 0 0 0 0 0 0 0 0 0 0 0 0 
6 0 0 0 0 0 0 0 0 0 0 0 0 0 0 0 0 0 0 0 0 0 0.19898 0 0 0 0 0 0 0 0 0.0867347 0 0 0 0 0 0 0.00510204 0 0.0204082 0.0255102 0.0714286 0 0.00510204 0 0 0 0 0 0.00510204 0 0 0.0561224 0 0 0 0 0 0 0 0 0 0 0 0 0 0.0204082 0 0.0102041 0 0 0 0.00510204 0 0.0102041 0 0 0.00510204 0 0 0.0255102 0 0 0 0 0 0 0 0 0 0 0 0 0.188776 0 0.0102041 0 0 0 0.163265 0.00510204 0 0 0 0.0255102 0 0 0 0.0561224 0 0 0 0 0 0 0 0 0 0 0 
6 0 0 0 0 0 0 0 0 0 0 0 0 0 0 0 0 0 0 0 0 0 0 0 0.111111 0 0 0 0 0 0 0 0 0 0 0 0 0 0 0.111111 0 0 0 0 0 0 0 0 0.111111 0 0 0 0 0 0 0 0 0 0 0 0 0 0 0 0 0 0 0 0.111111 0 0 0 0 0 0 0 0 0 0 0 0 0 0 0 0 0 0 0 0 0.444444 0 0 0 0 0 0 0 0 0 0 0 0 0 0 0 0 0 0 0 0 0 0 0 0 0 0.111111 0 0 0 0 0 
6 0 0 0 0 0.0273973 0 0 0 0 0 0 0 0 0 0 0 0 0 0.0136986 0 0 0 0.0136986 0.164384 0 0 0 0 0 0 0 0 0 0 0 0 0 0.0136986 0 0 0 0 0.205479 0 0 0 0 0 0 0 0 0 0 0 0 0 0 0 0 0 0 0 0 0 0 0 0 0 0.0547945 0 0 0 0.0410959 0 0 0.219178 0 0 0 0 0 0 0 0 0 0 0 0 0 0 0 0 0 0 0 0 0 0 0 0 0 0.246575 0 0 0 0 0 0 0 0 0 0 0 0 0 0 0 0 0 0 
6 0 0 0 0 0 0 0.0625 0 0 0.0625 0 0 0 0 0 0 0 0 0 0 0.0625 0 0 0 0 0 0 0 0.0625 0 0 0 0 0 0.125 0 0 0 0 0 0 0 0 0 0 0 0 0 0 0 0 0 0 0 0.0625 0 0 0 0 0 0 0 0 0 0 0 0 0 0 0 0 0 0 0 0 0 0 0 0 0 0 0 0 0 0 0 0 0 0 0 0 0 0 0 0 0 0 0 0 0 0 0 0 0 0 0 0 0 0 0 0 0 0 0.375 0 0 0 0 0 0.1875 
6 0 0 0 0.139535 0 0 0 0 0 0 0.0697674 0 0.116279 0.0465116 0 0 0 0 0 0.0232558 0 0 0.0465116 0.116279 0 0 0 0 0 0 0 0 0 0 0 0 0 0 0 0 0 0 0.0232558 0 0.0465116 0 0 0 0 0.0232558 0 0 0 0 0 0 0 0 0.0232558 0 0 0 0 0 0 0 0 0 0 0 0 0 0 0 0 0.0930233 0.0232558 0 0.0232558 0 0 0 0 0 0 0 0 0 0 0 0 0 0 0 0.0232558 0 0 0 0 0 0 0.0465116 0 0 0 0 0 0 0 0 0.0697674 0 0.0465116 0 0 0 0 0 0 0 
6 0 0 0 0 0 0 0.153846 0 0 0.153846 0 0 0 0 0 0 0 0 0 0 0 0 0 0 0.307692 0 0 0 0 0 0 0 0 0.0769231 0 0 0 0 0 0 0 0 0 0 0 0 0 0 0 0 0 0 0 0 0 0 0 0.153846 0 0 0 0 0 0 0 0 0 0 0 0 0 0 0 0 0 0 0 0 0 0 0 0 0 0 0 0 0 0 0 0 0 0 0 0 0 0 0 0.153846 0 0 0 0 0 0 0 0 0 0 0 0 0 0 0 0 0 0 0 0 0 0 
6 0 0 0 0 0 0 0.416667 0 0 0.166667 0 0 0 0 0 0 0 0 0 0 0 0 0 0 0 0 0 0 0.0833333 0 0 0 0 0 0 0 0 0 0 0 0 0 0 0 0 0 0 0 0 0 0 0 0 0 0 0 0 0 0 0 0 0 0 0 0 0 0 0 0 0 0 0 0 0 0 0 0 0 0.166667 0 0 0 0 0 0 0 0 0 0 0 0 0 0 0 0 0 0 0 0 0 0 0 0 0 0 0 0 0 0 0 0.0833333 0 0 0.0833333 0 0 0 0 0 0 
6 0 0 0 0 0 0 0 0 0 0 0 0 0 0 0 0 0 0 0 0 0 0 0 0 0 0 0 0 0 0 0 0 0 0.111111 0 0 0 0 0 0 0 0 0 0.111111 0 0 0 0 0 0 0 0 0 0 0 0 0 0.222222 0 0 0 0 0 0 0 0 0 0 0 0.333333 0 0 0 0 0 0 0 0 0 0 0 0 0 0.111111 0 0 0 0 0 0 0 0 0 0 0 0 0 0.111111 0 0 0 0 0 0 0 0 0 0 0 0 0 0 0 0 0 0 0 0 0 0 
6 0 0 0 0 0 0 0 0 0 0.454545 0 0 0 0 0 0 0 0 0 0 0 0 0 0 0 0 0 0 0.181818 0 0 0 0 0 0 0 0 0 0.181818 0 0 0 0 0 0 0 0 0 0 0 0 0 0 0 0 0 0 0.181818 0 0 0 0 0 0 0 0 0 0 0 0 0 0 0 0 0 0 0 0 0 0 0 0 0 0 0 0 0 0 0 0 0 0 0 0 0 0 0 0 0 0 0 0 0 0 0 0 0 0 0 0 0 0 0 0 0 0 0 0 0 0 
7 0 0 0 0 0 0 0 0 0 0 0 0 0 0 0 0.584906 0 0 0 0.0188679 0 0 0 0 0 0 0 0.0188679 0 0 0 0 0 0 0 0 0 0.0377358 0 0 0 0 0 0 0 0 0 0.0377358 0 0 0 0 0 0 0 0 0 0 0 0 0 0 0 0 0 0 0 0 0 0 0 0 0 0 0 0 0 0 0 0 0 0 0 0 0 0 0 0 0 0 0 0 0.0188679 0.0377358 0 0.0188679 0 0 0 0 0.0943396 0 0.0754717 0 0 0 0 0 0 0 0 0.0188679 0 0 0.0377358 0 0 0 0 0 
7 0 0 0 0 0 0 0 0 0 0 0 0 0.0454545 0 0 0 0 0 0 0 0 0 0 0 0 0 0 0.0151515 0 0 0 0 0 0 0 0 0 0.19697 0 0 0 0 0 0 0.0151515 0 0 0.0909091 0 0 0 0 0 0 0 0 0 0 0 0 0 0 0 0 0 0 0 0 0 0 0 0 0 0 0 0 0 0 0 0 0 0 0 0 0 0.0151515 0 0 0 0 0 0 0 0.0606061 0 0 0 0 0 0 0.454545 0 0 0 0 0 0 0 0 0 0 0 0 0 0.106061 0 0 0 0 0 
7 0 0 0.0363636 0.236364 0 0 0 0.0181818 0 0 0 0 0.0363636 0.0181818 0 0 0 0 0 0.127273 0 0 0.0363636 0.0545455 0 0 0 0 0 0 0 0 0 0 0 0 0 0 0 0 0 0 0 0 0.0363636 0 0 0 0 0.0181818 0 0 0 0 0 0 0 0 0 0.0909091 0 0.0363636 0 0 0 0 0 0 0 0 0 0 0 0 0 0 0.0363636 0.0181818 0 0 0 0 0 0 0.0545455 0 0 0 0 0 0 0 0 0 0 0 0 0 0.0363636 0 0 0.0545455 0 0 0 0 0 0 0 0 0.0363636 0.0181818 0 0 0 0 0 0 0 0 
7 0 0 0 0 0 0.261905 0 0 0 0 0 0.142857 0.0238095 0 0 0 0 0.0238095 0 0 0 0 0.0238095 0 0 0.0952381 0 0 0 0 0 0 0 0 0 0.142857 0 0 0 0 0 0 0 0 0 0 0.047619 0 0 0 0 0 0 0 0 0 0 0 0 0 0 0.0238095 0 0 0 0 0 0.0714286 0 0 0 0 0 0.047619 0 0 0 0 0 0 0 0 0 0 0 0 0 0 0.047619 0.047619 0 0 0 0 0 0 0 0 0 0 0 0 0 0 0 0 0 0 0 0 0 0 0 0 0 0 0 0 0 0 
7 0 0 0.142857 0 0 0 0 0 0 0 0 0 0.166667 0 0 0 0 0 0 0.0714286 0 0 0 0 0 0 0.357143 0 0 0 0 0 0 0 0 0 0.047619 0 0 0 0 0 0 0 0 0 0 0 0 0 0 0 0 0 0 0 0 0 0.0238095 0 0 0 0 0 0 0 0 0 0 0 0 0 0 0 0 0 0.142857 0 0 0 0 0 0 0 0.047619 0 0 0 0 0 0 0 0 0 0 0 0 0 0 0 0 0 0 0 0 0 0 0 0 0 0 0 0 0 0 0 0 0 0 0 
7 0 0 0 0 0 0.3 0 0 0 0 0 0.3 0.075 0 0 0 0 0 0 0 0 0 0 0 0 0.05 0 0 0 0 0 0 0 0 0 0 0 0 0 0 0 0 0 0 0 0 0 0 0 0 0 0 0 0 0 0 0 0 0 0.075 0.025 0 0 0 0 0 0 0 0 0 0 0 0 0.075 0 0 0 0 0 0 0 0 0 0 0 0 0 0 0.025 0 0 0 0 0 0 0 0 0 0 0 0 0 0.025 0 0 0 0.05 0 0 0 0 0 0 0 0 0 0 0 0 0 
7 0 0 0 0.0961538 0 0 0 0 0 0 0 0 0.0576923 0 0 0.0192308 0 0 0 0.115385 0.0192308 0 0 0 0 0 0 0 0 0 0 0 0 0 0 0 0 0 0 0 0 0.0384615 0 0 0 0 0 0.0576923 0 0 0 0 0 0 0 0 0 0 0 0 0 0 0 0.0192308 0 0.0192308 0 0 0 0 0 0 0.0576923 0 0 0 0 0.211538 0 0 0 0 0 0 0 0 0 0 0 0 0 0 0 0.0192308 0.0192308 0.0192308 0 0 0 0 0 0.0192308 0.115385 0 0 0 0 0 0 0 0.0192308 0.0192308 0.0576923 0 0 0 0 0 0 0 
7 0 0 0.0222222 0 0 0 0 0 0 0.0222222 0 0.0444444 0.155556 0 0 0 0 0 0 0 0 0 0 0 0 0 0 0.0222222 0 0 0 0 0 0 0 0 0.0666667 0 0 0 0 0 0 0 0 0 0 0 0 0 0 0 0 0 0 0 0 0 0 0 0 0 0.0444444 0 0.0666667 0 0 0 0 0 0 0 0.0444444 0 0 0.0222222 0.0222222 0 0.0222222 0 0 0 0 0 0 0 0 0 0.0222222 0 0.0222222 0 0 0 0 0 0 0 0 0 0 0 0 0 0 0 0.0222222 0 0 0 0 0 0 0 0.377778 0 0 0 0 0 
7 0 0 0 0 0 0 0 0 0 0 0 0 0 0.0652174 0 0 0 0 0 0.152174 0 0 0.0434783 0 0 0 0 0 0 0.0869565 0 0 0 0 0 0 0.0217391 0 0 0 0 0 0 0 0.0217391 0 0 0 0 0 0 0 0 0 0 0 0 0 0 0.0217391 0 0 0 0 0 0.0217391 0 0 0.0217391 0 0 0 0 0 0 0 0.0217391 0.0217391 0 0 0 0 0.0217391 0 0.217391 0 0 0.108696 0 0 0 0 0 0 0.0869565 0 0 0 0 0 0 0.0217391 0 0 0 0 0 0 0 0 0 0 0.0434783 0 0 0 0 0 0 0 
7 0 0 0 0 0 0 0 0 0 0 0 0 0 0 0 0 0 0 0 0 0 0 0 0 0 0 0 0.0714286 0 0 0 0 0 0 0 0 0 0 0 0 0 0 0 0 0 0 0 0 0 0.0714286 0 0 0 0 0 0 0 0 0 0 0 0 0 0 0 0 0 0 0 0 0.214286 0 0 0 0 0 0 0 0 0 0 0 0 0 0.214286 0 0 0 0 0 0 0 0 0 0 0 0 0 0 0 0 0 0 0 0 0 0 0 0 0.0714286 0 0 0.357143 0 0 0 0 0 0 0 
8 0.0363636 0 0 0 0 0 0 0 0 0 0 0 0 0 0 0.0181818 0 0 0 0 0 0 0 0 0 0 0 0 0 0 0 0 0 0 0 0 0 0 0 0 0 0 0 0 0 0 0 0 0.0181818 0 0 0.109091 0 0 0 0 0 0 0 0 0 0 0 0.145455 0 0 0 0 0 0 0 0 0.0363636 0 0 0 0 0 0 0 0 0.0181818 0 0 0 0 0 0 0 0 0 0 0 0.254545 0.0181818 0 0 0 0.0181818 0 0.145455 0 0 0 0 0 0 0 0.0181818 0 0 0 0 0 0 0.109091 0 0 0.0545455 0 
8 0.0137931 0 0 0 0 0 0 0 0 0 0 0 0 0 0 0 0 0 0 0 0.00689655 0.0689655 0 0 0 0 0 0 0 0 0 0 0 0 0 0 0 0 0 0 0 0 0 0 0 0 0 0 0.186207 0 0 0.0965517 0.00689655 0.00689655 0 0 0.00689655 0 0 0 0 0 0 0 0 0 0.117241 0 0 0 0 0 0 0 0.0206897 0 0 0 0 0.00689655 0.0413793 0 0 0 0 0 0 0 0 0 0 0 0 0.00689655 0 0 0 0 0 0.00689655 0 0 0 0 0 0 0 0.0275862 0.0482759 0 0 0 0 0 0 0.144828 0 0.0137931 0.172414 0 
8 0 0 0 0 0 0.117647 0 0 0 0 0 0 0 0 0 0 0 0 0 0 0 0 0 0 0 0 0 0 0 0 0 0 0 0 0 0 0 0 0 0 0 0 0 0 0 0 0.0588235 0 0 0 0 0 0 0 0 0 0 0 0 0 0 0 0 0 0 0 0 0 0 0 0 0 0 0.294118 0 0 0 0 0 0 0 0.117647 0 0 0 0 0 0 0 0 0 0 0 0 0 0 0 0 0.235294 0 0 0 0 0 0 0 0.176471 0 0 0 0 0 0 0 0 0 0 0 0 0 
8 0 0 0 0 0 0 0 0 0 0 0 0 0 0 0 0 0 0 0 0 0 0 0 0 0 0 0 0 0 0.125 0 0 0 0 0 0.015625 0 0 0 0 0 0 0 0 0 0 0.09375 0 0 0 0.015625 0 0 0.015625 0 0 0 0 0 0.015625 0 0 0 0.171875 0 0.015625 0 0 0 0 0 0 0.015625 0.140625 0 0 0 0.046875 0 0 0 0 0 0 0 0 0 0.015625 0 0 0 0 0 0 0.015625 0 0 0 0.25 0 0 0.03125 0 0 0 0.015625 0 0 0 0 0 0 0 0 0 0 0 0 0 0 
8 0 0 0 0 0 0 0 0 0 0 0 0 0 0 0.0322581 0 0 0 0.0967742 0.129032 0 0 0 0 0 0 0 0.193548 0 0 0 0 0 0 0 0 0 0 0 0 0 0 0 0 0 0 0 0 0 0.225806 0 0 0 0 0 0 0 0 0 0 0 0 0 0 0 0 0 0 0 0.0322581 0.0322581 0 0 0 0 0 0 0 0 0 0 0.0645161 0 0 0 0 0 0 0 0 0 0 0 0 0 0 0 0 0 0 0 0 0.0322581 0 0 0 0.129032 0 0 0 0 0 0.0322581 0 0 0 0 0 0 0 
8 0 0 0 0.0149254 0 0 0 0 0 0 0 0 0 0 0 0 0 0 0.0149254 0 0 0 0 0 0 0 0 0 0 0 0 0 0 0 0 0 0 0.0298507 0 0 0 0.0149254 0 0 0.0149254 0 0.0149254 0 0 0.0447761 0.0298507 0 0 0 0 0 0 0 0 0.0149254 0 0.0149254 0 0.134328 0 0.0746269 0 0 0.0149254 0 0 0 0.0597015 0.0149254 0 0 0 0.0298507 0 0 0 0.0149254 0 0 0.0149254 0 0 0.0149254 0 0 0 0.0447761 0 0 0.134328 0 0.0149254 0 0 0 0 0.119403 0 0 0 0 0 0.0597015 0 0 0.0447761 0 0 0 0 0 0 0 0 0 
8 0 0 0 0 0 0 0 0 0 0 0 0 0 0 0 0 0 0 0.133333 0 0 0 0 0 0 0 0 0.0666667 0 0 0 0 0 0 0 0 0 0 0 0 0 0 0 0 0.2 0 0 0 0 0 0 0 0 0 0 0 0 0 0 0 0 0 0 0 0 0 0 0 0 0 0 0 0 0 0 0 0 0 0 0 0 0.0666667 0 0 0 0 0 0 0 0 0 0 0 0 0 0.0666667 0.266667 0 0 0 0 0 0 0 0 0 0 0 0 0.0666667 0 0 0 0 0 0 0 0 0 0.133333 
8 0 0.0138889 0 0 0 0 0 0.0138889 0 0 0.0138889 0 0 0 0 0 0 0 0.0138889 0 0.0277778 0 0 0 0 0 0 0 0 0 0 0 0 0 0 0 0 0.0416667 0 0.0416667 0 0.0138889 0 0 0 0 0 0 0 0.0277778 0.0138889 0 0 0 0 0 0 0 0 0 0 0 0 0.0972222 0 0 0 0 0.0555556 0 0 0 0 0.0555556 0.0416667 0.0138889 0 0 0 0 0 0.0138889 0 0 0 0 0.152778 0.0972222 0 0 0 0 0 0.0555556 0.0138889 0 0 0 0.0277778 0.0138889 0 0 0 0.0972222 0.0277778 0 0 0 0 0 0 0 0 0 0 0 0 0 0 0.0138889 
8 0 0 0 0 0 0 0 0.0384615 0 0 0 0 0.0769231 0 0 0 0 0 0.307692 0 0 0 0 0 0.0384615 0 0 0 0 0 0 0 0 0 0 0 0 0 0 0 0 0 0 0 0 0 0 0 0 0 0 0 0 0 0 0 0 0 0 0 0 0 0 0.0384615 0 0.0769231 0 0 0 0 0 0 0 0.115385 0 0 0 0 0 0 0 0.0769231 0 0 0 0 0 0 0 0 0 0 0 0 0.0769231 0.0384615 0 0 0.0384615 0 0 0 0 0 0 0 0.0769231 0 0 0 0 0 0 0 0 0 0 0 0 0 
8 0.0102041 0 0 0 0 0 0 0.0102041 0 0 0 0 0 0 0 0 0 0 0 0.0102041 0 0 0 0.0102041 0 0 0 0 0 0 0 0 0 0 0 0 0 0 0 0 0 0 0 0 0 0 0 0 0.0102041 0.0204082 0 0.0510204 0 0.112245 0 0 0.0306122 0 0 0 0 0 0 0.0102041 0 0.0102041 0.0306122 0 0 0 0 0 0 0 0 0 0 0.0816327 0 0 0.0102041 0 0 0 0 0 0 0.0408163 0 0 0 0.183673 0 0 0 0 0 0 0.112245 0.0306122 0 0 0 0 0 0.0102041 0 0.0510204 0 0 0 0 0 0 0 0 0 0.142857 0.0204082 0 
9 0 0 0 0 0 0 0.4 0 0 0.1 0 0 0 0 0 0 0 0 0 0 0 0 0 0 0 0 0 0 0 0 0 0 0 0 0.1 0 0 0 0 0 0 0 0 0 0 0 0 0 0 0 0 0 0 0 0 0 0 0 0 0 0 0 0.1 0 0 0 0 0 0 0.3 0 0 0 0 0 0 0 0 0 0 0 0 0 0 0 0 0 0 0 0 0 0 0 0 0 0 0 0 0 0 0 0 0 0 0 0 0 0 0 0 0 0 0 0 0 0 0 0 0 0 
9 0 0 0 0 0 0 0 0 0.2 0 0 0 0 0 0 0 0 0 0 0 0 0 0 0 0 0 0 0 0 0 0 0 0 0 0.2 0 0 0 0 0 0 0 0 0 0 0 0 0 0 0 0 0 0 0 0 0 0 0.2 0 0 0 0 0 0 0 0 0 0 0 0.4 0 0 0 0 0 0 0 0 0 0 0 0 0 0 0 0 0 0 0 0 0 0 0 0 0 0 0 0 0 0 0 0 0 0 0 0 0 0 0 0 0 0 0 0 0 0 0 0 0 0 
9 0 0 0 0 0 0 0 0 0 0 0 0 0 0 0 0 0 0 0 0 0 0 0 0 0 0 0 0 0 0 0 0 0 0.166667 0 0 0 0 0 0 0 0 0 0 0 0 0 0 0 0 0 0 0 0 0 0 0 0 0 0 0 0 0.333333 0 0 0 0 0 0 0.5 0 0 0 0 0 0 0 0 0 0 0 0 0 0 0 0 0 0 0 0 0 0 0 0 0 0 0 0 0 0 0 0 0 0 0 0 0 0 0 0 0 0 0 0 0 0 0 0 0 0 
9 0 0 0 0 0 0 0 0 0 0 0 0 0 0 0 0 0 0 0 0 0 0 0 0 0 0 0 0 0 0 0 0 0 0 0.142857 0 0 0 0 0 0 0 0 0 0 0 0 0 0 0 0 0 0 0 0 0 0 0 0 0 0 0 0.142857 0 0 0 0 0 0 0.285714 0 0 0 0 0 0 0 0 0.142857 0 0 0 0 0 0 0 0 0 0 0 0 0 0 0 0 0 0 0 0 0 0 0 0 0 0 0 0 0 0 0 0.142857 0 0.142857 0 0 0 0 0 0 0 
9 0 0 0 0 0 0 0.125 0 0 0 0 0 0 0 0 0 0 0 0 0 0 0 0 0 0 0 0 0 0 0 0 0 0.125 0 0 0 0 0 0 0 0 0 0 0 0 0 0 0 0 0 0 0 0 0 0 0 0 0 0 0 0 0 0.375 0 0 0 0 0 0 0.25 0 0 0 0 0 0 0 0 0 0 0 0 0 0 0 0 0 0 0 0 0 0 0 0 0 0 0 0 0 0 0 0 0 0 0 0 0 0 0 0 0 0 0 0.125 0 0 0 0 0 0 
9 0 0 0 0 0.173913 0 0.0434783 0 0 0 0 0 0 0 0 0 0 0.0434783 0 0 0.0434783 0 0 0 0 0 0 0 0 0.130435 0 0 0 0.0434783 0 0 0 0 0 0 0 0 0.130435 0 0 0 0 0 0 0 0.0434783 0 0 0 0 0 0 0 0 0 0 0 0 0 0 0 0 0 0 0.0869565 0 0 0 0 0 0 0.0434783 0 0 0 0 0 0 0 0 0 0 0.173913 0 0 0 0 0 0 0 0 0 0 0 0 0 0 0 0 0 0 0 0 0 0 0 0 0.0434783 0 0 0 0 0 0 0 
9 0 0 0 0 0 0 0.111111 0 0 0 0 0 0 0 0 0 0 0 0 0 0 0 0 0 0.222222 0 0 0 0 0 0 0 0 0 0 0 0 0 0 0 0 0 0 0 0 0 0 0 0 0 0 0 0 0 0 0 0 0 0 0 0 0 0.111111 0 0 0 0 0 0 0.111111 0 0 0 0 0 0 0 0 0 0 0 0 0 0 0 0 0 0 0 0 0 0 0 0 0 0 0 0.444444 0 0 0 0 0 0 0 0 0 0 0 0 0 0 0 0 0 0 0 0 0 0 
9 0 0.0909091 0 0 0 0 0.0909091 0 0 0.0909091 0 0 0 0 0 0 0 0 0 0 0 0 0 0 0 0 0 0 0.636364 0 0 0 0 0.0909091 0 0 0 0 0 0 0 0 0 0 0 0 0 0 0 0 0 0 0 0 0 0 0 0 0 0 0 0 0 0 0 0 0 0 0 0 0 0 0 0 0 0 0 0 0 0 0 0 0 0 0 0 0 0 0 0 0 0 0 0 0 0 0 0 0 0 0 0 0 0 0 0 0 0 0 0 0 0 0 0 0 0 0 0 0 0 
9 0 0 0 0 0 0 0.111111 0 0 0 0 0 0 0 0 0 0 0 0 0 0 0 0 0 0 0 0 0 0 0 0 0 0 0 0 0 0 0 0 0 0 0 0 0 0 0 0 0 0 0 0 0 0 0 0 0 0 0 0 0 0 0 0.888889 0 0 0 0 0 0 0 0 0 0 0 0 0 0 0 0 0 0 0 0 0 0 0 0 0 0 0 0 0 0 0 0 0 0 0 0 0 0 0 0 0 0 0 0 0 0 0 0 0 0 0 0 0 0 0 0 0 
9 0 0 0 0 0 0 0.0909091 0 0 0 0 0 0 0.0909091 0 0 0 0 0 0 0 0 0 0 0 0 0 0 0 0 0 0 0 0.272727 0 0 0 0 0 0 0 0 0 0 0 0 0 0 0 0 0.0909091 0 0 0 0 0 0 0 0 0 0 0 0 0 0 0.0909091 0 0 0 0.181818 0 0 0 0 0 0 0 0 0 0 0 0 0 0 0 0 0 0 0 0 0 0 0 0 0 0 0 0 0 0 0 0 0 0 0 0 0 0 0 0 0 0 0 0.0909091 0 0 0 0 0 0.0909091 
10 0 0 0 0 0 0 0 0 0 0.0769231 0 0 0 0 0 0 0 0 0.0769231 0 0 0 0 0 0 0 0 0 0 0 0 0 0 0 0 0 0 0.153846 0 0 0 0 0 0.0769231 0.0769231 0 0 0 0 0.153846 0 0 0 0 0 0 0 0 0 0 0 0 0 0.0769231 0 0 0 0 0 0 0 0 0 0 0 0 0 0 0 0 0 0 0 0 0 0 0 0 0 0 0 0 0 0.0769231 0 0.0769231 0 0 0 0 0.0769231 0 0 0 0 0 0 0 0 0 0 0.0769231 0 0 0 0 0 0 0 0 
10 0 0 0 0 0 0 0 0 0 0 0 0 0 0 0 0 0 0 0 0 0 0 0 0 0 0 0 0.0714286 0 0 0 0 0 0 0 0 0 0 0 0 0 0 0 0 0.0714286 0 0 0 0 0 0 0 0 0 0 0 0 0 0 0 0 0 0 0 0 0 0 0 0 0 0 0 0 0 0 0 0 0 0 0 0 0 0 0 0 0 0 0 0 0 0 0 0 0.0714286 0 0.642857 0.0714286 0 0 0 0 0 0 0 0 0 0 0 0 0 0 0 0.0714286 0 0 0 0 0 0 0 
10 0 0 0 0 0 0 0 0 0 0 0 0 0 0 0 0 0 0 0 0.5 0 0 0 0 0 0 0 0 0 0 0 0 0 0 0 0 0 0 0 0 0 0 0 0 0 0 0 0 0 0 0 0 0 0 0 0 0 0 0 0 0 0 0 0 0 0 0 0 0 0 0 0 0 0 0 0 0 0 0 0 0 0 0 0 0 0 0 0 0 0 0 0 0 0 0 0 0 0 0 0 0 0 0 0 0 0 0.5 0 0 0 0 0 0 0 0 0 0 0 0 0 
10 0 0 0 0 0 0 0 0 0 0 0 0.0833333 0 0 0 0 0 0 0 0.0833333 0 0 0.166667 0 0 0 0 0 0 0 0 0.0833333 0 0 0 0 0 0 0 0 0 0 0 0 0 0 0 0 0 0 0 0 0 0 0 0 0 0 0 0 0 0 0 0 0 0 0 0 0 0 0 0.0833333 0 0 0 0 0 0 0 0 0 0.0833333 0 0 0 0 0 0.0833333 0 0.0833333 0 0 0 0 0 0 0 0 0.25 0 0 0 0 0 0 0 0 0 0 0 0 0 0 0 0 0 0 0 0 0 
10 0 0 0 0 0 0 0 0 0 0 0 0 0 0 0.125 0 0 0 0 0 0.125 0 0 0 0 0 0 0.125 0 0 0 0 0 0 0 0 0 0 0 0 0 0 0 0.125 0 0 0.125 0 0 0 0 0 0 0 0 0 0 0 0 0 0 0 0 0 0 0 0 0 0 0 0.125 0 0 0 0 0 0 0 0 0 0 0.125 0 0 0.125 0 0 0 0 0 0 0 0 0 0 0 0 0 0 0 0 0 0 0 0 0 0 0 0 0 0 0 0 0 0 0 0 0 0 0 
10 0 0 0 0 0 0 0 0 0 0 0 0 0 0 0 0 0 0 0.0588235 0 0 0 0.176471 0 0 0 0 0 0 0 0 0 0 0 0 0 0 0 0 0 0 0 0 0 0.0588235 0 0 0 0 0 0 0 0 0 0 0 0 0 0 0 0 0 0 0 0 0 0 0 0.0588235 0 0 0 0.176471 0 0 0 0 0 0 0 0 0.117647 0 0 0.0588235 0.117647 0 0 0 0 0 0 0 0 0 0 0.0588235 0 0 0 0 0 0 0 0 0 0.0588235 0 0 0 0.0588235 0 0 0 0 0 0 0 0 0 
10 0 0 0 0 0 0 0 0 0 0 0 0 0 0 0.166667 0 0 0 0 0 0 0 0 0 0 0 0 0 0 0 0 0 0 0.166667 0 0 0 0 0 0 0 0 0 0.166667 0 0 0 0 0 0 0 0 0 0 0 0 0 0 0 0 0 0 0 0 0 0 0 0.166667 0 0 0.333333 0 0 0 0 0 0 0 0 0 0 0 0 0 0 0 0 0 0 0 0 0 0 0 0 0 0 0 0 0 0 0 0 0 0 0 0 0 0 0 0 0 0 0 0 0 0 0 0 0 
10 0 0.0294118 0 0 0.0588235 0 0 0 0 0 0 0 0 0 0 0 0 0 0 0 0 0 0 0 0 0 0 0 0 0 0 0 0 0 0 0 0 0 0 0 0 0 0 0.0294118 0 0 0 0 0 0.0588235 0.0294118 0 0 0 0 0 0 0 0 0 0 0 0 0 0 0.0588235 0 0 0 0 0 0 0 0 0 0 0 0 0 0 0 0 0 0 0 0 0.529412 0 0 0 0 0 0 0.0294118 0 0.0294118 0 0 0 0 0 0 0 0 0 0 0 0 0 0 0.147059 0 0 0 0 0 0 0 0 0 
10 0 0 0 0 0 0.133333 0 0 0 0 0 0 0 0 0 0 0 0 0 0.0666667 0 0 0.0666667 0 0 0 0 0 0 0.0666667 0 0 0 0 0 0 0 0 0 0 0 0 0 0 0.2 0 0 0 0 0.133333 0 0 0 0 0 0 0 0 0 0 0 0 0 0 0 0 0 0 0 0 0 0 0 0 0 0 0 0 0 0 0 0.0666667 0 0 0.0666667 0 0 0 0 0.133333 0 0 0 0 0 0 0 0 0 0 0 0 0 0 0 0 0 0 0 0 0 0 0 0 0 0 0 0 0 0.0666667 
10 0 0 0 0 0 0 0 0.025641 0 0 0 0 0 0 0 0 0 0 0 0 0 0 0.025641 0 0 0 0 0 0 0.0512821 0 0 0 0 0 0.153846 0 0 0 0 0 0 0 0 0.025641 0 0 0 0.128205 0 0.025641 0 0 0 0 0 0 0 0 0 0 0.128205 0 0 0 0 0 0 0.025641 0 0 0.025641 0 0.0512821 0 0.0512821 0 0.025641 0 0 0 0 0 0 0 0.025641 0 0.025641 0 0.0512821 0 0 0 0 0.0512821 0 0 0 0 0 0 0 0 0 0 0 0 0 0 0 0.025641 0 0 0 0 0 0 0.0769231 0 0 
11 0 0 0 0 0 0 0 0 0 0 0 0 0 0 0 0 0 0 0 0 0 0 0 0 0 0 0 0.0666667 0 0 0 0 0 0 0 0 0 0.533333 0 0 0 0 0 0 0 0 0 0.133333 0 0 0 0 0 0 0 0 0 0 0 0 0 0 0 0 0 0 0 0.0666667 0 0.0666667 0 0 0 0 0 0 0 0 0 0 0 0 0 0 0 0 0 0 0 0 0 0 0 0 0 0 0 0 0.0666667 0 0 0 0 0 0 0 0 0 0 0 0 0.0666667 0 0 0 0 0 0 0 0 
11 0.0357143 0 0 0 0 0 0 0 0 0 0 0 0 0 0 0.0119048 0 0 0 0 0.0119048 0.0238095 0 0 0 0 0 0 0 0 0 0 0 0 0 0 0 0.0238095 0 0 0 0 0 0.0119048 0 0 0 0.0238095 0 0 0 0.142857 0 0.0119048 0 0 0 0 0 0 0 0 0 0 0 0 0 0 0 0 0 0 0.0119048 0 0 0 0 0 0 0 0 0 0 0 0 0 0 0 0 0 0 0 0 0.0833333 0 0.0119048 0.0119048 0 0 0 0.238095 0 0 0 0 0 0 0 0.0119048 0 0 0 0 0 0 0.297619 0 0 0.0357143 0 
11 0 0 0 0 0 0 0 0 0 0 0 0 0 0 0 0 0 0 0 0 0 0 0 0 0 0 0 0.272727 0 0 0 0 0 0 0 0 0 0 0 0 0 0 0 0 0 0 0 0 0 0 0 0 0 0 0 0 0 0 0 0 0 0 0 0 0 0 0 0.363636 0 0 0 0 0 0 0 0 0 0 0 0 0 0 0 0 0 0 0 0 0.181818 0 0 0 0.0909091 0 0 0 0 0 0 0 0 0 0 0 0 0 0 0 0 0 0 0.0909091 0 0 0 0 0 0 0 0 
11 0 0 0 0.027027 0 0 0 0 0 0 0 0 0.0135135 0 0 0 0 0 0.0540541 0.0540541 0 0 0.027027 0 0 0 0 0 0 0 0 0 0 0 0 0 0 0 0 0 0 0 0 0 0.0405405 0 0 0.0135135 0 0.0135135 0 0 0 0 0 0 0 0 0 0.324324 0 0.351351 0 0 0 0 0 0 0 0 0 0 0.0405405 0 0 0 0 0 0 0 0 0.0135135 0 0 0 0 0 0 0 0 0 0 0 0 0.0135135 0 0 0 0 0 0 0.0135135 0 0 0 0 0 0 0 0 0 0 0 0 0 0 0 0 0 0 
11 0 0 0 0 0 0 0 0 0.111111 0.222222 0 0 0 0 0 0 0 0 0 0 0 0 0 0 0 0 0 0 0 0 0 0 0 0 0 0 0 0 0 0 0 0 0 0 0 0 0 0 0 0 0 0 0 0 0 0 0 0.444444 0 0 0 0 0 0 0 0 0 0 0 0.111111 0 0.111111 0 0 0 0 0 0 0 0 0 0 0 0 0 0 0 0 0 0 0 0 0 0 0 0 0 0 0 0 0 0 0 0 0 0 0 0 0 0 0 0 0 0 0 0 0 0 0 0 
11 0 0 0 0 0 0 0 0 0 0 0 0 0 0 0 0 0 0 0 0 0 0 0 0 0 0 0 0 0 0 0 0 0 0 0 0 0 0 0 0 0 0 0 0.272727 0 0 0 0.0909091 0 0 0 0 0 0 0 0 0 0.272727 0 0 0 0 0 0 0 0 0 0 0 0 0 0 0 0 0 0 0 0 0.272727 0 0 0 0 0 0 0 0 0 0 0 0 0 0 0 0 0 0.0909091 0 0 0 0 0 0 0 0 0 0 0 0 0 0 0 0 0 0 0 0 0 0 0 
11 0 0 0.0322581 0.0645161 0.193548 0 0 0 0 0.0322581 0 0 0 0 0 0 0 0.129032 0 0 0.0322581 0 0 0 0 0 0 0 0 0.0322581 0 0 0 0 0 0 0 0 0 0 0 0 0.0322581 0.129032 0 0 0 0 0 0 0 0 0 0 0 0 0 0.0322581 0 0 0 0 0 0 0 0 0 0 0 0 0 0 0 0 0 0 0 0 0 0 0 0 0 0 0 0 0 0.129032 0 0 0 0 0 0 0 0 0.129032 0 0 0 0 0.0322581 0 0 0 0 0 0 0 0 0 0 0 0 0 0 0 0 0 0 
11 0 0.1 0 0 0 0 0 0 0 0.3 0 0 0 0 0 0 0 0 0 0 0 0 0 0 0 0 0 0 0.1 0 0 0 0 0 0 0 0 0 0 0 0 0 0 0 0 0 0 0.3 0 0 0.1 0 0 0 0 0 0 0 0 0 0 0 0 0 0 0 0 0 0 0 0 0 0 0 0 0 0 0 0 0 0 0 0 0 0 0 0 0 0 0 0 0 0 0 0 0 0 0 0 0 0 0 0 0 0 0 0 0 0 0 0 0.1 0 0 0 0 0 0 0 0 
11 0 0 0 0 0 0 0 0 0 0.25 0 0 0 0 0 0 0 0 0 0 0 0 0 0 0 0 0 0 0 0 0 0 0 0 0 0 0 0 0 0 0 0 0 0.125 0 0 0 0 0 0 0 0 0 0 0 0 0 0.375 0 0 0 0 0 0 0 0 0 0 0 0 0 0 0 0 0 0 0 0 0 0 0 0 0 0 0 0 0 0 0 0 0 0 0 0 0 0 0.125 0.125 0 0 0 0 0 0 0 0 0 0 0 0 0 0 0 0 0 0 0 0 0 0 
11 0 0 0 0 0 0 0 0 0 0 0 0 0 0 0 0 0 0 0.0555556 0 0 0 0.222222 0 0 0 0 0 0 0 0 0 0 0 0 0 0 0 0 0 0 0 0 0.0555556 0.111111 0 0 0.0555556 0 0 0 0 0 0 0 0 0 0 0 0 0 0 0 0 0 0 0 0 0 0 0 0 0.0555556 0 0 0.166667 0 0 0 0 0 0 0 0 0 0 0 0 0 0 0 0 0 0 0 0.0555556 0.111111 0 0 0 0 0 0 0 0 0 0 0 0 0 0 0.0555556 0.0555556 0 0 0 0 0 0 0 
12 0 0 0 0 0 0 0 0 0 0 0 0 0.025641 0 0 0.102564 0 0 0 0 0 0 0 0 0 0 0 0 0 0 0 0 0 0 0 0 0 0.025641 0 0 0 0 0 0 0 0 0 0 0 0.025641 0 0 0 0 0 0 0 0.025641 0 0 0 0 0 0 0 0 0 0 0 0.025641 0 0 0 0 0 0 0 0 0 0 0 0 0 0 0 0 0 0 0.025641 0 0 0 0.0512821 0.25641 0 0.0512821 0 0.025641 0 0 0.153846 0 0.0769231 0 0 0 0 0 0 0 0 0 0 0 0.128205 0 0 0 0 0 
12 0 0 0 0 0 0 0 0 0 0 0 0 0 0 0 0.246154 0 0 0 0 0.0153846 0.0153846 0 0 0 0 0 0 0 0 0.0153846 0 0 0 0 0 0 0.0461538 0 0 0.107692 0.0153846 0 0 0 0 0 0 0.0307692 0 0 0.0153846 0 0 0 0 0 0 0 0 0 0 0 0 0 0 0.0769231 0 0 0.0153846 0 0.0153846 0 0 0.0307692 0 0 0 0.0153846 0 0 0 0 0 0 0 0 0 0 0 0 0 0 0.0307692 0 0 0 0 0 0 0.0307692 0 0.0307692 0 0.0153846 0 0 0 0.0307692 0 0 0 0 0 0.0769231 0.123077 0 0 0 0 
12 0 0 0 0 0 0 0 0 0 0 0 0 0 0 0 0 0 0 0 0 0 0 0 0 0 0 0 0.0909091 0 0 0 0 0 0 0 0 0.0909091 0 0 0 0 0 0 0.0909091 0 0 0 0 0 0 0 0 0 0 0 0 0 0 0 0 0 0 0 0 0 0 0 0 0 0.0909091 0 0 0 0 0 0 0 0 0 0 0 0 0 0 0 0 0 0 0 0 0 0 0.636364 0 0 0 0 0 0 0 0 0 0 0 0 0 0 0 0 0 0 0 0 0 0 0 0 0 0 0 
12 0 0 0 0 0 0 0 0 0 0 0 0 0 0 0 0 0 0 0 0.037037 0 0 0 0.0740741 0 0 0 0 0 0 0 0 0 0 0 0 0 0 0 0 0 0 0 0 0 0 0.037037 0 0 0.037037 0.037037 0 0 0 0 0 0 0 0 0 0 0 0.111111 0 0 0 0 0 0 0 0 0 0 0.037037 0 0 0 0.0740741 0 0 0 0.0740741 0 0 0 0 0.037037 0 0 0.111111 0 0 0 0 0.0740741 0 0 0 0.222222 0 0 0 0 0 0 0 0.037037 0 0 0 0 0 0 0 0 0 0 0 0 0 
12 0 0 0 0.0434783 0 0.0434783 0 0 0 0.0434783 0 0 0.130435 0.0434783 0 0 0 0 0 0 0 0 0 0 0 0 0 0 0 0 0 0 0 0 0 0 0 0 0 0 0 0 0 0 0 0 0.0434783 0 0 0 0 0 0 0 0 0 0 0 0 0 0 0 0 0 0 0 0 0.0434783 0 0 0 0 0 0.0434783 0 0 0.0434783 0 0 0 0 0 0 0.0434783 0 0 0 0 0.0434783 0.130435 0 0 0 0 0 0 0 0 0 0 0 0 0.0434783 0 0 0 0.26087 0 0 0 0 0 0 0 0 0 0 0 0 0 
12 0 0 0 0 0 0 0 0.0243902 0 0 0 0 0 0 0 0 0 0 0.0487805 0.0487805 0 0 0 0 0 0 0 0 0 0.0243902 0 0 0 0 0 0 0 0 0 0 0 0 0 0 0 0 0 0 0 0.097561 0.0243902 0 0 0 0 0 0 0 0 0.195122 0 0 0 0.0487805 0 0 0 0 0 0 0 0 0 0.0243902 0 0 0 0 0 0 0 0.0731707 0 0 0 0 0 0 0 0 0 0 0.0487805 0 0.0731707 0 0 0 0 0 0 0 0.0731707 0 0 0 0.195122 0 0 0 0 0 0 0 0 0 0 0 0 0 
12 0 0 0 0 0 0 0 0 0 0 0 0 0 0 0 0 0 0 0 0.148148 0 0 0 0 0 0 0 0 0 0 0 0 0 0 0 0 0 0 0.111111 0 0 0 0 0 0 0 0 0 0 0.0740741 0 0 0 0 0 0 0 0 0 0 0 0 0.037037 0 0 0.037037 0 0 0 0.037037 0 0.37037 0 0 0 0 0 0 0 0 0 0 0 0 0 0 0 0 0.037037 0 0 0 0.037037 0 0 0 0 0 0 0 0 0 0.037037 0 0 0 0 0 0 0 0.037037 0 0.037037 0 0 0 0 0 0 0 
12 0 0 0 0 0.0697674 0 0 0.0232558 0 0 0 0 0 0 0 0 0 0 0 0.0930233 0.0232558 0 0 0 0 0.0697674 0 0 0 0 0 0 0 0 0 0 0 0 0 0 0 0.0232558 0 0 0 0.0232558 0 0 0 0.0697674 0 0 0 0 0 0 0 0 0 0 0 0.0232558 0 0.0465116 0 0.0232558 0 0 0.0697674 0 0 0.162791 0 0 0.0232558 0 0 0.0232558 0 0 0 0 0 0 0 0 0.0465116 0.0232558 0 0 0 0 0 0 0.0232558 0 0 0 0 0 0 0 0 0 0 0 0.0930233 0 0 0 0.0232558 0.0232558 0 0 0 0 0 0 0 0 
12 0 0 0 0 0 0 0 0.0434783 0 0 0 0 0 0 0 0 0 0 0 0.304348 0 0 0.0434783 0 0 0 0 0.0434783 0 0 0 0 0 0 0 0 0 0 0 0 0 0 0 0 0 0 0 0 0 0.0434783 0 0 0 0 0 0 0 0 0 0 0 0.0434783 0 0 0 0 0 0 0 0 0 0.0869565 0 0 0 0 0 0 0.0434783 0 0 0 0 0 0.0869565 0 0 0 0 0 0 0 0.0869565 0 0 0 0 0 0 0 0 0 0 0 0 0 0.0869565 0 0 0.0434783 0 0 0.0434783 0 0 0 0 0 0 0 
12 0 0 0 0 0 0 0 0 0 0 0 0 0 0 0 0 0 0 0 0.103448 0 0 0.0344828 0 0 0 0 0 0 0 0 0 0 0 0 0.241379 0 0.0689655 0 0 0 0 0 0 0 0 0.103448 0 0 0 0.0689655 0 0 0 0 0 0 0 0 0 0 0.0344828 0 0 0 0 0 0 0 0.0344828 0 0 0.103448 0 0 0 0 0 0 0 0 0 0 0 0 0 0 0 0 0 0 0 0.103448 0 0 0 0 0 0 0 0 0 0 0 0 0 0.0344828 0 0 0.0344828 0.0344828 0 0 0 0 0 0 0 0 0 
13 0.0675105 0 0 0 0 0 0 0 0 0 0 0 0 0 0 0.00421941 0.021097 0 0 0 0 0.0675105 0 0 0 0 0 0 0 0 0.0970464 0 0 0 0 0 0 0 0 0.0970464 0.0421941 0.0253165 0 0 0 0 0 0 0.0295359 0 0 0.0548523 0.0168776 0.00843882 0 0 0 0 0 0 0 0 0 0 0 0 0.0295359 0 0.00421941 0 0 0 0 0 0.0168776 0 0 0 0 0 0.0548523 0 0 0 0 0 0 0 0 0 0 0 0 0.0168776 0 0 0 0 0 0.0295359 0 0 0 0 0.151899 0 0 0.00421941 0.0379747 0 0 0 0 0 0 0.0464135 0.00421941 0 0.07173 0 
13 0 0 0 0.04 0 0 0 0 0 0 0 0.08 0.12 0.06 0 0 0 0 0 0 0 0 0 0 0 0 0 0.04 0 0 0 0 0 0 0 0 0.14 0 0 0 0 0 0 0 0 0 0 0 0 0 0 0 0 0 0 0 0 0 0 0 0 0 0.02 0 0.04 0.02 0 0 0 0 0 0 0 0 0 0 0.02 0 0 0 0 0 0 0 0.16 0.02 0 0 0 0 0 0 0 0 0 0.02 0 0 0 0 0.02 0 0.04 0 0 0 0.02 0 0 0 0 0 0.08 0 0.06 0 0 0 0 0 
13 0 0 0 0.0123457 0 0 0 0.0740741 0 0 0 0.0123457 0 0 0 0 0 0 0 0 0 0 0.0123457 0 0 0 0 0 0 0.148148 0 0 0 0 0 0.037037 0 0 0 0 0 0 0.037037 0 0 0 0.0864198 0 0 0 0 0 0 0 0 0 0.0123457 0 0 0.0617284 0 0.0246914 0.0123457 0.0123457 0 0 0 0 0.0123457 0 0 0 0 0.037037 0 0 0.0123457 0.0987654 0 0 0.0246914 0 0 0 0 0 0 0.111111 0 0.0617284 0 0 0 0 0 0 0 0 0 0 0 0.0493827 0 0 0 0 0.0123457 0 0.0123457 0 0 0 0 0 0 0 0 0.0246914 0 0 
13 0 0 0.0222222 0.111111 0 0 0 0 0 0 0 0.0222222 0 0.133333 0 0 0 0.2 0 0 0 0 0.0666667 0.0222222 0 0 0 0 0 0 0 0 0 0 0 0 0.155556 0 0 0 0 0 0.0222222 0 0 0 0 0 0 0 0 0 0 0 0 0 0 0.0222222 0.0888889 0 0 0 0 0 0 0 0 0 0.0222222 0 0 0 0 0 0 0 0.0222222 0 0 0 0 0 0 0 0.0888889 0 0 0 0 0 0 0 0 0 0 0 0 0 0 0 0 0 0 0 0 0 0 0 0 0 0 0 0 0 0 0 0 0 0 0 
13 0 0 0.0111111 0 0 0.0111111 0 0 0 0 0 0 0.0444444 0 0 0 0 0 0 0 0 0 0.0444444 0.0222222 0 0 0 0 0 0.0111111 0 0 0 0 0 0 0 0 0 0 0 0 0 0 0 0 0 0 0 0 0.0111111 0 0 0.0111111 0 0 0.0777778 0 0 0.188889 0 0.133333 0 0 0.0111111 0.0111111 0 0 0.0111111 0 0 0 0 0.0222222 0 0.1 0.0111111 0.0333333 0 0 0 0 0.0111111 0 0.0222222 0 0 0 0 0 0 0 0 0 0.0444444 0 0 0 0.0222222 0 0 0.0333333 0 0 0 0.0666667 0 0 0 0 0.0222222 0 0 0 0.0111111 0 0 0 0 0 
13 0 0 0 0 0 0 0 0 0 0 0 0 0.037037 0 0 0 0 0.037037 0 0 0 0 0 0 0 0 0 0 0 0 0 0 0 0 0 0 0.37037 0 0 0 0 0 0 0 0 0 0 0 0 0 0 0 0 0 0 0 0 0 0.037037 0 0 0 0 0 0.333333 0 0 0 0 0 0 0 0 0 0 0 0 0 0 0 0 0 0 0 0.111111 0.037037 0 0 0 0 0.037037 0 0 0 0 0 0 0 0 0 0 0 0 0 0 0 0 0 0 0 0 0 0 0 0 0 0 0 0 0 
13 0 0 0 0 0 0 0 0 0 0 0 0 0 0 0 0 0.0909091 0 0 0 0 0 0 0 0 0 0 0 0 0.00757576 0 0 0 0 0 0.0151515 0 0 0 0 0 0 0 0 0 0 0 0 0.106061 0 0 0.0151515 0 0 0 0 0.128788 0 0 0 0 0.0151515 0.0151515 0.0454545 0 0 0.030303 0 0.0151515 0 0 0 0.00757576 0 0 0.030303 0.00757576 0.0227273 0 0 0 0 0 0 0 0.00757576 0 0.00757576 0 0 0 0.030303 0 0.0227273 0.0227273 0 0 0 0 0.00757576 0 0.0378788 0.00757576 0 0 0.219697 0 0 0.0151515 0 0 0 0 0 0 0 0 0.0606061 0.00757576 0 
13 0 0.0185185 0 0 0 0.037037 0 0 0 0 0 0.0555556 0.0555556 0.111111 0 0 0 0 0 0 0 0 0.0555556 0.0185185 0 0 0 0 0 0 0 0 0 0 0 0 0.148148 0 0.0185185 0 0 0 0.0185185 0 0 0 0 0 0 0 0 0 0 0 0 0 0 0 0.037037 0.037037 0 0 0.037037 0 0.166667 0.0185185 0 0 0 0 0 0 0 0 0 0 0.0925926 0 0 0 0 0 0 0 0.037037 0.0185185 0 0 0 0 0 0 0 0 0 0 0 0 0 0 0 0 0 0 0 0 0 0 0 0 0 0 0.0185185 0 0 0 0 0 0 0 
13 0 0 0 0 0 0 0 0 0 0 0 0.00990099 0 0 0 0 0 0 0 0 0 0 0.00990099 0 0 0 0 0 0 0.039604 0 0 0 0 0 0 0 0 0 0.00990099 0 0 0.00990099 0 0 0 0 0 0.00990099 0 0 0 0 0 0 0 0.158416 0 0 0.0693069 0 0.128713 0 0 0 0 0 0 0.00990099 0 0 0 0 0 0 0.0594059 0 0.029703 0 0 0.00990099 0 0.019802 0 0 0 0.019802 0.019802 0 0 0 0.118812 0 0 0.0990099 0 0 0.00990099 0 0 0 0.019802 0 0 0 0.019802 0 0.039604 0 0 0 0 0 0 0 0 0 0.0792079 0 0 
13 0 0 0 0 0 0 0 0 0 0 0 0 0 0.111111 0 0 0 0.0277778 0 0 0 0 0.0555556 0.0555556 0 0 0 0 0 0 0 0 0 0 0 0 0.333333 0 0 0 0 0 0 0 0 0 0 0 0 0 0 0 0 0 0 0 0 0 0.305556 0 0 0 0 0 0 0 0 0 0 0 0 0 0 0 0 0 0 0 0 0 0 0 0 0 0.0833333 0.0277778 0 0 0 0 0 0 0 0 0 0 0 0 0 0 0 0 0 0 0 0 0 0 0 0 0 0 0 0 0 0 0 0 0 0 
14 0 0 0 0 0 0 0 0 0 0 0.02 0 0 0 0 0.02 0 0 0 0 0 0 0 0 0 0 0 0 0.02 0 0 0 0 0 0 0 0 0.38 0.02 0 0 0 0 0 0 0 0 0.16 0 0 0 0 0 0 0 0 0 0 0 0 0 0 0 0 0 0 0 0 0 0 0 0.04 0 0 0 0 0 0 0 0 0 0 0 0 0 0 0 0 0 0 0 0 0 0 0 0 0 0 0.04 0 0.14 0 0.06 0 0 0 0 0 0 0 0 0 0 0 0.1 0 0 0 0 0 
14 0.0437158 0 0 0 0 0 0 0 0 0 0 0 0 0 0 0 0.0437158 0 0 0 0 0.0273224 0 0 0 0 0 0 0 0 0 0 0 0 0 0 0 0.00546448 0 0 0 0.00546448 0 0 0 0 0.0491803 0 0.0601093 0.0218579 0 0.191257 0 0.0163934 0 0 0 0 0 0 0 0 0 0.010929 0 0 0.00546448 0 0 0 0 0 0 0.0218579 0 0 0 0 0 0.0874317 0.010929 0 0 0 0 0 0 0 0 0.00546448 0 0.0273224 0 0.0382514 0 0 0 0 0 0.0491803 0.00546448 0 0.010929 0 0 0.0382514 0 0.0327869 0 0 0 0 0 0 0 0.0546448 0.0327869 0.010929 0.0928962 0 
14 0 0 0 0 0 0 0 0 0 0 0 0 0 0 0 0 0 0 0 0 0 0 0 0 0 0 0 0 0 0 0 0 0 0 0 0 0 0 0 0 0 0 0 0 0 0 0 0 0 0 0 0 0 0 0 0 0 0 0 0 0.666667 0 0 0 0 0 0 0 0 0 0 0 0 0 0 0 0 0 0 0 0 0 0 0 0 0 0 0 0.333333 0 0 0 0 0 0 0 0 0 0 0 0 0 0 0 0 0 0 0 0 0 0 0 0 0 0 0 0 0 0 0 
14 0.0149254 0 0 0 0 0.00746269 0 0 0 0 0 0 0 0 0 0 0.0223881 0 0 0 0 0 0 0 0 0.00746269 0 0 0 0 0 0.320896 0 0 0 0 0 0 0 0 0 0 0 0 0 0 0.0671642 0 0 0 0 0 0 0 0 0 0 0 0 0 0 0 0 0 0 0 0 0 0 0 0 0 0 0.11194 0 0 0 0 0 0 0 0 0 0 0 0 0 0 0 0.216418 0 0 0 0 0 0 0 0 0 0 0 0 0 0 0 0 0 0 0 0 0 0 0 0 0 0 0.231343 0 0 0 
14 0 0 0 0 0 0 0 0 0.25 0 0 0 0 0 0 0 0 0 0 0 0 0 0 0 0 0 0 0 0 0 0 0 0 0 0.0833333 0 0 0 0 0 0 0 0 0.166667 0 0 0 0 0 0 0 0 0 0 0 0 0 0 0 0 0 0 0 0 0 0 0 0 0 0.0833333 0 0 0 0 0 0 0 0 0.166667 0 0 0 0 0.166667 0 0 0 0 0 0.0833333 0 0 0 0 0 0 0 0 0 0 0 0 0 0 0 0 0 0 0 0 0 0 0 0 0 0 0 0 0 0 
14 0 0 0 0.0588235 0 0 0 0 0 0.0588235 0 0 0 0.0588235 0 0 0 0.0588235 0 0 0.117647 0 0 0 0 0 0 0 0 0 0 0 0 0 0 0 0 0 0 0 0 0 0 0.117647 0 0 0 0 0 0 0 0 0 0 0 0 0 0.0588235 0.117647 0.0588235 0 0 0 0 0 0 0 0 0 0 0 0 0 0 0 0 0 0.117647 0.117647 0 0 0 0 0 0 0 0 0 0 0 0 0 0 0 0 0 0.0588235 0 0 0 0 0 0 0 0 0 0 0 0 0 0 0 0 0 0 0 0 0 0 0 
14 0 0 0 0 0 0 0 0 0 0 0 0 0.285714 0 0 0 0 0 0 0 0 0 0 0 0 0 0 0 0 0 0 0 0 0 0 0 0 0 0 0 0 0 0 0.0714286 0.142857 0 0 0.285714 0 0 0 0 0 0 0 0 0 0 0 0 0 0 0 0 0 0 0 0 0 0 0 0 0 0 0 0 0 0 0 0 0 0 0 0 0.0714286 0 0 0 0 0 0 0 0 0 0 0.0714286 0 0 0 0 0 0 0 0 0 0 0 0 0 0 0 0 0 0 0.0714286 0 0 0 0 0 
14 0 0.152542 0 0 0 0 0 0 0 0 0 0 0 0 0 0 0 0 0.0169492 0 0.0169492 0 0 0 0 0 0 0 0 0 0 0 0 0 0 0 0 0.0169492 0 0 0 0.0508475 0 0 0 0 0 0 0 0 0 0 0 0 0 0 0 0 0 0 0 0 0 0 0 0 0 0 0.322034 0 0 0 0.0338983 0 0.0169492 0 0 0 0 0 0 0.0169492 0 0 0 0.254237 0.0169492 0 0 0 0 0 0 0.0508475 0.0338983 0 0 0 0 0 0 0 0 0 0 0 0 0 0 0 0 0 0 0 0 0 0 0 0 0 
14 0 0 0 0 0 0 0 0 0 0 0 0 0 0 0 0 0 0 0 0 0 0 0 0 0 0 0 0 0.0909091 0 0 0 0 0 0 0 0 0 0.454545 0 0 0 0 0 0 0 0 0 0 0 0 0 0 0 0 0.0909091 0 0 0 0 0.0909091 0 0 0 0 0 0 0 0 0 0 0.0909091 0 0 0 0 0 0 0 0 0 0 0 0 0 0 0 0 0.0909091 0 0 0 0 0 0 0 0 0 0 0 0 0 0 0 0 0 0 0 0 0 0 0.0909091 0 0 0 0 0 0 0 0 
14 0 0 0 0 0 0 0 0 0 0 0 0 0 0 0 0 0 0 0 0 0 0 0 0 0 0 0 0 0 0 0 0 0 0 0 0 0 0.0666667 0 0 0 0 0 0 0 0 0 0.2 0 0 0 0 0 0 0 0 0 0 0 0 0 0 0 0 0 0 0 0 0 0 0 0 0 0 0 0 0 0 0 0 0 0 0 0 0 0 0 0 0 0 0 0 0.4 0 0 0 0 0 0 0 0 0 0.266667 0 0 0 0 0 0 0 0 0.0666667 0 0 0 0 0 0 0 0 
15 0 0 0 0 0 0 0 0 0 0 0 0 0 0 0 0.0285714 0 0 0.0285714 0 0 0.0571429 0 0 0 0 0 0 0 0 0 0 0 0.0285714 0 0 0 0.0571429 0 0 0.0285714 0.0285714 0 0 0 0 0 0 0.0857143 0 0 0 0.114286 0 0 0 0 0 0 0 0 0 0 0.0285714 0 0 0.142857 0 0 0 0 0 0 0 0.142857 0 0 0 0 0 0 0.0571429 0 0 0 0 0 0 0 0 0 0 0 0 0 0.0571429 0 0 0 0 0 0 0 0 0 0 0 0.0857143 0 0 0 0 0 0 0 0 0 0 0.0285714 0 
15 0 0 0 0 0 0 0 0 0 0 0 0 0 0 0 0 0 0 0 0 0 0.06 0 0 0 0 0 0 0 0 0.04 0 0 0 0 0 0 0.04 0 0 0.06 0.08 0 0 0 0 0 0 0 0.08 0 0 0.06 0 0 0 0 0 0 0 0 0 0 0 0 0 0.02 0 0 0 0 0 0 0 0.2 0 0 0.02 0 0 0 0 0 0 0 0 0 0 0 0 0 0.02 0 0.06 0 0 0 0 0 0 0.06 0 0 0 0 0 0 0.12 0 0 0 0 0 0 0.06 0 0 0.02 0 0 
15 0 0 0 0 0 0 0 0 0 0 0 0 0 0 0 0 0 0 0 0 0 0 0.05 0.2 0 0 0 0.05 0 0 0 0 0 0 0 0 0 0 0 0 0 0 0 0 0.1 0 0 0 0 0 0.05 0 0 0 0 0 0 0 0 0.05 0 0 0 0 0 0 0 0 0 0 0 0 0 0 0 0 0.1 0 0 0 0 0.15 0 0 0 0 0 0 0 0 0 0 0 0 0 0 0 0 0 0 0 0 0 0 0 0 0.1 0 0 0 0.1 0 0.05 0 0 0 0 0 0 0 
15 0 0.0454545 0 0 0 0 0 0 0 0 0 0.0454545 0 0 0 0 0 0 0 0 0 0 0.0454545 0.227273 0 0 0 0 0 0 0 0 0 0 0 0 0 0 0 0 0 0 0 0 0.0454545 0 0 0 0 0 0 0 0 0 0 0 0 0 0 0 0 0 0 0 0 0.0454545 0 0 0 0 0 0 0 0 0 0 0.0454545 0.0454545 0 0 0 0.136364 0 0 0 0.0909091 0 0 0 0 0 0 0.0909091 0 0.0454545 0 0 0 0 0 0 0 0 0 0 0 0.0454545 0 0 0 0.0454545 0 0 0 0 0 0 0 0 0 
15 0 0 0 0 0 0 0 0 0 0 0 0 0.04 0 0 0 0 0 0.12 0 0 0 0 0.12 0 0 0 0 0 0 0 0 0 0 0 0 0 0 0 0 0 0 0 0 0.08 0 0 0 0 0 0 0 0 0 0 0 0 0 0 0 0 0 0 0 0 0.08 0 0 0.16 0 0 0 0.08 0 0 0 0 0 0.04 0 0 0.12 0 0 0 0 0 0 0 0 0 0 0 0 0 0.04 0 0 0 0 0 0 0 0 0 0 0 0 0 0 0.04 0 0.08 0 0 0 0 0 0 0 
15 0 0 0.0625 0 0 0 0 0 0 0 0 0 0.0625 0 0 0 0 0 0 0 0 0 0 0 0 0 0 0 0 0 0 0 0 0 0 0 0 0 0 0 0 0.0625 0 0 0.03125 0 0 0 0 0.0625 0.03125 0 0 0 0 0 0 0 0 0.03125 0 0 0 0 0 0.03125 0 0 0.03125 0 0 0 0.1875 0 0 0 0 0 0.03125 0 0 0.03125 0 0 0.0625 0.0625 0.0625 0 0 0 0 0 0 0.0625 0 0 0 0 0 0 0 0 0 0 0 0 0 0 0 0 0.0625 0 0.03125 0 0 0 0 0 0 0 
15 0 0.0243902 0 0 0 0 0 0 0 0 0 0 0 0 0 0 0 0 0.146341 0 0 0 0 0 0 0 0 0 0 0 0 0 0 0 0.0243902 0 0 0.0243902 0 0 0 0.097561 0 0 0.0243902 0 0 0 0 0 0 0 0 0 0 0 0 0 0 0 0 0 0 0 0 0.0243902 0 0 0.170732 0 0 0 0 0 0 0 0 0 0 0 0 0 0 0 0 0 0 0 0 0 0 0 0 0.0487805 0 0.0487805 0 0 0 0 0 0 0 0.195122 0.170732 0 0 0 0 0 0 0 0 0 0 0 0 0 0 0 
15 0 0.0833333 0 0 0 0 0 0 0 0 0 0 0 0 0 0 0 0 0.194444 0 0.0277778 0 0 0 0 0 0 0 0 0 0 0 0 0 0 0 0 0.0277778 0 0 0 0.194444 0 0.0277778 0 0 0 0 0 0 0 0 0 0 0 0 0 0 0 0 0 0 0 0 0 0.111111 0 0 0.0277778 0 0 0 0.0277778 0 0.0277778 0 0 0 0 0 0 0.0277778 0 0 0 0 0 0 0 0 0 0 0 0.138889 0 0.0277778 0.0277778 0 0 0 0 0 0 0 0 0 0 0 0 0 0.0277778 0 0 0 0 0 0 0 0 0 
15 0 0 0 0 0 0 0 0 0 0 0 0 0 0 0 0 0 0 0.0869565 0 0 0 0 0.0434783 0 0 0 0 0 0 0 0 0 0 0 0 0 0 0 0 0 0 0 0 0.0434783 0 0 0 0 0.26087 0 0 0 0.0869565 0 0 0 0 0 0 0 0 0 0 0 0.130435 0 0 0 0 0 0 0 0 0 0 0 0 0 0 0 0 0 0 0 0 0 0 0 0 0 0 0 0 0.173913 0.0434783 0 0 0 0 0 0 0.0434783 0 0 0 0 0 0 0 0 0 0.0434783 0 0 0 0 0 0 0.0434783 
15 0 0 0 0 0 0 0 0 0 0 0 0 0 0 0 0 0 0 0.047619 0 0 0 0.0952381 0.047619 0 0 0 0 0 0 0 0 0 0 0 0 0 0 0 0 0 0 0 0 0.047619 0 0 0 0 0 0 0 0 0 0 0 0 0 0 0 0 0 0 0 0 0.0952381 0 0 0 0 0 0 0.190476 0 0 0 0 0 0 0 0 0.333333 0 0 0 0 0 0 0 0 0 0 0 0 0 0.047619 0 0 0 0 0 0 0 0 0 0 0 0 0 0 0.047619 0 0.047619 0 0 0 0 0 0 0 
16 0 0.0222222 0 0 0 0 0 0 0 0 0 0 0 0 0 0.0444444 0 0 0 0 0.0222222 0 0 0 0 0 0 0 0 0 0 0 0 0 0 0 0 0.0222222 0 0 0 0.0222222 0 0 0 0 0 0 0 0.0222222 0 0.0444444 0.0444444 0 0 0 0 0 0 0 0 0 0 0 0 0 0.133333 0 0 0.0222222 0 0 0 0 0.111111 0 0 0 0 0 0 0 0 0 0 0 0 0 0 0 0 0 0 0.0888889 0 0 0 0.0222222 0.0222222 0 0.0666667 0 0.0444444 0 0 0 0.0222222 0.133333 0 0 0 0 0 0 0 0.0888889 0 0 0 0 
16 0 0 0 0 0 0 0 0 0 0 0 0 0 0 0 0 0 0 0 0 0 0 0 0 0 0 0 0 0 0 0 0 0 0 0 0 0 0 0 0 0.111111 0.0666667 0 0 0 0 0 0 0.133333 0 0 0.0444444 0 0 0 0 0 0 0 0 0 0 0 0 0 0 0.0666667 0 0 0 0 0 0 0 0.0666667 0 0 0 0 0 0 0 0 0 0 0 0 0 0 0 0 0 0 0.133333 0 0.0444444 0 0 0 0 0.133333 0 0 0 0 0 0 0 0 0 0 0 0 0 0 0.177778 0 0 0.0222222 0 
16 0 0 0 0 0 0 0 0.16 0 0 0.04 0 0 0 0 0 0 0 0 0.04 0 0 0.04 0.04 0 0 0 0 0 0 0 0.04 0 0 0 0 0 0 0 0 0 0 0.08 0 0 0 0 0 0 0.08 0 0 0 0 0 0 0 0 0 0 0 0 0 0 0 0.12 0 0 0.08 0 0 0 0 0 0 0 0 0 0 0 0 0 0.04 0 0 0 0.04 0 0 0 0 0 0 0 0.12 0 0 0 0 0 0 0 0 0 0 0 0 0 0 0.04 0.04 0 0 0 0 0 0 0 0 0 
16 0 0 0 0 0 0.0625 0 0 0 0 0 0 0 0 0 0 0 0 0 0 0 0 0 0 0 0 0 0 0 0 0 0 0 0 0 0 0 0 0 0 0 0 0.0625 0.0625 0 0 0.25 0.0625 0 0 0 0 0 0 0 0 0 0 0 0 0 0 0 0 0 0 0 0 0 0.0625 0 0 0.0625 0 0 0 0.125 0 0 0 0 0.0625 0 0 0 0.0625 0 0 0 0 0 0 0 0 0 0 0 0 0 0 0 0 0 0 0 0 0.125 0 0 0 0 0 0 0 0 0 0 0 0 0 
16 0 0 0 0 0 0 0 0 0 0 0 0.0714286 0 0 0 0 0 0 0 0.0714286 0 0 0 0 0 0 0 0 0 0 0 0 0 0 0 0 0 0 0 0 0 0 0 0 0 0 0 0.0714286 0 0 0 0 0 0 0 0 0 0 0 0 0 0 0 0 0 0.0714286 0 0 0 0 0 0 0.285714 0 0 0 0 0 0 0 0 0 0 0 0.142857 0 0 0 0 0 0 0 0 0.0714286 0 0.142857 0.0714286 0 0 0 0 0 0 0 0 0 0 0 0 0 0 0 0 0 0 0 0 0 0 0 
16 0 0.047619 0 0 0 0 0 0 0 0 0 0 0 0.047619 0 0 0 0 0 0.0952381 0 0 0 0 0 0 0 0 0 0 0 0 0 0 0 0 0 0 0 0 0 0 0 0 0 0 0 0.0952381 0 0 0.142857 0 0 0 0 0 0 0 0 0 0 0 0 0 0 0 0 0 0 0 0 0 0.190476 0 0 0 0 0 0 0 0 0.047619 0 0 0 0 0.0952381 0 0 0 0 0 0 0 0 0.142857 0 0 0 0 0 0 0 0 0 0 0 0 0 0 0.047619 0 0.047619 0 0 0 0 0 0 0 
16 0.0222222 0.0444444 0 0 0 0 0 0 0 0 0 0 0 0 0 0 0 0 0.0444444 0 0.0444444 0 0 0 0 0 0 0 0 0 0.0444444 0 0 0 0 0 0 0 0 0 0.0222222 0.0666667 0 0 0 0 0 0 0.155556 0 0 0.0222222 0 0 0 0 0 0 0 0 0 0 0 0 0 0 0 0 0.0888889 0 0 0 0.0222222 0 0.0666667 0 0 0 0 0 0 0 0 0 0 0.0444444 0.0666667 0 0 0 0 0 0 0.111111 0.0222222 0.0888889 0 0 0 0 0 0 0 0 0 0 0 0 0 0 0 0 0 0 0 0 0 0 0.0222222 0 
16 0 0.0178571 0 0 0 0 0 0 0 0 0 0 0 0 0 0 0 0 0.0357143 0 0 0 0 0 0 0 0 0 0 0 0.0178571 0 0 0 0 0 0 0 0 0 0 0.142857 0 0 0 0 0 0 0.0714286 0 0.0178571 0 0 0 0 0 0 0 0 0 0 0 0 0 0 0.0178571 0.0357143 0 0.0714286 0 0 0 0 0 0.0714286 0.0178571 0 0 0 0 0 0 0 0 0 0 0.0892857 0 0 0 0 0 0 0.0714286 0.0178571 0.0357143 0 0 0 0.0178571 0 0 0 0.125 0.0535714 0 0 0.0357143 0 0 0 0 0 0 0 0 0 0.0178571 0 0.0178571 
16 0 0 0 0 0 0 0 0 0 0 0 0 0 0 0 0 0 0 0 0.176471 0 0 0 0 0 0 0 0.117647 0 0 0 0 0 0 0 0 0 0 0 0 0 0 0 0 0.117647 0 0 0.0588235 0 0.117647 0 0 0 0 0 0 0 0 0 0 0 0 0 0 0 0 0 0 0 0 0 0 0.0588235 0 0 0 0 0 0 0 0 0.352941 0 0 0 0 0 0 0 0 0 0 0 0 0 0 0 0 0 0 0 0 0 0 0 0 0 0 0 0 0 0 0 0 0 0 0 0 0 0 
16 0 0 0 0 0 0 0 0 0 0 0 0 0 0 0 0 0 0 0 0.176471 0 0 0 0 0 0 0 0.0588235 0 0 0 0 0 0 0 0 0 0 0 0 0 0 0 0 0 0 0 0 0 0 0.0588235 0 0 0 0 0 0 0 0 0 0 0 0 0 0 0 0 0 0 0 0 0 0.0588235 0 0 0 0 0 0 0 0 0.411765 0 0 0 0 0 0 0 0 0 0 0 0 0 0.0588235 0 0 0 0 0 0 0 0 0 0 0 0 0 0.117647 0 0 0.0588235 0 0 0 0 0 0 0 
