120
0 0 0 0 0 2 0 0 6 0 0 0 2 0 0 0 0 0 0 0 0 0 0 2 0 0 0 6 0 0 2 0 1 0 0 0 0 0 0 0 0 2 0 0 0 6 0 0 2 0 0 0 0 0 9 0 0 1 0 2 0 0 0 7 0 0 2 0 1 0 0 0 0 0 0 6 0 20 0 0 51 0 0 0 20 0 6 0 0 0 0 0 0 6 0 19 0 0 0 55 0 0 20 0 7 0 0 0 0 0 0 6 0 21 0 0 0 50 0 0 20 0 5 0 0 0 66 0 0 7 0 20 0 0 0 57 0 0 20 0 7 0 0 0 
1 0 0 0 0 1 0 0 3 0 0 0 1 0 0 0 0 2 0 0 0 0 0 1 0 0 0 3 0 0 1 0 0 0 0 1 1 0 0 0 0 1 0 0 0 3 0 0 1 0 0 0 0 2 6 0 0 1 0 1 0 0 0 3 0 0 1 0 0 0 0 1 6 0 0 1 0 8 0 0 33 5 0 0 16 1 5 0 0 24 0 1 0 7 1 17 0 0 6 37 0 0 8 0 1 0 0 6 7 0 0 1 1 8 0 0 5 34 0 0 16 1 5 0 1 26 57 1 0 8 1 18 0 0 6 37 0 0 9 1 1 0 0 7 
1 0 0 2 0 2 0 0 5 1 0 0 1 0 1 0 0 2 0 0 0 2 0 2 0 0 1 5 0 0 1 0 1 0 0 2 4 1 1 3 1 2 0 0 1 6 1 1 3 0 2 1 1 4 11 3 4 8 4 7 1 1 2 6 0 0 2 0 1 0 0 3 6 0 0 5 2 8 0 1 23 4 1 0 9 1 4 0 1 12 0 0 0 8 1 12 0 0 3 27 1 0 8 1 4 0 0 5 14 2 1 5 2 10 1 1 4 27 2 2 11 3 6 2 4 15 43 6 7 16 8 20 5 3 10 28 2 2 9 2 4 1 2 14 
1 0 0 1 0 1 0 1 9 1 0 0 3 0 3 0 0 1 0 0 0 1 0 1 0 0 1 5 0 0 1 0 1 0 0 2 3 0 0 1 1 2 1 1 3 10 1 1 4 2 4 1 0 2 11 0 1 2 0 2 0 0 1 6 0 0 2 0 1 0 0 2 6 0 0 4 0 10 0 0 40 5 0 0 16 1 10 0 0 9 0 0 0 5 0 12 0 0 4 27 0 0 9 0 3 0 0 6 13 0 0 5 1 11 1 2 8 42 2 2 20 4 13 2 1 11 48 1 1 7 1 14 1 0 8 27 1 0 10 0 3 0 0 12 
1 0 0 0 0 1 0 0 5 0 0 0 3 0 2 0 0 1 0 0 0 1 0 2 0 0 0 5 0 0 1 0 1 0 0 1 1 0 0 0 0 1 0 0 0 5 0 0 3 1 4 0 0 1 16 0 0 2 0 2 0 0 0 7 0 0 1 0 1 0 0 1 5 0 0 2 0 9 0 0 35 3 0 0 21 0 12 0 0 8 0 0 0 7 0 16 0 0 3 33 0 0 9 0 3 0 0 5 8 0 0 2 0 10 0 0 5 36 0 1 22 2 14 0 0 10 90 0 0 9 1 17 0 0 4 35 0 0 10 0 3 0 0 8 
2 0 0 1 0 1 0 0 6 1 0 0 1 0 1 0 0 2 0 0 0 3 1 3 0 1 2 9 1 0 2 1 2 0 0 2 2 0 0 1 0 1 0 0 1 5 0 0 1 0 0 0 0 1 5 0 0 3 0 3 0 0 1 12 0 0 2 1 2 1 0 1 12 0 0 4 1 11 0 0 27 6 1 1 10 1 4 1 0 10 0 1 1 9 2 16 1 2 10 41 1 1 14 1 8 1 1 12 9 0 0 4 1 11 0 0 6 27 0 0 10 1 3 0 0 9 28 0 0 9 1 15 1 1 8 48 1 1 14 1 9 1 0 7 
0 0 0 0 0 0 0 0 0 0 0 0 0 0 0 0 0 0 0 0 0 0 0 0 0 0 0 0 0 0 0 0 0 0 0 0 0 0 0 0 0 0 0 0 0 0 0 0 0 0 0 0 0 0 0 0 0 0 0 0 0 0 0 0 0 0 0 0 0 0 0 0 3 1 0 0 1 24 0 0 63 0 0 0 2 0 0 0 0 3 0 0 0 0 1 1 0 0 0 66 0 0 25 1 0 0 1 2 3 1 0 0 0 26 0 0 0 61 0 0 1 1 0 0 0 1 94 0 0 0 0 3 0 0 0 66 0 0 26 0 0 0 1 2 
1 0 0 1 0 2 0 0 14 1 0 0 3 0 3 0 0 1 0 0 0 2 0 2 0 0 1 7 0 0 1 0 1 0 0 1 1 0 0 1 0 2 0 0 1 12 0 0 3 0 3 0 0 1 7 0 0 2 0 2 0 0 1 7 0 0 2 0 1 0 0 1 6 0 0 5 0 13 0 0 57 5 0 0 19 1 11 0 0 9 0 0 0 7 0 14 0 0 5 35 0 0 11 0 4 0 0 7 6 0 0 5 0 13 0 0 6 55 0 0 18 0 11 0 0 8 42 0 0 6 0 14 0 0 5 36 0 0 11 0 4 0 0 6 
0 0 0 0 0 0 0 0 1 0 0 0 0 0 0 0 0 0 0 0 0 0 0 0 0 0 0 3 0 0 0 0 0 0 0 0 0 0 0 0 0 0 0 0 0 0 0 0 0 0 0 0 0 0 1 0 0 0 0 0 0 0 0 3 0 0 0 0 0 0 0 0 8 1 1 1 1 13 0 0 42 1 0 0 7 2 1 0 0 2 0 3 0 0 3 7 1 2 7 72 0 1 14 2 3 1 1 8 8 1 0 0 2 11 0 0 2 44 0 1 5 2 0 0 2 5 47 1 1 0 2 7 0 0 5 76 1 0 15 4 3 0 2 9 
0 0 0 0 0 0 0 0 1 0 0 0 0 0 0 0 0 0 0 0 0 0 0 0 0 0 0 1 0 0 0 0 0 0 0 1 1 0 0 0 0 0 0 0 0 1 0 0 0 0 0 0 0 0 2 0 0 0 0 0 0 0 0 1 0 0 0 0 0 0 0 1 12 1 0 2 1 17 0 0 47 3 0 0 9 1 0 0 1 5 0 1 0 0 1 10 0 0 2 47 0 0 17 1 2 0 0 11 13 1 0 2 1 17 0 0 3 47 0 0 9 1 0 0 1 7 61 1 0 1 1 11 0 0 2 47 0 1 16 1 2 0 1 13 
1 0 0 1 0 2 0 0 7 2 0 0 2 0 1 0 0 1 0 0 0 1 0 1 0 0 0 2 0 0 1 0 1 0 0 1 1 0 0 0 0 1 0 0 2 8 1 1 2 1 2 0 0 1 2 0 0 0 0 1 0 0 1 2 0 0 0 0 1 0 0 1 6 1 0 6 2 12 1 1 52 10 1 1 15 4 7 0 1 10 0 1 0 3 2 10 1 1 4 27 1 0 8 1 3 0 1 6 7 1 1 3 1 11 2 2 10 54 3 2 18 4 9 1 2 11 28 1 1 3 2 9 1 1 5 27 1 0 8 2 3 1 1 8 
3 0 0 1 0 1 0 0 4 1 1 1 2 0 1 1 1 3 0 1 2 3 2 4 2 2 3 6 1 1 3 1 2 1 0 4 2 0 0 1 0 1 0 0 1 3 0 0 1 0 0 0 0 2 4 0 0 1 0 2 0 0 2 7 0 0 2 0 2 0 0 1 14 2 1 4 2 10 1 1 21 8 2 2 10 2 5 2 3 12 0 3 4 9 5 15 4 4 11 30 3 3 13 4 6 2 2 16 8 2 1 4 2 9 1 1 7 22 1 0 9 1 3 0 1 9 24 1 0 6 1 13 1 1 7 35 1 1 12 2 7 1 1 7 
2 0 0 1 0 1 0 0 5 1 0 0 1 0 0 0 0 2 0 0 0 1 0 2 0 0 1 5 0 0 1 0 1 0 0 2 4 0 0 1 0 2 0 0 2 5 0 0 2 0 2 0 0 2 8 0 1 2 1 3 1 1 2 6 1 0 2 0 1 0 0 3 8 1 0 4 1 11 0 0 28 6 0 0 11 1 4 0 0 11 0 0 0 6 1 12 0 0 6 30 0 0 11 1 4 0 1 8 17 1 0 4 1 12 1 1 7 30 1 2 14 2 6 2 2 12 38 2 2 8 3 15 2 2 10 32 1 1 13 2 5 1 1 17 
2 0 0 1 0 1 0 0 5 0 0 0 2 0 2 0 0 2 0 0 0 0 0 1 0 0 1 4 0 0 1 0 0 0 0 1 4 0 1 0 0 1 0 1 2 5 1 2 4 2 5 5 4 4 13 1 2 2 1 2 1 1 2 4 0 0 1 0 0 0 0 3 5 1 0 3 1 8 0 1 26 4 0 0 13 1 7 0 0 11 0 0 0 4 1 10 0 0 4 22 0 0 7 1 2 0 1 5 15 1 1 3 2 10 1 2 6 29 4 4 18 6 13 9 8 18 51 5 4 8 3 13 3 2 9 23 1 1 9 2 3 0 1 14 
1 0 0 0 0 1 0 0 5 2 0 0 2 0 2 0 1 1 0 0 1 2 0 2 1 1 2 7 1 3 3 2 2 2 2 2 1 2 2 1 1 2 1 1 2 5 2 2 2 1 0 2 1 6 5 1 0 1 0 1 0 0 1 3 0 0 1 0 0 0 0 1 5 1 0 3 1 7 1 1 22 8 1 1 9 2 6 2 1 6 0 2 2 6 4 10 5 5 7 31 6 6 11 6 6 7 5 8 9 5 5 7 5 13 5 5 10 26 5 5 13 5 6 4 3 21 25 3 1 6 2 8 1 1 6 18 2 1 5 1 3 1 1 3 
4 0 0 2 0 2 0 0 6 2 0 0 2 0 1 0 0 3 0 0 0 0 0 2 0 0 2 4 0 0 2 0 0 0 0 4 3 0 0 1 0 2 0 0 2 5 0 0 2 0 1 0 0 3 7 0 0 0 0 1 0 0 2 5 0 0 2 0 0 0 0 3 17 0 0 5 0 15 0 0 34 11 0 0 14 1 4 0 0 15 0 0 0 3 0 12 0 0 10 28 0 0 14 0 3 0 0 18 17 0 0 4 1 15 0 0 11 33 0 0 14 0 4 0 0 15 40 0 0 3 0 12 0 0 10 29 0 0 13 0 3 0 0 17 
0 0 0 0 0 1 0 0 5 0 0 0 2 0 1 0 0 0 0 0 0 1 0 2 0 0 0 9 0 0 2 0 1 0 0 0 0 0 0 0 0 1 0 0 0 5 0 0 2 0 1 0 0 0 9 0 0 2 0 2 0 0 0 10 0 0 2 0 1 0 0 0 0 0 0 3 0 15 0 0 43 0 0 0 19 0 7 0 0 0 0 0 0 12 0 21 0 0 0 66 0 0 16 0 7 0 0 0 0 0 0 3 0 15 0 0 0 42 0 0 19 0 7 0 0 0 69 0 0 13 0 23 0 0 0 68 0 0 16 0 7 0 0 0 
1 0 0 0 0 1 0 0 5 1 0 0 2 0 2 0 0 2 0 0 0 1 0 2 0 0 0 5 0 0 1 0 0 0 0 1 4 0 0 1 0 2 1 1 2 5 1 1 4 4 6 3 1 4 28 1 2 3 3 3 1 1 2 9 2 0 2 0 1 0 0 4 4 0 0 2 0 6 1 0 26 3 0 0 13 0 9 0 0 8 0 0 0 5 0 10 0 0 3 23 0 0 6 0 2 0 0 4 13 0 0 2 1 9 2 2 4 27 2 4 17 6 15 5 2 15 89 3 4 9 5 16 3 2 7 25 1 1 9 1 3 0 0 12 
1 0 0 0 0 1 0 0 5 1 0 0 2 0 1 0 0 2 0 0 0 1 0 2 0 0 1 6 0 0 1 0 1 0 0 2 2 0 0 1 0 2 0 0 1 6 0 0 2 0 1 0 0 3 5 0 0 1 0 2 0 0 1 5 0 0 1 0 0 0 0 1 10 0 0 4 0 11 0 0 34 8 0 0 16 0 7 0 0 13 0 0 0 7 1 16 0 0 8 36 0 0 11 0 4 0 0 10 10 0 0 4 1 12 0 0 9 36 0 0 17 1 7 0 0 18 38 1 0 6 0 16 0 0 8 34 0 0 11 0 3 0 0 9 
2 0 0 2 0 2 0 0 9 1 0 0 3 1 3 0 0 2 0 0 0 2 0 2 0 0 1 5 0 0 2 0 1 0 0 2 2 0 0 1 0 2 0 0 1 6 0 0 2 0 2 0 0 1 6 0 0 1 0 2 0 0 1 6 0 0 2 0 1 0 0 2 12 0 1 6 1 13 1 1 37 9 1 1 17 2 10 1 1 14 0 1 1 7 2 14 1 1 9 28 1 0 11 1 4 0 0 12 8 0 0 5 0 12 0 0 8 32 0 0 15 0 7 0 0 10 36 0 0 6 0 14 0 0 6 32 0 0 11 0 4 0 0 9 
1 0 0 0 0 1 0 0 3 1 0 0 1 0 1 0 0 2 0 0 0 1 0 1 0 0 0 3 0 0 1 0 0 0 0 1 1 0 0 1 0 1 0 0 1 4 0 0 1 0 1 0 0 2 4 0 0 0 0 1 0 0 1 3 0 0 1 0 0 0 0 1 6 1 1 2 2 9 1 1 37 6 1 1 15 2 5 0 1 15 0 1 1 5 2 14 1 1 5 35 1 1 8 2 2 1 1 7 7 2 1 3 2 9 1 1 7 38 1 1 15 3 5 1 2 18 42 2 1 5 3 14 1 1 6 35 1 1 8 2 2 0 1 8 
0 0 0 0 0 1 0 0 6 0 0 0 2 0 0 0 0 0 0 0 0 0 0 2 0 0 0 6 0 0 2 0 0 0 0 0 0 0 0 0 0 2 0 0 0 6 0 0 2 0 0 0 0 0 12 0 0 0 0 2 0 0 0 6 0 0 2 0 0 0 0 0 0 0 0 2 0 16 0 0 53 0 0 0 24 0 6 0 0 0 0 0 0 6 0 22 0 0 0 52 0 0 16 0 2 0 0 0 0 0 0 2 0 17 0 0 0 52 0 0 23 0 6 0 0 0 90 0 0 6 0 23 0 0 0 52 0 0 16 0 2 0 0 0 
2 0 0 0 0 1 0 0 4 1 0 0 2 0 2 0 0 3 0 0 1 3 1 3 1 0 1 5 0 0 2 0 1 0 0 2 1 0 0 0 0 1 0 0 1 3 0 0 1 0 1 0 0 2 7 0 0 1 0 2 0 0 1 6 0 0 1 0 1 0 0 1 14 0 0 3 1 11 0 0 26 9 1 1 16 2 8 2 3 15 0 2 2 11 3 19 1 1 10 31 1 1 12 1 4 0 0 14 6 0 0 3 1 10 0 0 9 25 0 0 14 0 6 0 0 12 43 0 0 8 0 16 0 0 6 35 0 0 11 0 4 0 0 6 
3 0 0 1 0 2 0 0 6 1 0 0 3 0 3 0 0 2 0 0 0 2 0 2 0 0 1 4 0 0 2 0 1 0 0 3 1 0 0 1 0 1 0 0 1 4 0 0 2 0 1 0 0 1 11 0 0 1 0 2 0 0 1 4 0 0 1 0 1 0 0 1 16 0 0 4 1 12 1 1 31 9 1 1 18 2 10 2 2 13 0 2 2 8 2 15 1 1 8 27 1 0 11 0 4 0 0 17 8 0 0 3 0 10 0 0 8 27 0 0 15 0 7 0 0 10 56 0 0 6 0 14 0 0 5 29 0 0 10 0 3 0 0 7 
2 0 0 0 0 0 0 0 0 0 0 0 0 0 0 0 0 0 0 0 0 0 0 0 0 0 0 0 0 0 0 0 0 0 0 2 1 0 0 0 0 0 0 0 0 0 0 0 0 0 0 0 0 0 2 0 0 0 0 0 0 0 0 0 0 0 0 0 0 0 0 1 42 0 0 0 2 17 0 0 30 0 0 0 2 0 0 0 0 0 0 0 0 0 0 1 0 0 0 30 0 0 17 2 0 0 0 43 46 2 0 0 2 20 0 0 0 30 0 0 1 0 0 0 0 0 92 0 0 0 0 2 0 0 0 29 0 0 19 1 0 0 2 48 
3 2 1 2 0 2 0 0 5 1 0 0 1 0 1 1 0 2 0 0 0 1 0 1 0 1 4 8 1 1 2 1 2 0 0 3 3 0 0 1 0 1 0 0 1 4 0 0 1 0 0 0 0 1 3 0 0 1 1 1 0 1 4 8 1 1 3 1 3 1 0 2 11 3 2 6 2 10 1 2 26 5 1 1 9 1 3 1 1 10 0 1 1 4 2 9 1 2 12 36 2 2 13 3 9 1 2 11 12 2 1 4 2 8 1 1 5 25 1 1 8 2 3 1 1 8 24 1 1 5 2 10 1 2 12 40 3 3 14 4 10 3 3 11 
1 0 0 2 0 2 0 0 4 1 0 0 0 0 0 0 0 3 0 0 0 3 0 3 0 0 1 9 0 0 1 0 0 0 0 2 4 0 1 4 1 3 0 0 2 8 0 0 2 0 2 0 1 4 12 2 3 5 3 9 2 1 3 11 0 0 2 1 1 0 0 4 6 0 0 6 1 9 0 1 19 3 0 0 6 0 2 0 0 10 0 0 0 10 0 15 0 0 4 34 0 0 8 1 4 0 0 6 17 2 1 7 1 12 1 0 5 28 1 1 10 1 5 2 3 10 42 6 6 14 7 26 6 3 12 33 1 1 11 1 4 0 1 21 
2 0 0 1 1 1 1 0 4 2 0 0 2 0 1 0 0 2 0 0 0 1 0 1 0 0 1 3 0 0 1 0 1 0 0 2 2 0 0 1 1 1 0 1 1 4 0 0 1 0 1 0 0 2 3 0 0 1 0 1 0 0 1 3 0 0 1 0 1 0 1 2 10 3 2 5 4 10 2 3 28 8 3 2 11 3 5 2 3 11 0 2 2 5 3 10 2 2 7 24 3 2 9 3 4 2 3 10 9 3 2 5 3 11 2 3 8 29 2 2 11 3 4 2 2 10 25 2 2 5 3 10 2 3 7 27 3 2 10 3 5 2 3 9 
2 0 0 0 0 0 0 0 2 0 0 0 0 0 0 0 0 0 0 0 0 0 0 0 0 0 0 1 0 0 0 0 0 0 0 2 3 0 0 0 0 0 0 0 0 1 0 0 0 0 0 0 0 0 2 0 0 0 0 0 0 0 0 1 0 0 0 0 1 0 0 3 22 2 0 3 3 14 0 0 41 3 0 0 7 1 0 0 0 3 0 1 0 1 1 7 0 0 2 40 0 0 13 2 4 0 2 24 26 2 0 3 2 13 0 0 2 40 0 0 7 1 0 0 0 5 51 0 0 0 1 7 0 0 3 39 0 0 13 3 3 0 2 26 
1 0 0 1 0 1 0 0 7 0 0 0 2 0 2 0 0 1 0 0 0 2 0 3 0 0 1 9 0 0 2 0 1 0 0 1 1 0 0 1 0 2 0 0 1 8 0 0 2 0 2 0 0 1 11 0 0 2 0 3 0 0 1 9 0 0 2 0 1 0 0 1 7 0 0 4 0 11 0 0 37 4 0 0 16 0 8 0 0 7 0 0 0 11 0 19 0 0 4 47 0 0 12 0 4 0 0 6 8 0 0 4 0 12 0 0 4 38 0 0 16 0 8 0 0 6 62 0 0 11 1 18 0 0 4 47 0 0 12 0 4 0 0 7 
0 0 0 0 0 1 0 0 6 0 0 0 2 0 0 0 0 0 0 0 0 0 0 2 0 0 0 6 0 0 1 0 0 0 0 0 0 0 0 0 0 1 0 0 0 6 0 0 2 0 0 0 0 0 12 0 0 0 0 2 0 0 0 6 0 0 1 0 0 0 0 0 0 0 0 1 0 15 0 0 52 0 0 0 25 0 7 0 0 0 0 0 0 6 0 24 0 0 0 51 0 0 14 0 1 0 0 0 0 0 0 1 0 15 0 0 0 52 0 0 25 0 7 0 0 0 97 0 0 6 0 24 0 0 0 50 0 0 14 0 1 0 0 0 
0 0 0 0 0 1 0 0 5 0 0 0 1 0 1 0 0 0 0 0 0 2 0 2 0 0 0 13 0 0 2 0 1 0 0 0 0 0 0 0 0 1 0 0 0 6 0 0 1 0 1 0 0 0 6 0 0 1 0 2 0 0 0 13 0 0 2 0 1 0 0 0 0 0 0 4 0 14 0 0 40 0 0 0 15 0 6 0 0 0 0 0 0 11 0 21 0 0 0 82 0 0 18 0 9 0 0 0 0 0 0 4 0 14 0 0 0 41 0 0 16 0 6 0 0 0 51 0 0 10 0 20 0 0 0 82 0 0 19 0 9 0 0 0 
0 0 0 0 0 0 0 0 2 0 0 0 0 0 0 0 0 0 0 0 0 0 0 0 0 0 0 3 0 0 1 0 0 0 0 0 0 0 0 0 0 0 0 0 0 0 0 0 0 0 0 0 0 0 0 0 0 0 1 1 0 0 1 2 0 0 1 0 0 0 0 0 5 0 0 0 2 25 0 0 46 4 0 0 18 0 1 0 0 6 0 0 0 1 1 4 0 0 5 75 0 0 15 0 3 0 0 6 7 1 0 0 0 25 0 0 5 38 0 0 23 1 3 0 0 3 28 1 0 1 3 20 0 0 18 47 0 0 26 1 1 0 0 6 
0 0 0 0 0 0 0 0 0 0 0 0 0 0 0 0 0 0 0 0 0 0 0 0 0 0 0 0 0 0 0 0 0 0 0 0 0 0 0 0 0 0 0 0 0 0 0 0 0 0 0 0 0 0 1 0 0 0 0 0 0 0 0 0 0 0 0 0 0 0 0 0 0 0 0 0 0 3 0 0 71 0 0 0 20 0 0 0 1 5 0 0 0 0 0 20 0 0 0 75 0 0 3 0 0 0 0 0 1 0 0 0 1 1 0 0 0 72 0 0 20 0 0 0 0 6 84 1 0 0 0 20 0 0 0 74 0 0 1 1 0 0 0 0 
0 0 0 0 0 0 0 0 0 0 0 0 0 0 0 0 0 0 0 0 0 0 0 0 0 0 0 0 0 0 0 0 0 0 0 0 0 0 0 0 0 0 0 0 0 0 0 0 0 0 0 0 0 0 0 0 0 0 0 0 0 0 0 0 0 0 0 0 0 0 0 0 3 1 0 0 0 12 0 0 75 0 0 0 5 0 0 0 0 2 0 0 0 0 0 4 0 0 4 80 0 0 12 0 0 0 0 1 3 0 0 0 1 10 0 0 0 80 0 0 5 1 0 0 0 1 70 0 0 0 0 6 0 0 2 81 0 0 11 1 0 0 0 4 
1 0 0 1 0 1 0 0 4 0 0 0 1 0 1 0 0 2 0 0 0 3 0 3 0 0 1 8 0 0 2 0 1 0 0 2 1 0 0 0 0 1 0 0 0 4 0 0 1 0 1 0 0 2 7 0 0 3 0 3 0 0 1 10 0 0 2 0 2 0 0 1 8 0 0 3 0 11 0 0 28 5 0 0 13 0 5 0 0 12 0 0 0 12 2 20 0 0 7 47 0 0 13 0 6 0 0 8 7 0 0 3 0 10 0 0 5 28 0 0 14 0 5 0 0 9 48 0 0 12 1 20 0 0 7 51 0 0 14 0 6 0 0 6 
5 0 0 1 1 2 0 1 6 2 1 1 4 2 3 3 1 3 0 1 2 2 1 3 1 1 2 5 1 0 2 0 1 0 0 6 2 0 0 0 0 1 0 0 2 4 0 0 1 0 0 0 0 1 6 0 0 0 0 2 0 0 1 6 0 0 2 0 1 0 0 2 23 2 1 5 2 11 2 3 22 9 4 3 13 5 8 5 4 13 0 4 4 8 5 13 4 3 10 21 3 2 11 2 5 1 2 24 8 1 1 3 1 9 1 1 8 20 1 1 10 1 4 0 1 8 29 1 0 4 1 11 0 1 6 25 1 1 10 2 4 1 1 7 
2 0 0 1 0 2 0 0 6 1 0 0 2 0 1 0 0 2 0 0 0 1 0 2 0 0 1 5 0 0 2 0 1 0 0 2 2 0 0 1 0 2 0 0 1 5 0 0 1 0 0 0 0 2 6 0 0 1 0 2 0 0 1 6 0 0 2 0 1 0 0 2 12 0 0 5 0 13 0 0 38 8 0 0 13 0 4 0 0 13 0 0 0 4 0 13 0 0 8 38 0 0 13 0 4 0 0 13 12 0 0 4 0 13 0 0 9 37 0 0 13 0 3 0 0 13 40 0 0 4 0 14 0 0 9 39 0 0 13 0 4 0 0 12 
3 0 0 1 0 1 0 0 2 0 0 0 0 0 0 0 0 1 0 0 0 0 0 1 0 0 1 2 0 0 0 0 0 0 0 4 3 0 0 1 0 1 0 0 0 2 0 0 0 0 0 0 0 1 2 0 0 0 0 0 0 0 1 2 0 0 1 0 1 0 1 3 22 3 1 7 4 14 1 1 33 5 1 0 7 1 1 0 1 6 0 1 0 2 1 8 1 1 4 30 1 1 11 3 4 1 3 26 21 2 1 7 4 14 1 1 5 32 1 1 7 1 2 1 1 6 28 1 0 2 2 8 0 1 5 33 1 1 13 3 6 1 3 23 
0 0 0 0 0 1 0 0 5 0 0 0 2 0 0 0 0 0 0 0 0 1 0 2 0 0 0 7 0 0 1 0 1 0 0 0 0 0 0 0 0 1 0 0 0 5 0 0 2 0 0 0 0 0 12 0 0 1 0 3 0 0 0 7 0 0 1 0 0 0 0 0 0 0 0 1 0 13 0 0 44 0 0 0 24 0 7 0 0 0 0 0 0 9 0 25 0 0 0 53 0 0 14 0 2 0 0 0 0 0 0 1 0 13 0 0 0 47 0 0 24 0 7 0 0 0 97 0 0 10 0 27 0 0 0 55 0 0 14 0 2 0 0 0 
0 0 0 0 0 1 0 0 6 0 0 0 2 0 0 0 0 0 0 0 0 0 0 2 0 0 0 7 0 0 1 0 0 0 0 0 0 0 0 0 0 1 0 0 0 6 0 0 2 0 0 0 0 0 13 0 0 0 0 2 0 0 0 6 0 0 1 0 0 0 0 0 0 0 0 1 0 15 0 0 53 0 0 0 22 0 4 0 0 0 0 0 0 5 0 23 0 0 0 57 0 0 15 0 1 0 0 0 0 0 0 1 0 15 0 0 0 52 0 0 22 0 4 0 0 0 98 0 0 5 0 23 0 0 0 56 0 0 15 0 1 0 0 0 
2 0 0 0 0 1 0 0 4 1 0 0 2 0 1 0 0 3 0 0 0 0 0 2 0 0 1 4 0 0 1 0 0 0 0 2 2 0 0 0 0 1 0 0 2 4 0 0 2 0 0 0 0 3 9 0 0 1 0 2 0 0 1 5 0 0 1 0 0 0 0 2 12 0 0 2 0 11 0 0 32 8 0 0 18 0 6 0 0 19 0 0 0 5 0 18 0 0 9 32 0 0 11 0 2 0 0 12 12 0 0 2 0 11 0 0 10 31 0 0 18 0 5 0 0 19 59 0 0 6 0 19 0 0 9 34 0 0 11 0 2 0 0 12 
1 0 0 0 0 1 0 0 5 1 0 0 2 0 2 0 0 1 0 0 0 1 0 2 0 0 0 6 0 0 1 0 1 0 0 1 3 0 0 0 0 1 0 0 1 5 0 0 3 0 3 0 0 2 18 0 0 2 0 3 0 0 1 7 0 0 2 0 1 0 0 2 7 0 0 3 0 10 0 0 32 4 0 0 16 0 8 0 0 8 0 0 0 7 0 15 0 0 4 33 0 0 11 0 4 0 0 7 14 0 0 3 0 10 0 0 5 31 0 1 18 2 10 1 0 11 78 0 1 9 2 16 1 0 7 34 0 0 11 0 4 0 0 13 
0 0 0 0 0 0 0 0 2 0 0 0 0 0 0 0 0 1 0 0 0 0 0 0 0 0 0 2 0 0 0 0 0 0 0 1 1 0 0 0 0 1 0 0 0 2 0 0 0 0 0 0 0 1 2 0 0 0 0 1 0 0 0 2 0 0 1 0 0 0 0 1 7 2 1 2 2 10 0 1 43 4 1 0 14 2 3 0 1 12 0 2 1 3 2 13 0 1 6 44 1 1 10 2 2 1 1 7 8 1 0 2 2 10 1 1 4 44 1 0 13 3 3 1 2 10 41 2 1 3 2 14 1 1 6 46 1 1 10 2 2 1 1 8 
1 0 0 0 0 1 0 0 4 1 0 0 2 0 1 0 0 2 0 0 0 1 0 2 0 0 1 5 0 0 1 0 1 0 0 1 2 0 0 1 0 1 0 1 1 4 1 1 2 1 2 1 0 3 5 0 0 1 0 2 0 0 1 4 0 0 1 0 0 0 0 1 7 1 0 3 2 9 1 1 30 6 1 1 13 2 6 1 1 13 0 2 1 7 3 14 1 1 6 32 2 1 9 2 3 1 2 8 9 2 1 3 2 10 1 2 8 31 2 2 15 3 7 2 2 17 34 2 1 7 2 14 1 1 8 31 1 1 9 2 4 1 1 8 
3 0 0 1 0 1 0 0 2 0 0 0 0 0 0 0 0 1 0 0 0 2 0 2 1 1 3 11 0 0 1 0 1 0 0 3 3 0 0 1 0 1 0 0 1 2 0 0 1 0 0 0 0 2 1 0 0 2 0 2 0 1 2 7 0 0 1 1 1 0 0 4 12 2 1 5 2 9 1 1 24 4 1 0 7 1 2 0 1 6 0 1 1 7 3 13 2 4 11 55 2 1 12 3 6 1 2 14 13 1 1 5 1 8 1 1 5 25 1 1 7 1 2 1 2 8 20 1 1 7 3 12 2 2 9 45 2 2 11 3 6 1 1 16 
1 0 0 1 0 2 0 0 7 0 0 0 2 0 1 0 0 2 0 0 0 2 0 2 0 0 1 10 0 0 2 0 2 0 0 1 1 0 0 1 0 2 0 0 0 7 0 0 2 0 1 0 0 1 7 0 0 2 0 3 0 0 1 11 0 0 2 0 1 0 0 1 8 0 0 4 0 12 0 0 37 5 0 0 14 0 5 0 0 10 0 0 0 9 0 18 0 0 7 53 0 0 14 0 6 0 0 7 7 0 0 4 0 12 0 0 5 36 0 0 14 0 5 0 0 8 43 0 0 9 0 18 0 0 6 55 0 0 13 0 5 0 0 7 
2 0 0 1 0 1 0 0 3 1 0 0 1 0 0 0 0 2 0 0 0 1 0 1 0 0 1 3 0 0 1 0 1 0 0 2 2 0 0 1 0 1 0 0 1 3 0 0 1 0 0 0 0 2 4 0 0 1 0 1 0 0 1 4 0 0 1 0 1 0 0 2 12 2 1 4 2 12 1 1 33 7 1 1 11 2 4 1 2 13 0 2 1 4 2 11 1 1 7 33 1 1 11 2 4 1 2 12 11 2 1 4 2 11 1 1 7 32 1 1 11 2 3 0 1 12 36 2 1 4 2 12 1 1 7 34 1 1 11 2 4 1 2 11 
0 0 0 0 0 1 0 0 6 0 0 0 2 0 1 0 0 0 0 0 0 1 0 2 0 0 0 7 0 0 1 0 1 0 0 0 0 0 0 0 0 1 0 0 0 6 0 0 2 0 1 0 0 0 9 0 0 1 0 2 0 0 0 6 0 0 1 0 1 0 0 0 0 0 0 4 0 16 0 0 51 0 0 0 23 0 8 0 0 0 0 0 0 9 0 22 0 0 0 54 0 0 16 0 5 0 0 0 0 0 0 4 0 16 0 0 0 51 0 0 23 0 8 0 0 0 75 0 0 9 0 22 0 0 0 53 0 0 16 0 5 0 0 0 
1 0 0 1 0 2 0 0 8 1 0 0 2 0 2 0 0 2 0 0 0 1 0 2 0 0 1 5 0 0 2 0 1 0 0 1 1 0 0 1 0 2 0 0 1 7 0 0 2 0 1 0 0 2 6 0 0 1 0 2 0 0 1 6 0 0 1 0 1 0 0 2 8 0 0 5 0 13 0 0 45 7 0 0 17 1 8 0 0 12 0 0 0 5 0 14 0 0 7 34 0 0 12 0 4 0 0 9 8 0 0 5 0 14 0 0 8 42 0 0 17 0 7 0 0 12 43 0 0 5 0 15 0 0 6 36 0 0 12 0 4 0 0 8 
2 0 0 0 0 1 0 0 3 0 0 0 1 0 2 1 1 4 0 0 0 1 0 1 0 0 1 3 0 0 0 0 0 0 0 1 1 0 0 0 0 0 0 0 1 3 0 0 1 0 1 1 0 2 6 0 0 1 0 1 0 0 1 3 0 0 1 0 0 0 0 0 7 1 1 2 1 8 1 1 29 7 1 2 16 4 11 3 4 26 0 3 1 5 2 13 1 1 6 26 0 0 8 1 2 0 1 7 5 1 0 2 1 8 1 2 7 31 1 1 16 2 9 1 2 18 52 2 1 6 2 14 1 1 4 30 1 1 8 2 3 1 1 4 
0 0 0 0 0 2 0 0 7 0 0 0 2 0 1 0 0 0 0 0 0 0 0 2 0 0 0 6 0 0 2 0 0 0 0 0 0 0 0 1 0 2 0 0 0 7 0 0 2 0 1 0 0 0 10 0 0 0 0 2 0 0 0 6 0 0 2 0 0 0 0 0 0 0 0 5 0 19 0 0 55 0 0 0 21 0 6 0 0 0 0 0 0 6 0 20 0 0 0 52 0 0 18 0 4 0 0 0 0 0 0 5 0 19 0 0 0 56 0 0 21 0 6 0 0 0 73 0 0 6 0 21 0 0 0 53 0 0 18 0 4 0 0 0 
0 0 0 0 0 1 0 0 6 0 0 0 2 0 0 0 0 0 0 0 0 0 0 2 0 0 0 6 0 0 1 0 0 0 0 0 0 0 0 0 0 1 0 0 0 6 0 0 2 0 0 0 0 0 12 0 0 0 0 2 0 0 0 6 0 0 1 0 0 0 0 0 0 0 0 1 0 15 0 0 56 0 0 0 23 0 5 0 0 0 0 0 0 5 0 22 0 0 0 53 0 0 15 0 1 0 0 0 0 0 0 1 0 15 0 0 0 56 0 0 23 0 5 0 0 0 94 0 0 5 0 23 0 0 0 54 0 0 15 0 1 0 0 0 
0 0 0 1 0 2 0 0 8 0 0 0 2 0 1 0 0 0 0 0 0 1 0 1 0 0 0 6 0 0 1 0 0 0 0 0 0 0 0 1 0 2 0 0 0 9 0 0 2 0 1 0 0 0 8 0 0 1 0 1 0 0 0 7 0 0 1 0 1 0 0 0 0 0 0 8 0 18 0 0 64 0 0 0 20 0 9 0 0 0 0 0 0 5 0 18 0 0 0 49 0 0 16 0 5 0 0 0 0 0 0 8 0 18 0 0 0 65 0 0 21 0 9 0 0 0 59 0 0 6 0 18 0 0 0 51 0 0 16 0 5 0 0 0 
0 0 0 0 0 0 0 0 0 0 0 0 0 0 0 0 0 0 0 0 0 0 0 0 0 0 0 2 0 0 0 0 0 0 0 0 0 0 0 0 0 0 0 0 0 0 0 0 0 0 0 0 0 0 0 0 0 0 0 0 0 0 0 0 0 0 0 0 0 0 0 0 0 0 0 0 0 0 0 12 44 0 0 44 0 0 0 0 0 0 0 0 0 0 44 12 0 12 0 57 0 0 12 0 0 0 0 0 0 0 0 0 0 12 0 0 0 44 12 0 0 44 0 0 0 0 12 0 0 0 0 0 44 12 0 57 12 0 12 0 0 0 0 0 
3 0 0 0 0 1 0 0 1 0 0 0 0 0 0 0 0 0 0 0 0 0 0 0 0 0 0 2 0 0 0 0 1 0 0 3 4 0 0 1 0 1 0 0 0 1 0 0 1 0 0 0 0 0 1 0 0 0 0 1 0 0 0 1 0 0 1 0 0 0 0 5 24 1 1 7 4 19 1 1 31 3 1 0 5 1 1 0 0 3 0 0 0 1 0 3 0 0 6 31 1 0 14 3 8 0 1 31 33 3 2 9 3 15 1 1 4 26 1 0 5 1 1 0 0 4 22 0 0 1 1 6 0 1 5 32 0 1 15 3 8 0 3 39 
0 0 0 0 0 1 0 0 8 0 0 0 2 0 2 0 0 0 0 0 0 2 0 2 0 0 0 8 0 0 1 0 1 0 0 0 0 0 0 1 0 1 0 0 0 9 0 0 2 0 2 0 0 0 8 0 0 2 0 2 0 0 0 7 0 0 1 0 1 0 0 0 0 0 0 4 0 14 0 0 54 0 0 0 22 0 13 0 0 0 0 0 0 11 0 19 0 0 0 53 0 0 14 0 6 0 0 0 0 0 0 5 0 14 0 0 0 56 0 0 21 0 12 0 0 0 66 0 0 12 0 21 0 0 0 53 0 0 15 0 6 0 0 0 
0 0 0 0 0 0 0 0 1 0 0 0 0 0 0 0 0 0 0 0 0 0 0 0 0 0 0 1 0 0 0 0 0 0 0 0 0 0 0 0 0 0 0 0 0 1 0 0 0 0 0 0 0 0 1 0 0 0 0 0 0 0 0 2 0 0 0 0 0 0 0 0 5 1 0 1 2 11 0 0 57 3 0 0 12 1 1 0 0 7 0 1 0 1 1 11 0 0 4 56 0 0 11 2 1 0 1 6 7 1 0 1 1 12 1 0 2 57 0 0 11 1 1 0 1 5 55 1 0 1 2 12 0 1 4 56 0 0 11 1 2 0 1 7 
2 0 0 1 0 2 0 0 5 1 0 0 2 0 1 0 0 1 0 0 0 1 0 2 0 0 1 5 0 0 1 0 0 0 0 2 6 0 0 1 0 2 0 1 2 6 1 2 4 3 5 4 2 4 20 1 2 3 1 4 1 1 2 6 1 1 2 0 1 0 0 5 5 0 0 3 1 8 0 0 25 3 0 0 12 1 6 0 0 7 0 0 0 5 0 11 0 0 3 22 0 0 6 0 2 0 0 5 22 1 0 3 1 9 1 2 5 28 3 3 16 5 13 6 4 15 66 3 4 10 5 16 3 3 9 23 2 1 9 1 3 0 1 20 
1 0 0 1 0 2 0 0 7 1 0 0 2 0 2 0 0 1 0 0 0 1 0 2 0 0 1 7 0 0 2 0 1 0 0 1 2 0 0 1 0 2 0 0 1 7 0 0 3 0 4 0 0 1 13 0 0 4 0 3 0 0 1 8 0 0 2 0 1 0 0 2 8 0 0 4 0 12 0 0 36 5 0 0 16 0 7 0 0 7 0 0 0 7 0 15 0 0 5 36 0 0 12 0 4 0 0 8 14 0 0 4 0 13 0 0 6 38 0 1 17 1 9 0 0 9 56 0 0 9 1 16 1 0 7 38 0 0 13 0 5 0 0 15 
6 0 1 1 1 1 0 1 3 0 0 0 0 0 0 0 0 1 0 0 0 0 0 1 1 1 3 4 0 1 3 2 3 1 1 5 3 0 0 1 0 1 0 0 2 3 0 0 0 0 0 0 0 1 1 0 0 0 0 0 0 0 0 3 0 0 2 1 3 0 0 3 30 4 4 7 4 10 3 3 18 5 2 1 5 2 3 1 1 3 0 1 1 2 2 5 2 2 10 26 4 5 17 8 15 5 5 24 14 4 1 7 4 11 2 2 5 19 2 1 5 1 1 0 1 3 10 1 0 2 1 5 1 2 6 24 3 3 15 5 14 3 4 16 
2 0 0 1 0 2 0 0 8 1 0 0 3 0 5 0 0 2 0 0 0 4 0 3 0 0 1 9 0 0 2 0 1 0 0 2 1 0 0 1 0 2 0 0 1 6 0 0 2 0 3 0 0 1 8 0 0 2 0 2 0 0 1 7 0 0 2 0 1 0 0 2 14 0 0 4 0 13 0 0 37 6 0 1 17 1 9 0 0 10 0 0 0 10 1 17 1 0 7 39 0 0 13 0 5 0 0 14 8 0 0 4 0 12 0 0 7 34 0 0 15 0 7 0 0 7 47 0 0 8 0 16 0 0 6 38 0 0 11 0 4 0 0 8 
0 0 0 0 0 0 0 0 0 0 0 0 0 0 0 0 0 0 0 0 0 0 0 0 0 0 0 0 0 0 0 0 0 0 0 0 0 0 0 0 0 0 0 0 0 0 0 0 0 0 0 0 0 0 0 0 0 0 0 0 0 0 0 0 0 0 0 0 0 0 0 0 0 0 0 0 0 0 0 0 0 0 0 0 0 0 0 0 0 0 0 0 0 0 0 0 0 0 0 0 0 0 0 0 0 0 0 0 0 0 0 0 0 0 0 0 0 0 0 0 0 0 0 0 0 0 0 0 0 0 0 0 0 0 0 0 0 0 0 0 0 0 0 0 
1 0 0 0 0 1 0 0 5 1 0 0 2 0 1 0 0 2 0 0 0 1 0 2 0 0 1 7 0 0 2 0 1 0 0 1 2 0 0 1 0 1 0 0 1 5 0 0 2 0 1 0 0 1 8 0 0 1 0 2 0 0 1 7 0 0 2 0 0 0 0 1 8 0 0 3 0 14 0 0 38 5 0 0 17 0 6 0 0 11 0 0 0 6 0 17 0 0 6 43 0 0 14 0 4 0 0 8 9 0 0 4 0 14 0 0 6 39 0 0 17 0 5 0 0 11 55 0 0 6 0 18 0 0 6 46 0 0 14 0 4 0 0 8 
2 0 0 0 0 1 0 0 5 1 0 0 1 0 1 0 0 1 0 0 0 0 0 1 0 0 1 4 0 0 2 0 0 0 0 2 8 0 0 0 0 2 0 1 2 5 2 2 3 2 3 3 2 4 11 2 3 3 2 3 2 1 2 6 1 1 2 1 1 1 0 6 8 1 0 3 1 9 1 0 19 5 1 0 8 1 3 0 1 7 0 1 0 3 1 7 0 1 5 19 1 1 9 1 3 0 1 8 29 2 1 4 2 11 2 3 7 23 4 4 12 5 8 6 5 14 38 5 5 9 5 13 4 3 11 24 3 2 12 2 5 1 2 24 
1 0 0 0 0 1 0 0 4 1 0 0 2 0 2 0 0 2 0 0 0 1 0 2 0 0 1 4 0 0 1 0 1 0 0 2 1 0 0 0 0 1 0 0 1 4 0 0 2 0 1 0 0 2 7 0 0 1 0 2 0 0 1 4 0 0 1 0 0 0 0 1 10 0 0 3 0 10 0 0 32 9 0 1 19 1 10 1 1 18 0 1 1 8 1 17 0 0 8 30 0 0 10 0 3 0 0 10 8 0 0 3 0 10 0 0 10 29 0 0 18 0 9 0 0 17 49 0 0 7 0 16 0 0 6 32 0 0 10 0 3 0 0 7 
0 0 0 0 0 1 0 0 6 0 0 0 2 0 1 0 0 0 0 0 0 1 0 2 0 0 0 6 0 0 1 0 0 0 0 0 0 0 0 0 0 1 0 0 0 6 0 0 2 0 1 0 0 0 11 0 0 1 0 2 0 0 0 6 0 0 1 0 0 0 0 0 0 0 0 3 0 15 0 0 51 0 0 0 24 0 9 0 0 0 0 0 0 8 0 23 0 0 0 51 0 0 16 0 3 0 0 0 0 0 0 3 0 16 0 0 0 52 0 0 24 0 8 0 0 0 81 0 0 8 0 23 0 0 0 51 0 0 15 0 3 0 0 0 
2 1 1 1 0 1 0 0 4 1 0 0 1 0 1 0 0 2 0 1 0 1 1 2 1 1 1 6 1 2 3 2 3 4 2 4 2 1 2 3 1 2 1 1 1 3 0 0 1 0 1 0 0 2 3 0 0 1 0 1 0 0 1 5 0 0 2 0 2 0 0 1 9 2 1 5 2 9 1 1 22 6 2 2 8 2 4 2 2 8 0 2 1 4 3 10 3 3 7 32 4 4 16 6 11 5 6 16 13 5 3 7 4 12 2 2 7 24 2 2 10 1 3 1 2 9 19 1 1 4 2 9 1 1 7 29 1 1 11 2 7 1 2 8 
2 0 0 0 0 1 0 0 4 1 0 0 2 0 1 0 0 2 0 0 0 1 0 2 0 0 1 5 0 0 1 0 1 0 0 2 2 0 0 0 0 1 0 0 1 4 0 0 2 0 1 0 0 1 10 0 0 1 0 2 0 0 1 5 0 0 1 0 1 0 0 1 9 0 0 2 0 11 0 0 31 6 0 0 17 0 7 0 0 16 0 0 0 9 0 19 0 0 7 35 0 0 11 0 3 0 0 9 9 0 0 2 0 11 0 0 7 31 0 0 18 0 7 0 0 15 70 0 0 10 0 19 0 0 7 39 0 0 11 0 3 0 0 8 
0 0 0 0 0 0 0 0 0 0 0 0 0 0 0 0 0 0 0 0 0 0 0 0 0 0 0 0 0 0 0 0 0 0 0 0 0 0 0 0 0 0 0 0 0 0 0 0 0 0 0 0 0 0 0 0 0 0 0 0 0 0 0 0 0 0 0 0 0 0 0 0 0 0 0 0 0 0 0 0 99 0 0 0 1 0 0 0 0 0 0 0 0 0 0 1 0 0 0 99 0 0 0 0 0 0 0 0 0 0 0 0 0 0 0 0 0 100 0 0 1 0 0 0 0 0 99 0 0 0 0 1 0 0 0 100 0 0 0 0 0 0 0 0 
2 1 2 2 2 3 1 1 9 2 1 1 2 1 2 1 1 3 0 0 0 1 0 1 1 0 1 2 0 0 1 0 0 0 0 1 0 0 0 0 0 1 0 0 1 5 0 0 2 0 1 0 0 2 5 0 0 1 0 1 1 0 1 3 1 1 1 1 1 1 0 1 7 4 4 7 5 12 5 5 38 10 5 4 14 5 10 4 3 14 0 2 2 4 3 9 2 2 6 18 2 2 6 1 3 1 2 6 5 2 1 3 2 8 2 2 6 28 2 2 12 2 7 2 2 8 30 3 2 4 3 10 3 2 5 22 3 3 8 3 4 3 3 6 
1 0 0 2 0 3 0 0 10 1 0 0 2 0 1 0 0 1 0 0 0 0 0 1 0 0 1 5 0 0 2 0 0 0 0 2 2 0 0 3 0 3 0 0 1 9 0 0 2 0 2 0 0 1 5 0 0 1 0 1 0 0 0 5 0 0 2 0 1 0 0 1 10 0 0 9 1 18 0 0 55 8 0 0 13 1 5 0 0 8 0 0 0 3 0 12 0 0 6 31 0 0 13 0 3 0 0 12 9 0 0 9 1 18 0 0 7 54 0 0 14 1 6 0 0 8 35 0 0 3 0 11 0 0 5 33 0 0 12 0 3 0 0 9 
2 0 0 1 0 2 0 0 5 1 0 0 2 0 1 0 0 2 0 0 0 1 0 2 0 0 1 5 0 0 2 0 1 0 0 1 2 0 0 1 0 2 0 0 1 5 0 0 2 0 1 0 0 2 7 0 0 1 0 2 0 0 1 6 0 0 2 0 1 0 0 2 10 0 0 5 1 13 0 0 31 8 0 0 15 0 6 0 0 15 0 0 0 6 0 15 0 0 7 34 0 0 13 0 5 0 0 10 10 0 0 5 0 13 0 0 8 32 0 0 15 0 6 0 0 13 44 0 0 7 1 16 0 0 9 37 0 0 14 1 5 0 0 11 
1 0 0 1 0 2 0 0 6 1 0 0 2 0 1 0 0 1 0 0 0 2 0 2 0 0 1 8 0 0 2 0 2 0 0 1 1 0 0 1 0 2 0 0 1 7 0 0 2 0 1 0 0 1 5 0 0 2 0 2 0 0 1 9 0 0 2 0 2 0 0 1 10 0 0 5 0 14 0 0 36 6 0 0 13 0 4 0 0 9 0 0 0 6 0 15 0 0 8 44 0 0 15 0 7 0 0 10 10 0 0 5 0 14 0 0 6 38 0 0 13 0 5 0 0 9 37 0 0 7 0 15 0 0 7 47 0 0 15 0 7 0 0 10 
1 0 0 0 0 1 0 0 5 1 0 0 2 0 0 0 0 2 0 0 0 0 0 2 0 0 1 4 0 0 1 0 0 0 0 2 2 0 0 0 0 1 0 0 1 4 0 0 2 0 0 0 0 3 8 0 0 0 0 2 0 0 1 4 0 0 1 0 0 0 0 1 9 0 0 1 0 10 0 0 39 7 0 0 19 0 4 0 0 19 0 0 0 4 0 19 0 0 7 39 0 0 10 0 1 0 0 9 10 0 0 1 0 10 0 0 8 37 0 0 19 0 4 0 0 19 62 0 0 5 0 20 0 0 8 39 0 0 10 0 1 0 0 10 
2 0 0 1 0 2 0 0 6 1 0 0 2 0 1 0 0 2 0 0 0 2 0 2 0 0 1 8 0 0 2 0 1 0 0 2 2 0 0 1 0 2 0 0 1 5 0 0 2 0 1 0 0 1 10 0 0 2 0 2 0 0 1 7 0 0 2 0 1 0 0 2 16 0 0 4 0 14 0 0 31 6 0 0 15 0 6 0 0 11 0 0 0 9 1 17 1 0 8 39 0 0 13 0 5 0 0 15 10 0 0 4 0 12 0 0 7 30 0 0 14 0 5 0 0 9 56 0 0 9 0 17 0 0 6 41 0 0 12 0 4 0 0 9 
1 0 0 1 0 1 0 0 5 1 0 0 2 0 1 0 0 2 0 0 0 1 0 2 0 0 1 5 0 0 1 0 1 0 0 1 4 0 0 1 0 1 0 0 1 5 0 1 3 1 3 1 1 3 16 1 1 4 1 4 1 0 1 7 1 0 2 0 1 0 0 4 6 0 0 3 0 9 0 0 27 4 0 0 13 0 6 0 0 10 0 0 0 6 0 13 0 0 4 30 0 0 9 0 3 0 0 6 17 0 0 4 0 10 0 1 5 30 1 2 15 3 9 2 2 13 62 3 3 11 3 18 2 1 9 32 1 1 11 1 4 0 0 17 
1 0 0 1 0 2 0 0 9 1 0 0 2 0 2 0 0 1 0 0 0 1 0 2 0 0 1 6 0 0 2 0 0 0 0 1 2 0 0 1 0 2 0 0 1 9 0 0 3 0 3 0 0 1 10 0 0 1 0 2 0 0 1 6 0 0 1 0 0 0 0 2 7 0 0 5 0 13 0 0 47 6 0 0 18 0 9 0 0 8 0 0 0 6 0 15 0 0 5 35 0 0 11 0 3 0 0 7 9 0 0 5 0 14 0 0 6 47 0 0 19 0 11 0 0 9 57 0 0 6 0 15 0 0 6 34 0 0 12 0 3 0 0 10 
0 0 0 0 0 0 0 0 2 0 0 0 0 0 0 0 0 1 0 0 0 0 0 0 0 0 0 2 0 0 0 0 0 0 0 0 0 0 0 0 0 0 0 0 0 1 0 0 0 0 0 0 0 1 2 0 0 0 0 0 0 0 0 2 0 0 0 0 0 0 0 0 5 0 0 1 1 7 0 0 53 4 0 0 14 2 2 0 1 15 0 1 0 3 1 16 0 0 5 60 0 0 7 1 1 0 1 6 3 0 0 1 1 7 0 0 3 52 0 0 18 1 2 0 1 16 52 1 1 3 1 17 0 0 5 57 0 0 7 1 1 0 0 3 
0 0 0 0 0 1 0 0 7 0 0 0 2 0 0 0 0 0 0 0 0 0 0 2 0 0 0 10 0 0 2 0 1 0 0 0 0 0 0 0 0 1 0 0 0 7 0 0 1 0 0 0 0 0 9 0 0 0 0 2 0 0 0 11 0 0 2 0 1 0 0 0 0 0 0 3 0 16 0 0 54 0 0 0 19 0 4 0 0 0 0 0 0 4 0 20 0 0 0 69 0 0 18 0 5 0 0 0 0 0 0 3 0 15 0 0 0 55 0 0 18 0 3 0 0 0 66 0 0 5 0 19 0 0 0 70 0 0 17 0 6 0 0 0 
0 0 0 0 0 1 0 0 5 0 0 0 2 0 1 0 0 0 0 0 0 2 0 2 0 0 0 8 0 0 1 0 0 0 0 0 0 0 0 0 0 1 0 0 0 5 0 0 2 0 0 0 0 0 11 0 0 2 0 3 0 0 0 8 0 0 1 0 0 0 0 0 0 0 0 2 0 14 0 0 45 0 0 0 22 0 6 0 0 0 0 0 0 11 0 24 0 0 0 59 0 0 15 0 3 0 0 0 0 0 0 2 0 14 0 0 0 46 0 0 22 0 6 0 0 0 85 0 0 11 0 26 0 0 0 59 0 0 15 0 3 0 0 0 
1 0 0 1 0 2 0 0 7 1 0 0 2 0 1 0 0 2 0 0 0 2 0 2 0 0 1 7 0 0 2 0 1 0 0 1 1 0 0 1 0 2 0 0 1 6 0 0 2 0 1 0 0 2 6 0 0 2 0 2 0 0 1 8 0 0 2 0 1 0 0 1 7 0 0 5 1 13 0 0 37 6 0 0 17 0 7 0 0 14 0 0 0 8 0 17 0 0 6 38 0 0 12 0 4 0 0 8 7 0 0 5 0 13 0 0 7 37 0 0 17 0 7 0 0 13 42 0 0 8 0 18 0 0 7 41 0 0 12 0 4 0 0 7 
1 0 0 1 0 1 0 0 8 1 0 0 3 0 3 0 0 2 0 0 0 4 0 3 0 0 1 11 0 0 2 0 0 0 0 2 1 0 0 0 0 1 0 0 1 7 0 0 3 0 3 0 0 1 12 0 0 2 0 2 0 0 1 8 0 0 1 0 1 0 0 1 11 0 0 2 0 10 0 0 36 5 0 1 19 1 11 0 0 10 0 0 0 12 2 19 1 0 6 41 0 0 10 0 2 0 0 10 6 0 0 2 0 8 0 0 6 34 0 0 18 0 11 0 0 7 67 0 0 9 0 16 0 0 5 36 0 0 9 0 3 0 0 7 
0 0 0 0 0 0 0 0 0 0 0 0 0 0 0 0 0 0 0 0 0 0 0 0 0 0 0 0 0 0 0 0 0 0 0 0 0 0 0 0 0 0 0 0 0 1 0 0 0 0 0 0 0 0 0 0 0 0 0 0 0 0 0 0 0 0 0 0 0 0 0 0 2 0 0 1 1 6 0 0 72 4 0 0 22 1 2 0 0 6 0 1 0 0 0 15 0 0 1 59 1 0 5 0 0 0 0 2 1 0 0 2 0 4 0 0 2 77 0 0 20 1 6 0 1 7 54 1 0 2 2 16 0 0 2 63 0 0 6 0 1 0 0 0 
3 0 0 1 0 1 0 0 6 2 1 1 3 1 3 2 1 4 0 1 2 3 1 3 1 0 1 5 0 0 1 0 1 0 0 3 2 0 0 1 0 1 0 0 1 4 0 0 2 0 1 0 0 2 6 0 0 1 0 2 0 0 1 5 0 0 1 0 0 0 0 1 14 1 1 4 2 10 1 1 25 10 2 2 15 4 9 4 4 17 0 4 4 9 4 15 3 2 9 27 2 1 10 2 4 1 1 15 7 1 0 3 1 9 0 1 10 23 1 0 12 1 6 0 1 13 34 1 0 6 1 13 0 1 5 28 1 0 9 1 3 0 1 6 
1 0 0 0 0 1 0 0 4 1 0 0 1 0 1 0 0 3 0 0 0 2 0 2 0 0 1 6 0 0 1 0 1 0 0 1 1 0 0 0 0 1 0 0 1 3 0 0 1 0 0 0 0 2 7 0 0 1 0 2 0 0 1 6 0 0 1 0 1 0 0 1 10 0 0 2 0 9 0 0 24 8 0 0 14 0 6 0 1 21 0 1 1 12 2 19 1 0 10 35 0 0 11 0 4 0 0 9 7 0 0 2 0 9 0 0 8 26 0 0 15 0 6 0 0 19 53 0 0 11 0 19 0 0 7 40 0 0 11 0 4 0 0 7 
2 0 0 0 0 1 0 0 5 1 0 0 2 0 1 0 0 2 0 0 0 1 0 1 0 0 1 4 0 0 1 0 0 0 0 1 1 0 0 0 0 1 0 0 1 5 0 0 2 0 1 0 0 2 9 0 0 0 0 2 0 0 1 4 0 0 1 0 0 0 0 1 8 0 0 2 0 11 0 0 38 6 0 0 21 0 10 0 0 17 0 0 0 7 0 18 0 0 6 32 0 0 10 0 2 0 0 8 8 0 0 2 0 11 0 0 8 35 0 0 21 0 10 0 0 18 70 0 0 7 0 17 0 0 7 30 0 0 10 0 2 0 0 8 
1 0 0 0 0 1 0 0 7 1 0 0 2 0 2 0 0 1 0 0 0 1 0 2 0 0 0 5 0 0 1 0 0 0 0 1 1 0 0 1 0 1 0 0 1 8 0 0 3 0 2 0 0 1 12 0 0 1 0 2 0 0 1 5 0 0 1 0 0 0 0 1 6 0 0 3 0 11 0 0 43 4 0 0 20 0 10 0 0 8 0 0 0 7 0 16 0 0 4 36 0 0 10 0 3 0 0 6 8 0 0 3 0 12 0 0 5 44 0 0 21 0 12 0 0 9 69 0 0 8 0 17 0 0 5 36 0 0 11 0 3 0 0 8 
3 0 1 1 1 1 0 0 4 1 0 0 1 0 0 0 0 1 0 0 0 0 0 1 0 1 1 4 0 0 1 0 1 1 0 2 4 1 0 1 0 1 0 0 1 3 0 0 1 0 1 0 1 1 2 0 0 1 1 1 0 1 1 5 1 1 2 2 4 2 2 4 16 5 4 7 4 9 2 2 23 4 2 2 6 2 3 1 1 6 0 1 1 3 2 6 1 2 5 24 1 2 11 4 7 2 2 12 20 3 1 5 3 10 2 2 4 22 3 1 7 3 3 2 2 4 18 2 2 3 2 8 2 2 7 30 3 4 16 7 13 5 6 21 
1 0 0 0 0 1 0 0 5 1 0 0 1 0 1 0 0 1 0 0 0 2 0 2 0 0 2 12 0 0 3 0 2 0 0 1 2 0 0 1 0 1 0 0 1 5 0 0 2 0 1 0 0 1 6 0 0 2 0 2 0 0 1 12 0 0 2 0 2 0 0 1 9 0 0 3 0 11 0 0 31 5 0 0 12 0 4 0 0 9 0 0 0 9 1 16 0 0 8 59 0 0 16 0 8 0 0 8 9 0 0 3 0 12 0 0 5 32 0 0 12 0 4 0 0 8 37 0 0 8 0 16 0 0 7 60 0 0 16 0 8 0 0 8 
8 4 2 0 4 2 2 0 5 2 2 0 2 1 2 3 0 2 0 5 1 2 2 1 0 0 1 4 1 2 5 3 8 5 3 10 1 1 0 1 1 2 0 0 3 2 1 4 0 0 0 0 0 1 4 0 0 0 0 0 0 0 1 4 1 0 3 0 2 0 5 0 32 4 3 4 5 9 3 2 14 9 3 2 8 4 6 5 3 11 0 5 4 3 4 6 3 4 9 14 4 7 15 10 14 9 7 44 9 2 1 6 3 10 1 1 8 15 1 1 6 0 3 0 1 5 16 0 1 2 1 7 0 1 5 25 2 1 15 2 7 1 2 3 
0 0 0 1 0 1 0 0 8 0 0 0 2 0 2 0 0 0 0 0 0 1 0 2 0 0 0 5 0 0 1 0 0 0 0 0 0 0 0 1 0 1 0 0 0 9 0 0 2 0 2 0 0 0 10 0 0 1 0 2 0 0 0 5 0 0 1 0 0 0 0 0 0 0 0 5 0 14 0 0 62 0 0 0 24 0 13 0 0 0 0 0 0 8 0 20 0 0 0 45 0 0 12 0 3 0 0 0 0 0 0 5 0 14 0 0 0 62 0 0 25 0 13 0 0 0 79 0 0 8 0 20 0 0 0 44 0 0 12 0 3 0 0 0 
2 0 1 2 1 2 1 0 7 2 0 0 2 0 1 0 0 1 0 0 1 1 0 1 0 0 1 3 0 0 1 0 1 0 0 3 2 0 0 1 0 2 0 0 1 6 0 0 1 0 1 0 0 1 3 0 0 1 0 1 0 0 1 4 0 0 2 0 1 1 0 2 12 2 2 8 3 14 3 2 37 8 2 2 11 2 5 1 1 9 0 1 1 4 2 9 1 1 8 25 1 1 11 2 5 1 2 13 10 2 1 7 2 13 1 1 8 36 1 1 11 2 5 1 1 7 24 1 1 3 2 9 1 1 6 28 2 1 12 3 6 2 3 12 
2 0 0 0 0 2 0 0 5 1 0 0 2 0 1 0 0 3 0 0 0 1 0 2 0 0 1 5 0 0 2 0 0 0 0 2 2 0 0 0 0 2 0 0 2 5 0 0 2 0 1 0 0 3 8 0 0 1 0 2 0 0 1 6 0 0 2 0 0 0 0 2 12 0 0 2 0 12 0 0 36 9 0 0 18 0 5 0 0 17 0 0 0 5 0 17 0 0 9 35 0 0 12 0 2 0 0 12 12 0 0 2 0 13 0 0 10 34 0 0 17 0 5 0 0 16 51 0 0 5 0 17 0 0 9 36 0 0 12 0 3 0 0 12 
2 0 0 1 0 1 0 0 6 1 0 0 2 0 2 0 0 2 0 0 0 2 0 2 0 0 1 6 0 0 1 0 1 0 0 2 2 0 0 1 0 1 0 0 1 5 0 0 2 0 1 0 0 1 9 0 0 2 0 2 0 0 1 6 0 0 2 0 1 0 0 1 10 0 0 3 0 12 0 0 35 6 0 0 18 0 8 0 0 12 0 0 0 9 0 19 0 0 7 37 0 0 12 0 4 0 0 10 9 0 0 3 0 12 0 0 7 33 0 0 18 0 8 0 0 11 59 0 0 9 0 19 0 0 6 38 0 0 12 0 4 0 0 8 
2 0 0 0 0 1 0 0 5 1 0 0 2 0 1 0 0 3 0 0 0 1 0 2 0 0 1 4 0 0 1 0 0 0 0 2 2 0 0 0 0 1 0 0 1 4 0 0 2 0 1 0 0 3 6 0 0 1 0 2 0 0 1 4 0 0 1 0 1 0 0 1 10 1 1 3 1 10 1 1 32 9 1 1 15 2 7 1 1 19 0 1 1 6 1 14 1 1 8 28 1 0 10 1 3 0 1 11 10 1 0 3 1 10 0 1 9 30 1 0 15 1 6 0 1 16 38 1 1 6 1 15 1 1 8 31 1 1 10 1 3 0 1 10 
1 0 0 0 0 1 0 1 3 1 0 0 1 0 1 0 0 1 0 0 0 1 0 1 0 0 1 3 0 0 1 0 0 0 0 1 1 0 0 0 0 1 0 1 1 3 0 0 1 0 0 0 0 2 3 0 0 1 0 1 0 0 1 3 0 0 1 1 0 0 0 1 7 2 1 3 3 9 1 2 35 7 2 2 13 3 5 1 2 11 0 2 2 4 3 12 2 2 5 33 2 2 9 2 3 2 3 7 7 2 1 3 3 9 2 2 7 36 2 2 13 4 5 2 2 12 32 3 1 4 3 12 2 2 6 33 2 1 8 3 3 1 2 7 
0 0 0 0 0 0 0 0 0 0 0 0 0 0 0 0 0 0 0 0 0 0 0 0 0 0 0 0 0 0 0 0 0 0 0 0 0 0 0 0 0 0 0 0 0 0 0 0 0 0 0 0 0 0 1 0 0 0 0 0 0 0 0 0 0 0 0 0 0 0 0 0 19 0 0 0 1 24 0 0 47 0 0 0 0 0 0 0 0 0 0 0 0 0 0 0 0 0 0 49 0 0 25 0 0 0 0 19 25 1 0 0 2 24 0 0 0 47 0 0 1 0 0 0 0 0 97 0 0 0 0 0 0 0 1 49 0 0 24 1 0 0 1 24 
1 0 0 1 0 2 0 0 8 0 0 0 2 0 1 0 0 1 0 0 0 1 0 2 0 0 0 8 0 0 1 0 1 0 0 1 1 0 0 2 0 2 0 0 1 8 0 0 2 0 1 0 0 1 7 0 0 1 0 2 0 0 1 7 0 0 1 0 1 0 0 1 6 0 0 6 0 15 0 0 47 5 0 0 16 0 6 0 0 8 0 0 0 6 0 15 0 0 5 44 0 0 13 0 5 0 0 7 7 0 0 7 0 15 0 0 5 48 0 0 16 0 7 0 0 8 47 0 0 6 0 16 0 0 5 43 0 0 14 0 5 0 0 7 
0 0 0 0 0 1 0 0 7 0 0 0 3 0 1 0 0 0 0 0 0 0 0 2 0 0 0 5 0 0 1 0 0 0 0 0 0 0 0 0 0 1 0 0 0 6 0 0 2 0 1 0 0 0 11 0 0 0 0 2 0 0 0 6 0 0 1 0 0 0 0 0 0 0 0 2 0 15 0 0 56 0 0 0 26 0 8 0 0 0 0 0 0 6 0 22 0 0 0 49 0 0 15 0 2 0 0 0 0 0 0 2 0 15 0 0 0 54 0 0 25 0 8 0 0 0 90 0 0 7 0 23 0 0 0 49 0 0 14 0 2 0 0 0 
3 0 0 1 0 2 0 0 6 2 0 0 2 0 1 0 0 3 0 0 0 1 0 2 0 0 2 5 0 0 2 0 0 0 0 3 3 0 0 0 0 2 0 0 2 5 0 0 2 0 0 0 0 3 7 0 0 1 0 2 0 0 2 6 0 0 2 0 1 0 0 2 14 0 0 3 0 12 0 0 33 10 0 0 15 0 4 0 0 17 0 0 0 4 0 15 0 0 11 33 0 0 13 0 3 0 0 15 15 0 0 3 0 13 0 0 11 32 0 0 15 0 3 0 0 16 42 0 0 4 0 15 0 0 11 35 0 0 13 0 3 0 0 14 
2 0 0 1 0 2 0 0 6 1 0 0 2 0 2 0 0 1 0 0 0 1 0 2 0 0 1 5 0 0 1 0 1 0 0 2 2 0 0 1 0 2 0 0 1 7 0 0 2 0 3 0 0 2 16 0 0 2 0 2 0 0 1 5 0 0 2 0 1 0 0 2 9 0 0 4 0 12 0 0 38 6 0 0 16 0 8 0 0 8 0 0 0 6 0 14 0 0 5 32 0 0 11 0 4 0 0 9 14 0 0 4 0 13 0 0 6 37 0 0 17 1 9 0 0 10 70 0 0 7 1 15 0 0 7 32 0 0 12 0 4 0 0 14 
2 0 0 2 0 2 0 0 7 1 0 0 2 0 1 0 0 2 0 0 0 0 0 1 0 0 1 5 0 0 1 0 0 0 0 2 2 0 0 1 0 2 0 0 2 6 0 0 2 0 1 0 0 2 6 0 0 1 0 2 0 0 1 5 0 0 1 0 1 0 0 2 11 0 0 6 1 15 0 0 40 8 0 0 15 0 6 0 0 12 0 0 0 4 0 12 0 0 7 30 0 0 12 0 3 0 0 12 13 0 0 6 1 15 0 0 9 40 0 0 15 1 6 0 0 12 38 0 0 4 0 13 0 0 8 31 0 0 12 1 3 0 0 14 
0 0 0 0 0 1 0 0 5 0 0 0 2 0 1 0 0 0 0 0 0 0 0 2 0 0 0 5 0 0 1 0 0 0 0 0 0 0 0 0 0 1 0 0 0 6 0 0 2 0 1 0 0 0 11 0 0 0 0 2 0 0 0 5 0 0 1 0 0 0 0 0 0 0 0 1 0 12 0 0 51 0 0 0 24 0 12 0 0 0 0 0 0 7 0 20 0 0 0 44 0 0 12 0 2 0 0 0 0 0 0 1 0 12 0 0 0 51 0 0 26 0 11 0 0 1 111 0 0 8 0 20 0 0 0 46 0 0 11 0 2 0 0 0 
0 0 0 0 0 1 0 0 6 0 0 0 2 0 0 0 0 0 0 0 0 0 0 2 0 0 0 6 0 0 1 0 0 0 0 0 0 0 0 0 0 1 0 0 0 5 0 0 2 0 0 0 0 0 13 0 0 1 0 2 0 0 0 6 0 0 1 0 0 0 0 0 0 0 0 1 0 13 0 0 49 0 0 0 25 0 8 0 0 0 0 0 0 8 0 25 0 0 0 50 0 0 13 0 1 0 0 0 0 0 0 1 0 13 0 0 0 49 0 0 25 0 7 0 0 0 105 0 0 8 0 25 0 0 0 50 0 0 13 0 1 0 0 0 
0 0 0 0 0 1 0 0 6 0 0 0 2 0 1 0 0 0 0 0 0 2 0 2 0 0 0 8 0 0 2 0 1 0 0 0 0 0 0 0 0 1 0 0 0 6 0 0 2 0 1 0 0 0 9 0 0 2 0 2 0 0 0 8 0 0 1 0 1 0 0 0 0 0 0 4 0 15 0 0 49 0 0 0 21 0 9 0 0 0 0 0 0 11 0 21 0 0 0 58 0 0 16 0 6 0 0 0 0 0 0 4 0 15 0 0 0 47 0 0 20 0 8 0 0 0 71 0 0 12 0 23 0 0 0 59 0 0 15 0 6 0 0 0 
1 0 0 1 0 2 0 0 6 2 0 0 2 0 2 0 0 2 0 0 0 1 0 2 0 1 1 7 0 0 2 1 2 0 0 2 2 0 0 2 0 2 0 1 2 8 1 0 3 1 2 1 0 2 4 0 0 2 0 2 0 0 1 8 0 0 2 0 2 0 0 2 9 1 1 6 1 13 1 1 31 7 1 1 12 1 6 0 1 9 0 1 1 5 1 11 1 1 7 34 1 1 14 2 7 1 1 10 10 1 1 7 2 14 1 1 9 37 1 1 14 2 7 1 1 9 26 1 1 5 1 12 1 1 8 36 1 1 14 1 7 1 1 10 
0 0 0 0 0 1 0 0 6 0 0 0 3 0 1 0 0 0 0 0 0 1 0 2 0 0 0 6 0 0 1 0 1 0 0 0 0 0 0 0 0 1 0 0 0 6 0 0 2 0 1 0 0 0 11 0 0 1 0 2 0 0 0 6 0 0 1 0 0 0 0 0 0 0 0 3 0 13 0 0 50 0 0 0 26 0 11 0 0 0 0 0 0 10 0 24 0 0 0 49 0 0 13 0 3 0 0 0 0 0 0 3 0 14 0 0 0 51 0 0 26 0 11 0 0 0 83 0 0 10 0 24 0 0 0 48 0 0 13 0 3 0 0 0 
0 0 0 0 0 1 0 0 6 0 0 0 2 0 1 0 0 0 0 0 0 1 0 2 0 0 0 6 0 0 1 0 0 0 0 0 0 0 0 0 0 1 0 0 0 6 0 0 2 0 1 0 0 0 11 0 0 1 0 2 0 0 0 7 0 0 1 0 0 0 0 0 0 0 0 2 0 15 0 0 50 0 0 0 23 0 6 0 0 0 0 0 0 8 0 24 0 0 0 55 0 0 15 0 2 0 0 0 0 0 0 2 0 15 0 0 0 50 0 0 23 0 6 0 0 0 88 0 0 8 0 24 0 0 0 54 0 0 15 0 2 0 0 0 
1 0 0 1 0 1 0 0 6 2 0 0 2 0 2 0 0 1 0 0 0 1 0 1 0 1 0 3 1 1 1 0 1 0 0 2 2 1 1 2 2 3 2 2 3 6 2 1 2 1 2 1 1 3 3 1 0 0 0 1 0 0 0 2 0 0 1 0 0 0 0 1 5 1 1 4 2 9 1 2 30 9 2 2 13 4 9 2 2 8 0 3 2 5 3 9 2 2 5 21 3 3 8 3 5 3 3 8 9 4 4 7 6 13 5 6 13 33 5 5 16 5 8 3 3 15 22 2 1 5 2 9 2 2 5 18 1 1 6 2 3 1 1 6 
1 0 0 1 0 1 0 0 5 1 0 0 2 0 1 0 0 2 0 0 0 1 0 2 0 0 1 4 0 0 1 0 0 0 0 1 2 0 0 1 0 1 0 0 1 4 0 0 2 0 2 1 0 2 8 0 0 1 0 2 0 0 1 4 0 0 1 0 0 0 0 2 6 0 0 3 1 10 0 1 34 5 0 0 17 1 8 0 0 16 0 0 0 6 1 15 0 0 5 30 1 0 9 1 3 0 0 6 10 0 0 3 1 10 0 0 6 33 1 1 18 2 10 2 2 20 52 2 1 8 2 16 1 1 9 27 0 0 10 0 3 0 0 10 
1 0 0 1 0 1 0 0 4 1 0 0 1 0 1 0 0 1 0 0 0 0 0 0 0 0 0 3 0 0 1 0 0 0 0 2 1 0 0 2 1 1 1 1 2 4 0 1 1 1 1 0 0 1 3 0 0 0 0 1 0 0 1 3 0 0 1 0 1 0 0 1 8 2 1 6 3 11 1 2 39 6 1 1 10 2 4 1 2 6 0 2 1 3 2 9 1 1 4 36 1 1 9 3 4 1 2 9 10 2 2 6 4 12 3 3 7 39 2 2 10 4 3 2 2 8 32 2 1 3 2 9 1 2 5 33 2 2 9 3 4 1 3 9 
2 0 0 0 0 1 0 0 4 1 0 0 2 0 1 0 0 3 0 0 0 1 0 1 0 0 1 3 0 0 1 0 0 0 0 2 2 1 1 1 0 1 1 0 1 4 0 0 2 1 2 1 1 3 7 1 1 1 0 1 0 1 1 3 0 0 1 0 0 0 0 2 8 1 1 4 2 9 1 2 28 6 1 1 14 2 7 1 2 15 0 2 1 5 2 11 1 1 5 24 1 1 9 2 3 1 2 7 11 2 1 4 2 10 2 2 7 28 3 2 15 4 9 3 3 18 40 3 2 6 3 13 2 2 7 24 1 1 9 2 3 1 2 10 
0 0 0 0 0 0 0 0 0 0 0 0 1 0 0 0 0 0 0 0 0 0 0 0 0 0 0 0 0 0 0 0 0 0 0 0 0 0 0 0 0 0 0 0 0 0 0 0 0 0 0 0 0 0 2 0 0 0 0 0 0 0 0 0 0 0 0 0 0 0 0 0 0 0 0 0 0 5 0 0 64 0 0 0 31 0 1 0 0 31 0 0 0 0 0 24 0 0 0 48 0 0 6 0 0 0 0 0 0 0 0 0 1 3 0 0 3 66 0 0 30 0 0 0 2 17 87 0 0 0 0 28 0 0 0 45 0 0 3 1 0 0 0 0 
3 0 0 1 0 2 0 0 5 1 0 0 2 0 1 0 0 2 0 0 0 1 0 2 0 0 2 5 0 0 2 0 1 0 0 3 3 0 0 0 0 2 0 0 2 4 0 0 1 0 1 0 0 3 5 0 0 1 0 2 0 0 2 6 0 0 2 0 2 0 0 2 17 1 0 4 1 12 0 1 28 9 1 1 12 1 4 1 1 13 0 1 1 5 1 13 1 1 12 32 1 1 15 1 6 0 1 18 15 1 0 3 1 12 0 0 9 27 0 0 11 1 3 0 0 13 32 1 0 5 1 12 0 0 11 33 0 0 14 1 6 0 1 13 
0 0 0 0 0 2 0 0 6 0 0 0 2 0 0 0 0 0 0 0 0 0 0 2 0 0 0 7 0 0 2 0 0 0 0 0 0 0 0 0 0 2 0 0 0 6 0 0 2 0 0 0 0 0 11 0 0 0 0 2 0 0 0 7 0 0 2 0 0 0 0 0 0 0 0 3 0 18 0 0 52 0 0 0 21 0 5 0 0 0 0 0 0 5 0 21 0 0 0 56 0 0 18 0 4 0 0 0 0 0 0 4 0 19 0 0 0 53 0 0 20 0 4 0 0 0 81 0 0 5 0 21 0 0 0 56 0 0 18 0 4 0 0 0 
0 0 0 1 0 1 0 0 6 0 0 0 1 0 1 0 0 0 0 0 0 1 0 2 0 0 0 11 0 0 2 0 2 0 0 0 0 0 0 1 0 1 0 0 0 6 0 0 1 0 1 0 0 0 7 0 0 1 0 2 0 0 0 11 0 0 2 0 2 0 0 0 0 0 0 5 0 15 0 0 45 0 0 0 17 0 6 0 0 0 0 0 0 9 0 19 0 0 0 73 0 0 19 0 9 0 0 0 0 0 0 5 0 15 0 0 0 46 0 0 17 0 7 0 0 0 55 0 0 9 0 18 0 0 0 73 0 0 19 0 9 0 0 0 
0 0 0 0 0 1 0 0 8 0 0 0 3 0 2 0 0 0 0 0 0 1 0 2 0 0 0 7 0 0 1 0 0 0 0 0 0 0 0 1 0 1 0 0 0 8 0 0 2 0 2 0 0 0 9 0 0 1 0 2 0 0 0 7 0 0 1 0 0 0 0 0 0 0 0 4 0 14 0 0 57 0 0 0 24 0 13 0 0 0 0 0 0 9 0 20 0 0 0 49 0 0 13 0 4 0 0 0 0 0 0 4 0 14 0 0 0 57 0 0 24 0 13 0 0 0 74 0 0 9 0 20 0 0 0 49 0 0 13 0 4 0 0 0 
0 0 0 0 0 2 0 0 7 0 0 0 2 0 1 0 0 0 0 0 0 0 0 2 0 0 0 6 0 0 1 0 0 0 0 0 0 0 0 0 0 2 0 0 0 7 0 0 2 0 1 0 0 0 11 0 0 0 0 2 0 0 0 6 0 0 1 0 0 0 0 0 0 0 0 4 0 18 0 0 56 0 0 0 23 0 7 0 0 0 0 0 0 6 0 21 0 0 0 50 0 0 16 0 4 0 0 0 0 0 0 4 0 18 0 0 0 57 0 0 23 0 7 0 0 0 80 0 0 6 0 21 0 0 0 50 0 0 16 0 3 0 0 0 
0 0 0 0 0 0 0 0 2 1 0 0 1 0 1 0 0 2 0 0 0 0 0 1 0 0 0 1 0 0 0 0 0 0 0 0 0 0 0 0 0 0 0 0 0 2 0 0 1 0 0 0 0 1 2 0 0 0 0 1 0 0 0 1 0 0 0 0 0 0 0 0 4 0 0 1 1 5 0 0 49 5 0 1 19 3 8 0 1 20 0 2 1 3 2 17 1 0 3 38 0 0 6 1 1 0 0 4 4 0 0 1 1 5 1 0 6 49 0 0 17 2 6 1 3 18 57 2 0 5 3 17 0 0 3 39 0 0 7 1 0 0 0 3 
