1 0 0 0.25 0 0 0 0 0 0 0 0 0 0 0 0 0 0 0 0.25 0 0 0 0 0 0 0 0 0 0 0 0 0 0 0 0 0 0.125 0 0 0 0 0 0 0 0 0 0 0 0 0 0 0 0 0.25 0 0 0 0 0 0 0 0 0 0 0 0 0 0 0 0 0 0 0 0 0 0 0 0 0 0 0 0.125 0 0 0 0 0 0 0 0 0 0 0 0 0 0 0 0 0 0 0 0 0 0 0 0 0 0 0 0 0 0 0 0 0 0 0 0 0 0 0 0 0 0 0 0 0 0 0 0 0 0 0 0 0 0 0 0 0 0 0 0 0 0 0 0 0 0 0.25 0 0 0 0 0.125 0 0 0 0 0 0 0 0 0 0 0 0 0 0 0 0 0 0 0 0 0 0 0 0.125 0 0 0 0 0 0 0 0 0 0 0 0 0.25 0 0 0 0 0 0 0 0 0 0 0 0 0 0 0 0 0 0 0 0 0 0 0 0 0 0 0 0 0.125 0 0 0 0 0 0 0 0 0.125 0 0 0 0 0 0 0 0 0 0 0 
1 0 0 0.416667 0 0 0.0833333 0 0 0 0 0 0 0 0 0 0 0 0 0.0833333 0 0 0 0 0 0 0 0 0 0 0 0 0 0.0833333 0 0 0 0 0 0 0 0 0 0 0 0 0 0 0 0 0 0 0 0 0.166667 0 0 0 0 0 0 0 0 0 0 0 0 0 0 0 0 0 0 0 0 0 0 0 0 0.0833333 0 0 0.0833333 0 0 0 0 0 0 0 0 0 0 0 0 0 0 0 0 0 0 0 0 0 0 0 0 0 0 0 0 0 0 0 0 0 0 0 0 0 0 0 0 0 0 0 0 0 0 0 0 0 0.166667 0 0 0 0 0 0 0 0 0 0 0 0 0 0 0 0 0 0 0.0833333 0.0833333 0 0 0 0 0 0 0 0 0 0 0 0 0.0833333 0 0 0 0 0 0 0 0 0 0.0833333 0 0 0 0 0 0 0 0 0 0 0 0 0 0 0.0833333 0.0833333 0 0 0 0 0 0 0 0 0.0833333 0 0 0 0 0 0 0 0 0.0833333 0 0 0 0 0 0 0 0 0 0 0 0 0 0 0.0833333 0 0 0 0 0 0 0 0 0 0 0 0 0 0 0 0.0833333 
1 0 0 0 0 0 0.714286 0 0 0 0 0 0 0 0 0 0 0 0 0 0 0 0 0 0 0 0 0 0 0 0 0 0 0 0 0 0 0 0 0 0 0.142857 0 0 0 0 0 0 0 0 0 0 0 0 0 0 0 0 0 0 0 0 0 0 0 0 0 0 0 0 0 0 0 0 0 0 0 0 0 0 0 0 0.142857 0 0 0 0 0 0 0 0 0 0 0 0 0 0 0 0 0 0 0 0 0 0 0 0 0 0 0 0 0 0 0 0 0 0 0 0 0 0 0 0 0 0 0 0 0 0 0 0 0 0.285714 0 0 0 0 0 0 0 0 0 0 0 0 0 0 0 0 0 0 0 0 0 0 0 0 0 0 0 0 0 0 0 0 0 0 0 0 0 0 0 0 0 0 0 0 0 0 0 0 0 0 0 0 0 0 0 0 0 0 0 0.142857 0 0 0 0 0 0 0 0 0 0 0 0 0 0 0 0 0 0 0 0 0 0 0 0 0 0 0 0 0 0 0 0.142857 0 0 0 0 0 0.428571 0 0 0 0 0 0 0 0 0 0 
1 0 0 0 0 0 0 0 0 0 0 0 0 0 0 0 0.24 0 0 0 0.16 0 0 0 0 0 0.04 0 0 0 0 0 0 0.04 0 0 0 0.16 0 0 0 0.08 0 0 0 0 0 0 0 0 0 0 0 0 0 0 0 0 0 0 0 0 0 0 0 0 0 0 0 0 0 0 0 0 0.12 0 0 0 0 0 0 0 0 0 0 0 0 0.08 0 0 0 0 0 0 0 0 0 0 0 0 0 0 0 0 0 0 0 0.04 0 0 0 0 0 0 0 0.04 0 0 0 0 0 0 0 0 0 0 0 0 0 0 0.04 0 0 0 0.08 0 0 0 0 0.08 0 0 0 0 0 0 0 0.04 0.04 0 0.04 0 0 0 0 0 0 0 0 0 0 0.04 0 0 0 0 0 0 0.04 0.04 0 0 0 0 0 0 0 0 0 0 0 0 0 0.12 0 0 0.12 0 0 0 0 0.04 0 0 0 0 0 0 0 0 0 0 0.04 0 0 0 0 0 0 0 0 0 0 0.08 0.04 0 0 0 0 0 0 0 0 0 0 0 0 0 0 0 0.08 0.04 0 0 0 0 0 0 0 0 0 
2 0 0 0.1 0 0 0.1 0 0 0 0 0 0 0 0 0 0 0 0.1 0.2 0 0 0 0 0.2 0 0 0 0 0 0 0 0 0 0 0 0 0 0 0 0.1 0 0 0 0 0 0 0 0 0 0 0 0 0 0 0 0 0 0 0 0 0 0 0 0 0 0 0 0 0 0 0 0 0 0 0 0 0 0 0.1 0 0 0.1 0 0 0 0 0 0 0 0 0 0 0 0 0 0 0 0 0 0 0 0 0 0 0 0 0 0 0 0 0 0 0 0 0 0 0 0 0 0 0 0 0 0 0 0 0 0 0 0 0 0.1 0 0 0 0 0 0 0 0 0 0 0 0 0 0 0 0.1 0 0 0 0 0 0 0 0 0 0 0 0 0 0 0 0 0 0 0 0 0 0.1 0 0 0 0 0 0 0 0 0 0 0 0 0 0 0 0 0 0 0 0.1 0 0 0 0 0 0 0 0 0 0 0 0 0 0 0 0 0.1 0 0 0 0 0 0 0 0 0 0 0 0 0.1 0 0 0 0.1 0 0 0 0 0 0.1 0 0 0 0 0 0 0 0 0.1 0.1 
2 0 0 0 0 0.037037 0.111111 0 0 0 0 0 0 0 0 0 0 0 0.0740741 0 0.037037 0 0 0.037037 0.111111 0 0 0.037037 0.037037 0 0 0 0 0 0 0 0.037037 0 0 0 0 0 0 0 0 0.037037 0 0 0.037037 0 0 0 0 0 0 0.037037 0 0.037037 0 0 0 0 0 0 0 0 0 0 0 0 0 0 0 0 0 0 0.037037 0 0 0.0740741 0 0 0.037037 0 0 0 0 0 0 0 0 0 0 0 0.111111 0 0 0 0 0 0 0 0 0 0 0 0 0.037037 0 0.037037 0 0 0 0 0 0 0 0 0 0 0 0 0 0 0 0 0 0 0 0 0 0 0 0.037037 0 0 0 0 0 0 0 0 0.037037 0 0.037037 0.037037 0 0 0 0 0 0.111111 0 0.037037 0 0 0 0 0 0.037037 0 0 0 0 0 0.037037 0 0 0.037037 0.111111 0 0 0 0 0 0 0 0 0 0.037037 0 0 0 0 0 0 0.037037 0 0 0 0 0 0 0 0 0 0 0 0 0 0 0 0.037037 0 0 0 0 0.037037 0 0.037037 0 0 0 0 0.037037 0.037037 0.037037 0.111111 0 0 0 0 0 0 0.037037 0 0.037037 0 0 0 0 0 0 0 0 0 0 0 0 0 0 
2 0 0.0666667 0 0 0.0666667 0.133333 0 0 0 0 0 0 0 0 0 0 0 0 0.2 0.0666667 0 0 0.133333 0 0 0 0 0 0 0 0 0 0 0 0 0 0 0 0 0 0 0 0 0 0 0 0 0 0 0 0 0 0 0 0.0666667 0 0 0 0 0 0 0 0 0 0 0 0 0 0 0.133333 0 0 0.0666667 0 0 0 0 0 0 0 0 0 0 0 0 0 0 0 0 0 0 0 0.0666667 0 0 0 0 0 0 0 0 0 0 0 0 0 0 0 0 0 0 0 0 0 0 0 0 0 0 0 0 0 0 0 0 0 0 0 0 0 0 0.0666667 0 0 0 0 0 0.0666667 0 0 0 0 0 0 0 0 0 0 0 0 0 0 0 0 0 0 0 0 0 0 0 0 0 0 0 0 0 0 0 0 0 0 0 0 0 0 0 0 0 0 0 0 0 0.133333 0 0 0 0 0 0 0.0666667 0 0 0 0 0 0 0 0 0 0 0 0 0 0.0666667 0 0 0 0 0 0 0 0.0666667 0 0 0 0 0 0 0.0666667 0 0 0.0666667 0.133333 0 0 0.0666667 0.0666667 0 0 0.0666667 0 0 0 0 0 0 0 0 0.0666667 
2 0 0 0 0 0 0.0952381 0 0 0 0 0 0 0 0 0 0 0 0 0 0.047619 0 0 0.047619 0.0952381 0 0 0 0 0 0 0 0 0 0 0 0.047619 0 0 0 0 0 0 0 0 0 0 0 0 0 0 0 0 0 0 0.142857 0 0 0 0 0 0 0 0 0 0 0 0 0 0 0 0 0 0 0 0 0 0 0 0.0952381 0 0 0 0 0 0 0 0 0 0 0 0 0 0 0 0 0 0 0 0 0 0 0 0 0 0.047619 0 0 0 0 0 0 0 0 0 0.142857 0 0 0 0.238095 0 0 0 0 0 0 0 0 0 0 0 0 0 0 0 0 0 0 0 0 0 0 0.047619 0 0 0 0 0 0.047619 0 0 0 0.047619 0 0 0 0 0 0 0 0 0 0 0 0 0.0952381 0 0 0 0.0952381 0 0 0 0 0 0 0 0 0 0 0 0 0 0 0 0 0.0952381 0 0 0 0.047619 0 0.047619 0 0 0 0 0 0 0 0.190476 0 0 0 0 0 0 0.0952381 0 0 0 0.047619 0 0 0 0 0 0 0 0.047619 0 0 0 0 0 0 0 0 0 0 0.0952381 0 0 0 0 0 0 0 0 0 0 
3 0 0 0 0 0.0909091 0 0 0 0 0 0 0 0 0 0 0 0 0 0.363636 0 0 0 0 0 0 0.0909091 0 0 0 0 0 0 0 0 0 0 0 0 0 0 0 0.0909091 0 0 0 0 0 0 0 0 0 0 0 0 0 0 0 0 0 0 0 0 0 0 0 0 0.0909091 0 0 0 0 0 0 0 0 0 0 0 0 0 0 0.0909091 0 0 0 0 0 0 0 0 0 0 0 0 0 0 0 0 0 0 0 0 0 0 0 0 0 0 0 0 0 0 0.0909091 0 0 0.0909091 0 0 0 0 0 0 0 0 0 0 0 0 0 0 0 0 0 0 0 0 0 0 0 0 0 0 0 0 0 0 0 0 0 0.0909091 0 0 0 0 0 0 0 0 0 0 0 0 0 0 0 0.0909091 0 0 0 0.0909091 0 0 0.0909091 0 0 0 0 0 0 0 0 0 0.0909091 0.0909091 0.0909091 0 0 0 0 0 0 0 0 0 0.0909091 0 0.0909091 0 0 0 0 0 0 0 0.0909091 0 0 0 0.0909091 0 0 0 0 0 0 0 0 0 0 0 0 0 0 0 0 0 0 0 0 0 0 0 0 0 0 0 0 0 0 0 
3 0 0 0 0 0 0 0 0 0 0 0 0 0 0 0 0 0 0 0.5 0 0 0 0 0 0 0 0 0 0 0 0 0 0 0.1 0 0 0 0 0 0 0 0 0 0 0 0 0 0 0 0 0 0 0 0 0 0 0 0 0 0 0 0 0 0 0 0 0.1 0 0 0 0 0 0 0 0 0 0 0 0 0 0 0 0 0 0 0 0 0 0.2 0 0 0 0 0 0 0 0 0 0 0 0 0 0 0 0 0 0 0 0 0.1 0 0 0 0 0 0 0 0 0 0 0 0 0 0 0 0 0 0 0 0 0 0 0 0 0 0 0 0 0 0 0 0 0 0 0 0 0 0 0 0.1 0 0 0 0 0 0 0 0 0 0 0 0 0 0 0 0 0 0 0 0.1 0 0 0 0 0 0 0 0 0 0 0 0 0 0.4 0 0 0 0 0 0 0 0 0 0 0 0 0.1 0 0 0 0 0 0 0 0 0 0 0 0 0 0 0 0 0 0 0 0 0 0 0.1 0 0 0 0 0 0 0 0 0 0 0 0 0 0 0 0 0 0 0 0.2 
3 0 0 0 0 0 0 0 0 0 0 0 0 0 0 0 0 0 0 0.0769231 0 0 0.0769231 0 0 0 0.153846 0 0 0 0 0 0 0 0 0 0 0 0 0 0 0 0 0 0 0 0 0 0 0 0 0 0 0 0 0 0 0 0 0 0 0 0 0 0 0 0 0.230769 0 0 0 0 0 0 0 0 0 0 0 0 0 0 0.384615 0 0 0 0 0 0 0 0 0 0 0 0 0 0 0 0 0 0 0 0 0 0 0 0 0 0 0 0 0.0769231 0 0 0 0 0 0 0 0 0 0 0 0 0 0 0 0 0 0 0.153846 0 0 0 0 0 0 0 0 0.0769231 0 0 0 0 0 0 0 0 0 0 0 0 0 0 0 0 0 0 0 0 0 0 0 0 0 0 0 0 0 0 0.0769231 0.0769231 0 0 0 0 0 0 0.153846 0 0 0 0 0 0 0 0 0 0 0 0 0.0769231 0 0 0 0.230769 0 0.0769231 0 0 0 0 0 0 0 0 0 0 0 0 0 0 0 0 0 0 0 0 0 0 0.0769231 0 0 0 0 0 0 0 0 0 0 0 0 0 0 0 0 0 0 0 0 
3 0 0 0 0 0 0 0 0 0 0 0 0 0 0 0 0 0 0.0588235 0 0 0 0 0.0588235 0 0 0.0588235 0 0 0 0 0 0 0 0 0 0 0 0 0 0 0 0 0 0 0 0 0 0 0 0 0.0588235 0 0 0 0 0 0 0 0 0.235294 0 0 0 0 0 0 0 0 0 0 0 0 0 0 0 0 0 0 0.0588235 0 0.0588235 0 0 0 0 0 0 0 0.0588235 0 0 0 0 0 0 0.0588235 0 0 0 0 0 0 0 0 0 0 0 0 0 0 0.294118 0 0 0 0 0 0 0 0 0 0 0 0 0 0 0 0 0 0 0 0 0 0 0.176471 0 0 0 0 0 0 0 0 0 0 0 0 0 0 0 0 0 0 0.0588235 0 0 0 0 0 0 0 0 0.176471 0 0 0.0588235 0 0 0 0 0.0588235 0 0 0 0 0 0 0 0 0 0 0 0 0 0 0 0 0 0 0 0 0 0 0 0 0 0 0.117647 0 0 0.0588235 0 0 0 0 0 0 0 0 0 0 0 0.117647 0 0 0 0 0 0 0 0 0 0 0 0 0 0 0 0 0 0 0 0 0 0 0 0 0 0 0 0.176471 
4 0 0 0.142857 0 0 0 0 0 0 0 0 0 0 0 0 0 0 0 0.285714 0 0.142857 0 0 0.142857 0 0 0 0 0 0.142857 0 0 0 0 0 0 0 0 0 0 0 0.142857 0 0 0 0 0 0 0 0 0 0 0 0 0 0 0 0 0 0 0 0 0 0 0 0 0 0 0 0 0 0 0 0 0 0 0 0 0 0 0 0 0 0 0 0 0 0 0 0 0 0 0 0 0 0 0 0 0 0 0 0 0 0 0 0 0 0 0 0 0 0 0 0 0 0 0 0 0 0 0 0 0 0 0 0 0 0 0 0 0 0 0 0 0 0 0 0 0 0 0 0 0 0 0.142857 0 0 0 0 0 0 0 0 0 0 0 0 0 0 0 0 0 0 0 0 0 0 0 0 0 0 0 0 0 0 0 0 0 0 0 0 0 0 0 0 0.142857 0 0 0 0 0 0 0 0 0 0 0 0 0 0 0 0 0 0 0 0 0.142857 0 0 0 0 0 0 0 0 0 0 0 0 0.428571 0 0 0 0 0 0 0 0 0 0.142857 0 0 0 0 0 0 0 0 0 0 
4 0 0 0 0 0 0.0833333 0 0 0 0 0 0 0 0 0 0 0 0 0.166667 0 0 0 0 0.0833333 0 0 0 0 0 0 0 0 0 0 0 0 0 0 0 0 0.0833333 0 0 0 0 0 0 0 0 0 0 0 0 0 0.166667 0 0 0 0 0 0 0 0 0 0 0 0 0 0 0.0833333 0 0.0833333 0 0 0 0 0 0 0 0 0 0 0 0 0 0 0 0 0 0 0 0 0 0 0 0 0 0 0 0.0833333 0 0 0 0 0 0 0 0 0 0 0 0 0 0.0833333 0.0833333 0 0 0 0 0 0 0 0 0 0 0 0 0 0 0 0 0 0 0.0833333 0 0 0.0833333 0 0 0 0 0 0 0 0 0 0 0 0 0 0 0 0 0 0 0 0 0 0 0 0 0 0 0 0.0833333 0 0 0 0.0833333 0 0 0 0 0 0 0 0 0 0 0 0 0 0 0.166667 0 0 0 0 0 0 0 0 0 0 0 0 0 0 0 0.166667 0 0 0 0 0 0 0.0833333 0 0 0 0 0 0.0833333 0 0 0 0 0 0.0833333 0.0833333 0 0 0 0 0 0 0 0 0 0 0 0 0 0 0 0 0 0 0 0 
4 0 0 0 0 0 0.166667 0 0 0 0 0 0 0 0 0 0 0 0 0.0555556 0.0555556 0 0 0.0555556 0.0555556 0 0.0555556 0 0 0 0 0 0 0.0555556 0 0 0 0.0555556 0 0 0 0 0.0555556 0 0 0 0 0 0 0.0555556 0 0 0 0 0.0555556 0 0 0 0 0 0 0 0 0 0 0 0 0 0 0 0.111111 0 0 0 0 0 0 0 0 0 0 0 0 0 0 0 0 0 0.0555556 0 0 0 0 0 0 0 0 0 0 0 0 0 0 0 0 0 0 0 0 0 0.0555556 0 0 0 0 0 0 0 0 0.0555556 0 0 0 0 0 0 0 0 0 0 0 0 0 0.0555556 0 0 0 0 0 0 0 0 0.0555556 0 0 0 0 0 0 0 0 0 0.0555556 0 0 0 0 0 0 0 0 0 0 0 0 0 0 0 0 0.0555556 0 0.0555556 0 0 0 0 0 0 0 0.0555556 0 0 0 0 0.111111 0 0 0 0 0 0 0 0 0 0 0 0 0 0 0 0.111111 0 0 0 0 0 0 0.0555556 0 0.111111 0 0 0 0 0.0555556 0 0 0 0 0 0 0 0 0 0.0555556 0 0 0 0.166667 0 0 0 0 0 0 0 0 0 0 0 0 
4 0 0 0 0 0 0 0.0720721 0 0 0 0 0 0.027027 0.00900901 0.0720721 0.018018 0.00900901 0.00900901 0 0.0720721 0 0 0.027027 0 0 0 0 0 0 0.00900901 0 0 0 0 0 0 0.0630631 0.027027 0.045045 0 0 0 0 0 0 0 0 0.00900901 0 0 0 0.00900901 0.018018 0 0.018018 0 0 0 0 0.018018 0.0990991 0 0.00900901 0 0 0 0 0 0 0 0.036036 0 0.117117 0 0.00900901 0 0 0 0 0.00900901 0 0 0.00900901 0 0.036036 0.036036 0.00900901 0 0 0 0 0 0 0 0 0.018018 0 0 0 0 0 0 0 0 0 0.0630631 0 0 0 0 0 0 0 0 0.00900901 0 0 0.00900901 0 0 0 0 0.027027 0.00900901 0 0 0.00900901 0 0.00900901 0 0 0 0 0.036036 0.018018 0 0 0 0 0 0.0720721 0 0 0.0630631 0 0.00900901 0 0.036036 0 0 0.00900901 0 0.00900901 0 0 0 0.00900901 0 0.00900901 0 0.00900901 0.126126 0 0 0.00900901 0 0.00900901 0.0720721 0.00900901 0 0 0 0 0.036036 0 0.00900901 0.18018 0 0 0 0 0 0.00900901 0 0 0.00900901 0 0 0 0 0 0 0 0 0 0 0 0.018018 0.018018 0 0 0.018018 0 0 0.00900901 0 0 0 0 0.018018 0 0 0.045045 0.00900901 0 0 0.00900901 0 0 0 0 0 0.00900901 0 0 0 0 0 0 0 0 0.018018 0 0 0 0 0 0.027027 0 0 
5 0 0 0 0 0 0 0 0 0 0 0 0 0 0 0 0 0 0 0.222222 0 0 0.222222 0 0 0 0.222222 0 0 0 0 0 0 0 0 0 0 0 0 0 0 0 0 0 0 0 0 0 0 0 0 0 0 0 0 0 0 0 0 0 0 0 0 0 0 0 0 0 0 0 0 0 0 0 0 0 0 0 0 0 0 0 0.111111 0 0 0 0 0 0 0 0 0 0 0 0 0 0 0 0 0 0 0 0 0 0 0 0 0 0 0 0.111111 0 0 0 0 0 0 0 0 0.111111 0 0 0 0 0 0 0 0 0 0 0 0 0 0.111111 0 0 0 0 0 0 0 0 0 0 0 0 0 0 0 0 0 0 0 0 0 0.111111 0 0 0 0 0 0 0 0 0 0 0 0 0 0 0 0 0 0 0 0 0 0 0 0.222222 0 0 0 0.111111 0 0 0 0 0 0 0.111111 0 0 0 0 0 0 0 0 0 0 0 0 0 0 0 0 0 0 0 0 0 0 0 0 0 0 0 0 0 0 0 0 0.222222 0 0 0 0 0 0 0 0 0 0 0 0 0 0 0 0 0.111111 
5 0 0 0 0 0 0 0 0 0 0 0 0 0 0 0 0 0 0 0.4 0 0 0.1 0 0.1 0 0.1 0 0 0 0 0 0 0 0 0 0 0 0 0 0.1 0 0 0 0 0 0 0 0 0 0 0 0 0 0 0 0 0 0 0 0 0 0 0 0.1 0 0 0 0 0 0 0 0 0 0 0 0 0 0 0 0 0 0 0 0 0 0 0 0 0 0 0 0 0 0 0 0 0 0 0 0 0 0 0 0 0 0 0 0 0 0 0 0 0 0 0.1 0 0 0 0 0 0 0 0 0 0 0 0 0 0 0 0 0 0 0.1 0.1 0 0 0 0 0 0 0 0 0 0 0 0 0 0 0 0 0 0 0 0 0 0 0 0 0 0 0 0 0 0.1 0 0 0 0 0 0 0 0 0 0 0 0 0 0.2 0 0 0 0 0.2 0 0 0 0 0 0.1 0 0 0 0 0 0 0 0 0 0 0 0 0 0 0 0 0.1 0 0 0 0 0 0 0 0 0 0 0 0 0 0 0 0 0.1 0 0 0 0 0 0 0 0 0 0 0 0 0 0 0 0 
5 0 0 0 0 0 0.111111 0 0 0 0 0 0 0 0 0 0 0 0 0.111111 0 0 0 0 0 0 0.111111 0 0 0 0 0 0 0 0 0 0 0 0 0 0 0 0 0 0 0 0 0 0 0 0 0 0 0 0 0 0 0 0 0 0 0 0 0 0 0 0 0 0 0 0 0 0 0 0 0 0 0 0 0 0 0.111111 0.222222 0 0 0 0 0 0 0 0 0 0 0 0 0 0 0 0 0 0 0 0 0 0 0.111111 0 0 0 0 0 0.222222 0 0 0 0 0 0 0 0 0 0 0 0 0 0 0 0 0 0 0 0 0.111111 0 0 0 0 0 0 0 0 0 0 0 0 0 0 0 0 0 0 0 0 0 0 0 0 0 0 0 0 0 0 0 0 0.111111 0 0 0 0 0.111111 0 0 0 0 0.111111 0 0 0 0.111111 0 0 0 0 0.111111 0 0 0 0 0 0 0 0 0 0 0.111111 0 0 0 0 0 0 0 0 0 0 0 0.111111 0 0 0 0 0 0 0 0 0 0 0 0 0 0 0 0 0 0 0 0 0 0 0 0 0 0 0 0 0 0 0 0.111111 0 
5 0 0 0 0 0 0.0833333 0 0.25 0 0 0 0 0 0 0 0 0 0 0.416667 0 0 0 0 0.0833333 0 0 0 0 0 0 0 0 0 0 0 0 0 0 0 0 0 0 0 0 0 0 0 0 0 0 0 0 0 0 0 0 0 0 0 0 0 0 0 0 0 0 0 0 0 0 0 0 0 0 0 0 0 0 0.0833333 0 0 0 0 0 0 0 0 0 0 0.0833333 0 0 0 0 0 0 0 0 0 0 0 0 0 0 0 0 0 0 0 0 0 0 0 0 0 0 0 0 0 0 0 0 0 0 0 0 0 0 0 0 0 0 0 0.0833333 0 0 0.0833333 0 0 0 0 0 0 0 0 0 0 0 0 0.0833333 0 0 0 0 0 0 0 0 0 0 0 0 0 0 0.166667 0 0 0 0 0 0 0 0 0 0 0 0 0 0 0 0 0 0 0.166667 0 0 0 0 0 0 0 0 0 0 0 0 0 0 0 0 0 0 0 0 0 0 0.0833333 0 0 0 0 0 0 0.0833333 0 0 0 0 0 0.166667 0 0 0 0 0 0 0.0833333 0 0 0 0 0 0 0 0 0 0 0 0 0 
6 0 0 0 0 0 0 0 0 0 0 0 0 0 0 0 0 0 0 0.4 0 0 0 0 0 0 0 0 0 0 0 0 0 0 0 0 0 0 0 0 0 0 0 0.2 0 0 0 0 0 0 0 0.3 0 0 0 0 0 0 0 0 0 0 0 0 0 0 0 0 0 0 0 0 0 0 0 0 0 0 0 0 0 0 0 0 0 0 0 0 0 0.1 0 0 0 0 0 0 0 0 0 0 0 0 0 0 0 0 0 0 0 0 0 0 0 0 0 0 0 0 0 0 0 0 0 0 0 0 0 0 0 0 0 0 0 0 0 0 0 0 0 0 0 0 0 0 0 0 0 0 0 0 0 0 0 0 0.2 0 0 0 0 0 0 0 0 0 0 0 0 0 0 0 0 0 0 0 0 0 0 0 0 0 0 0 0 0 0.1 0.3 0 0 0 0 0.1 0 0 0 0 0 0 0 0 0 0 0 0 0 0 0 0 0 0 0 0 0 0 0 0 0 0 0 0 0 0.2 0 0 0 0 0 0 0 0 0 0 0 0 0 0 0 0 0 0 0 0.1 
6 0 0.016129 0 0 0 0 0.0483871 0 0 0 0.016129 0 0 0.0322581 0.0322581 0 0 0 0 0 0 0 0 0 0 0 0.016129 0 0 0.112903 0 0 0 0 0 0 0 0 0 0 0 0 0 0 0 0 0 0.016129 0 0 0 0 0 0 0.0322581 0 0 0 0 0.016129 0 0 0.0483871 0 0.016129 0 0 0 0 0 0 0 0.0322581 0 0 0 0 0 0 0 0 0 0 0 0 0 0 0 0 0 0 0 0.0322581 0.016129 0.322581 0 0 0 0.0483871 0 0 0 0 0 0.016129 0 0.0806452 0 0 0 0 0 0 0 0 0.016129 0.0322581 0 0 0 0.016129 0 0 0 0 0 0 0 0 0 0.0806452 0 0.016129 0.129032 0.0806452 0 0 0 0 0 0 0.0322581 0 0.0322581 0.0483871 0.0322581 0 0 0 0 0.0322581 0 0 0 0 0 0.0322581 0 0 0.016129 0.016129 0.0322581 0 0 0.016129 0 0.0645161 0.016129 0 0 0 0 0 0.0322581 0 0 0 0 0 0 0 0 0 0 0 0 0 0 0 0 0 0 0 0 0 0 0 0 0 0 0 0.0483871 0 0.016129 0.016129 0.016129 0.016129 0 0 0 0 0 0 0 0 0 0.0322581 0 0 0 0 0 0 0 0.0322581 0 0.016129 0 0.016129 0 0.0483871 0 0 0 0 0 0 0 0 0.016129 
6 0 0 0 0 0 0 0 0 0 0 0 0 0 0 0 0 0 0 0.727273 0 0 0 0 0 0 0 0 0 0 0 0 0 0 0 0 0 0 0 0 0 0 0.0909091 0 0 0 0 0 0 0 0 0 0 0 0 0 0.181818 0 0 0 0 0 0 0 0 0 0 0 0 0 0 0 0 0 0 0 0 0 0 0 0 0 0 0 0 0 0 0 0 0 0 0 0 0 0 0 0 0 0 0 0 0 0 0 0 0 0 0 0 0 0 0 0 0 0 0 0 0 0 0 0 0 0 0 0 0 0 0 0 0 0 0 0 0 0 0 0 0 0 0 0 0 0 0 0 0 0 0 0 0 0 0 0 0 0 0 0 0 0 0 0 0 0 0 0 0 0 0 0 0 0 0 0 0 0 0 0 0 0 0 0 0 0 0 0.454545 0 0 0 0 0 0 0 0 0 0 0 0 0 0 0 0 0 0 0 0 0 0 0 0 0 0 0 0 0 0 0 0 0 0 0 0.454545 0 0 0 0 0 0 0 0 0 0 0 0 0 0 0.0909091 0 0 0 0 0 
6 0 0 0 0 0 0 0 0 0 0 0 0 0 0 0 0 0 0 0 0 0 0 0.0714286 0 0 0 0 0 0 0 0 0 0.0714286 0 0 0 0 0 0 0.142857 0 0 0 0 0 0 0 0 0 0 0.0714286 0 0 0 0.142857 0 0 0 0 0 0 0 0 0 0 0 0 0 0 0 0 0 0 0 0 0 0 0 0.142857 0 0 0 0 0 0 0 0 0 0 0 0 0 0 0 0 0 0 0 0 0 0 0 0 0 0 0 0 0 0 0 0 0 0 0 0 0 0 0 0.357143 0 0 0 0 0 0 0 0 0 0 0 0 0 0 0 0 0 0 0 0 0 0 0 0 0 0.0714286 0 0 0 0 0 0 0 0 0 0 0 0 0 0 0 0 0.0714286 0 0 0.142857 0 0 0 0.357143 0 0 0 0 0 0 0 0 0 0 0 0 0 0 0 0 0 0 0 0 0.0714286 0 0 0 0 0 0 0 0 0 0 0 0.0714286 0 0 0.0714286 0 0.0714286 0 0 0.0714286 0 0 0 0 0 0 0 0 0 0 0 0 0 0 0 0 0 0 0 0 0 0 0 0 0 0 0 0 0 0 
7 0 0 0 0 0 0.0285714 0 0 0 0 0 0 0 0 0 0 0 0.0428571 0 0 0 0 0 0.0142857 0 0.0428571 0 0.0142857 0 0 0 0 0 0 0 0 0.0285714 0 0 0 0.2 0 0 0 0.0142857 0 0 0.1 0 0 0 0 0 0 0 0 0 0 0 0 0 0 0 0 0 0 0 0 0 0 0 0 0 0 0 0 0.0142857 0 0.0285714 0 0 0 0 0 0 0 0 0 0 0 0 0 0.4 0 0 0 0 0 0 0 0 0 0 0 0 0 0.0142857 0 0 0.0142857 0 0 0 0 0 0.0428571 0 0 0 0 0 0 0 0 0 0 0 0 0 0 0 0 0.0571429 0.0285714 0 0 0 0 0 0 0 0.0142857 0 0 0 0 0 0.228571 0 0 0 0.0142857 0.0428571 0 0 0 0 0 0.0142857 0 0.0571429 0 0 0 0.0285714 0 0 0.0428571 0 0.0285714 0.0142857 0.0714286 0 0 0 0 0 0 0 0 0 0 0.0857143 0 0 0 0 0 0 0 0 0 0.0142857 0 0 0 0 0 0 0.0285714 0 0.0714286 0 0 0.0285714 0 0 0 0 0 0 0.0142857 0.0142857 0.0714286 0 0 0 0 0.0142857 0 0 0.0142857 0 0 0 0 0 0 0 0 0 0 0 0 0 0 0 0 0 0 
7 0 0 0.0144928 0 0 0.0144928 0 0 0 0 0 0 0 0 0 0 0 0.15942 0 0 0 0 0 0.130435 0 0 0.0144928 0 0 0 0 0.0144928 0 0.0289855 0 0.0144928 0.0144928 0 0 0 0 0 0 0.0144928 0 0 0 0.0144928 0.0289855 0 0 0 0 0 0 0 0 0 0 0.0144928 0 0 0 0 0 0 0 0 0 0 0 0 0 0 0 0.0144928 0.15942 0 0.0289855 0 0 0 0 0 0 0 0 0 0 0 0.057971 0 0 0 0.0434783 0 0 0 0 0 0 0 0 0 0.057971 0 0.101449 0.0144928 0 0 0 0 0 0 0.0434783 0 0 0 0 0 0 0 0 0 0 0.0434783 0 0.0144928 0 0.0144928 0 0.0144928 0 0.0434783 0.057971 0.0434783 0 0.0144928 0 0 0 0 0 0.0289855 0 0 0.0144928 0 0 0 0 0 0.0144928 0 0 0 0.0144928 0 0 0 0.0289855 0.0144928 0.0144928 0 0.0144928 0.0144928 0.0724638 0.0144928 0.0144928 0 0 0 0 0 0 0 0 0 0 0 0 0 0.0144928 0 0 0.0869565 0 0 0 0 0.0144928 0 0.0144928 0 0 0 0.0144928 0.0144928 0 0.0289855 0 0.057971 0 0 0 0 0 0 0.0144928 0.0144928 0.0144928 0.0144928 0 0.0144928 0 0.0144928 0.0289855 0 0.0144928 0 0 0 0 0.0289855 0 0.0144928 0 0.0289855 0.0434783 0 0 0 0 0 0 0 0 0 0 0 
7 0 0 0.222222 0 0 0.111111 0 0 0 0 0 0 0 0 0 0 0 0 0 0 0 0 0 0 0 0 0.111111 0.111111 0 0 0 0 0 0 0 0 0 0 0 0 0 0.111111 0 0 0 0 0 0 0 0 0 0 0 0 0 0 0 0 0 0 0 0 0 0 0 0 0 0 0 0.111111 0 0 0 0 0 0 0 0 0.111111 0 0 0 0 0 0 0 0 0.111111 0 0 0 0 0 0 0 0 0 0 0 0 0 0 0 0 0 0 0 0 0 0 0 0 0 0 0 0 0 0 0 0 0 0 0 0 0 0 0 0 0 0 0 0.111111 0 0 0 0 0 0 0 0 0 0 0 0 0 0 0 0 0 0 0 0 0 0 0 0 0 0 0 0 0 0 0 0 0 0 0 0 0 0.111111 0 0 0 0 0 0 0 0.111111 0 0 0 0 0 0 0 0 0 0 0 0 0 0 0 0 0 0 0 0 0 0.111111 0 0 0 0 0 0 0 0 0 0 0 0 0 0 0 0 0 0 0 0 0 0 0 0 0 0 0 0.222222 0 0 0 0 0 0 0 0 0 0 0.222222 0.111111 
7 0 0.151515 0 0 0 0.030303 0 0 0 0.0606061 0 0 0 0.030303 0.0606061 0 0.0606061 0 0 0 0 0 0.030303 0 0 0 0 0 0 0 0 0 0 0 0 0 0 0 0 0 0 0 0 0 0.151515 0 0 0 0 0 0 0 0 0 0.030303 0 0 0 0 0 0 0 0 0 0 0 0 0.151515 0 0.0606061 0 0 0.0606061 0.030303 0 0 0 0 0 0 0 0 0 0 0 0 0 0 0 0 0 0 0 0 0.030303 0 0 0 0 0 0 0 0 0 0 0 0 0 0 0 0 0 0 0 0.0606061 0 0 0 0 0 0.0606061 0 0 0 0 0 0 0 0 0 0.0606061 0 0 0 0 0 0 0 0 0.030303 0 0.030303 0 0 0.030303 0 0 0 0 0 0 0 0 0 0 0 0 0 0 0.0606061 0 0 0 0 0 0 0.121212 0.030303 0 0 0 0 0 0 0 0 0 0 0 0 0 0 0 0 0 0 0 0 0 0 0 0 0 0 0 0 0 0.030303 0.0606061 0.030303 0 0 0 0 0 0 0 0 0 0.030303 0 0 0.0606061 0.121212 0.030303 0 0.030303 0 0 0 0 0 0 0.030303 0 0.030303 0.0909091 0 0 0 0 0 0 0 0 0 0 0 0.030303 0 
8 0 0 0 0 0 0 0 0 0 0 0 0 0 0 0 0.0833333 0 0.104167 0 0 0 0 0 0.0208333 0 0.125 0 0 0 0.0208333 0 0 0.0208333 0 0 0 0 0 0 0 0 0 0 0 0 0 0 0.0833333 0 0 0 0 0 0 0 0 0 0 0.0208333 0 0 0 0 0 0 0 0 0 0.0416667 0 0 0 0 0 0 0 0.125 0 0 0 0 0.0208333 0 0 0 0 0 0 0 0.0208333 0.0833333 0 0 0 0 0 0 0.0208333 0 0 0 0 0 0 0 0 0.125 0 0.0833333 0 0 0 0 0 0 0 0 0 0 0 0 0 0 0 0 0 0 0 0 0 0.0208333 0.0416667 0.104167 0 0.0833333 0.0416667 0 0 0 0 0 0.0416667 0 0 0 0 0 0.0208333 0 0 0.0208333 0 0.0208333 0 0 0.0208333 0 0 0 0 0.104167 0 0 0 0 0.0208333 0.0208333 0.0416667 0 0 0 0.0208333 0 0 0 0 0 0 0 0 0 0 0 0 0 0 0 0 0 0 0 0 0.0416667 0 0 0 0 0 0 0 0 0.0208333 0 0 0.0208333 0.0833333 0 0 0.0208333 0 0.104167 0 0 0 0 0 0 0 0 0 0 0 0 0 0.0416667 0 0 0 0.0208333 0 0.0208333 0 0 0 0 0 0 0 0 0 
8 0.0196078 0 0 0 0 0 0 0 0 0 0 0 0 0 0.0130719 0.0130719 0 0.0392157 0 0 0 0.00653595 0 0 0 0 0 0 0 0.00653595 0 0 0.00653595 0.0915033 0.0196078 0 0 0 0 0 0 0 0 0.0588235 0 0 0.00653595 0 0 0 0 0 0 0 0 0 0 0 0 0 0.00653595 0.104575 0 0 0 0.0130719 0 0 0 0 0.00653595 0 0 0 0 0 0 0 0.00653595 0 0 0 0 0 0 0 0 0 0 0 0.104575 0.0130719 0 0 0.00653595 0 0 0 0 0 0.0653595 0 0.0718954 0.248366 0 0.0130719 0.0261438 0 0.0130719 0 0 0 0 0 0 0 0 0.00653595 0 0.0130719 0 0 0.0196078 0.0130719 0.00653595 0.0130719 0.0130719 0 0.00653595 0 0 0 0 0 0 0.0261438 0 0 0 0 0.0849673 0.0326797 0.0130719 0 0 0 0 0.00653595 0 0 0.00653595 0 0.00653595 0 0 0.0392157 0.00653595 0 0.00653595 0 0 0.00653595 0 0 0 0.0849673 0.00653595 0.00653595 0 0 0 0 0 0.00653595 0 0 0.0130719 0 0 0 0 0 0 0 0 0 0.254902 0 0 0 0 0 0.0130719 0 0 0 0 0 0 0.00653595 0 0.00653595 0.00653595 0.0130719 0 0 0 0 0 0 0 0 0 0 0 0 0 0.0261438 0 0 0.0588235 0.00653595 0 0 0.0457516 0 0 0 0 0 0.0130719 0.0457516 0.0392157 0.0196078 0 0 0 0.0196078 0 0 
8 0 0 0 0 0 0 0 0 0 0 0 0 0 0 0 0.413793 0 0.0689655 0 0.0344828 0 0 0 0 0 0 0 0 0 0 0 0 0 0 0 0 0.0344828 0 0 0 0 0 0 0 0 0 0 0 0 0 0 0 0 0 0 0 0 0 0 0 0 0 0 0 0 0 0 0 0.137931 0 0 0 0 0 0 0 0 0 0 0 0 0 0 0 0 0 0 0 0 0.0344828 0 0 0 0 0 0 0 0 0 0 0 0 0 0 0 0 0.0344828 0 0.241379 0 0 0 0 0 0 0 0 0 0 0 0 0 0 0 0 0.0344828 0 0 0 0.0344828 0 0 0 0 0 0 0 0 0 0 0 0 0 0.0344828 0 0 0.0689655 0.0344828 0 0 0 0 0 0 0 0 0 0 0 0 0.103448 0 0 0 0 0 0.0344828 0.103448 0 0.0344828 0 0 0 0 0 0 0 0 0 0 0 0 0.103448 0 0 0 0 0 0 0 0 0 0.172414 0 0 0 0 0 0 0 0 0.103448 0 0 0 0 0 0 0 0 0 0 0 0 0 0.0689655 0 0 0 0 0 0 0 0 0 0 0 0 0 0 0.0689655 0 0 0 0 0 0 0 0 0 
8 0.00684932 0 0 0.0205479 0 0 0 0 0 0 0 0 0.0342466 0 0.0136986 0 0 0 0 0 0 0 0 0 0 0 0 0 0 0 0 0 0 0.0684932 0.0410959 0 0 0.00684932 0.0136986 0 0 0 0 0.00684932 0 0 0.00684932 0 0 0 0 0.0273973 0.0273973 0 0 0 0 0 0 0 0.0684932 0.0342466 0 0 0 0.0136986 0 0 0 0 0.0273973 0 0 0 0 0 0 0 0 0 0 0 0.00684932 0 0 0.00684932 0 0 0 0.00684932 0.136986 0.178082 0 0 0 0 0 0 0 0.0136986 0 0 0.0136986 0.0136986 0 0.136986 0 0 0.0136986 0 0 0 0 0.00684932 0 0 0 0.0479452 0 0 0 0 0.00684932 0.0273973 0 0.0273973 0 0 0 0 0 0 0 0.00684932 0 0.0136986 0 0 0 0 0.0616438 0 0.00684932 0.00684932 0.00684932 0.0410959 0 0.0136986 0 0 0 0 0 0 0 0.0958904 0 0 0 0 0 0.0136986 0 0 0 0.10274 0 0 0 0 0 0 0 0.0136986 0 0.10274 0.0684932 0 0 0.0205479 0.0273973 0 0 0 0 0 0.00684932 0 0 0 0 0 0 0 0 0 0 0 0 0 0 0.0136986 0 0.0273973 0.0684932 0 0 0 0 0 0 0 0 0 0 0 0 0.0136986 0 0 0.0753425 0 0 0 0.0342466 0 0 0 0 0 0 0.0479452 0.0136986 0 0 0 0 0.0342466 0 0 
9 0 0 0 0 0 0 0 0 0 0 0 0 0 0 0 0 0 0 0.25 0 0.5 0 0 0 0 0 0 0 0 0 0 0 0 0 0 0 0 0 0 0 0 0 0 0 0 0 0 0 0 0 0.25 0 0 0 0 0 0 0 0 0 0 0 0 0 0 0 0 0 0 0 0 0 0 0 0 0 0 0 0 0 0 0 0 0 0 0 0 0 0 0 0 0 0 0 0 0 0 0 0 0 0 0 0 0 0 0 0 0 0 0 0 0 0 0 0 0 0 0 0 0 0 0 0 0 0 0 0 0 0 0 0 0 0 0 0 0 0 0 0 0 0 0 0 0 0 0 0 0 0 0 0 0 0 0 0 0 0 0 0 0 0 0 0 0 0 0 0 0 0 0 0 0 0 0 0 0 0 0 0 0 0 0 0 0.5 0 0 0 0 0 0.25 0 0 0 0 0 0 0 0 0 0 0 0 0 0 0 0 0 0 0 0 0 0 0 0 0 0 0 0 0 0.25 0 0 0 0 0 0 0 0 0 0 0 0 0 0 0 0 0 0 0 0 
9 0 0 0 0 0 0 0 0 0 0 0 0 0 0 0 0 0 0 0.625 0 0 0 0 0 0 0 0 0 0 0 0 0 0 0 0 0 0 0 0 0 0 0 0 0 0 0 0 0 0 0 0 0 0 0 0 0 0 0.125 0 0 0 0 0 0 0 0 0 0 0 0 0 0.125 0 0 0 0 0 0 0 0 0 0 0 0 0 0 0 0.125 0 0 0 0 0 0 0 0 0 0 0 0 0 0 0 0 0 0 0 0 0 0 0 0 0 0 0 0 0 0 0 0 0 0 0 0 0 0 0 0 0 0 0 0 0 0 0 0 0 0 0 0 0 0 0 0 0.125 0 0 0 0 0 0 0 0 0 0 0 0 0 0 0 0 0 0 0 0 0 0 0 0 0 0 0 0 0 0 0 0 0 0 0 0 0 0 0.25 0 0 0 0 0 0 0 0 0 0 0 0 0 0 0 0 0 0 0 0 0 0 0.125 0 0 0 0 0 0 0 0 0 0 0 0 0.375 0 0 0 0 0 0 0 0 0 0 0 0 0 0 0 0 0 0 0 0.125 
9 0 0 0 0 0 0 0 0 0 0 0 0 0 0 0 0 0 0 0.714286 0 0 0 0 0 0 0 0 0 0 0 0 0 0 0 0 0 0 0 0 0 0 0 0 0 0 0 0 0 0 0.142857 0 0 0 0 0 0.142857 0 0 0 0 0 0 0 0 0 0 0 0 0 0 0 0 0 0 0 0 0 0 0 0 0 0 0 0 0 0 0 0 0 0 0 0 0 0 0 0 0 0 0 0 0 0 0 0 0 0 0 0 0 0 0 0 0 0 0 0 0 0 0 0 0 0 0 0 0 0 0 0 0 0 0 0 0 0 0 0 0 0 0 0 0 0 0 0 0 0 0 0 0 0 0 0 0 0.142857 0 0 0 0 0 0 0 0 0 0 0 0 0 0 0 0 0 0 0 0 0 0 0 0 0 0 0 0 0 0.428571 0 0 0 0 0 0 0 0 0 0 0 0 0 0.142857 0 0 0 0 0 0 0 0 0 0 0 0 0 0 0 0 0 0 0 0 0 0.285714 0 0 0 0 0 0 0 0 0 0 0 0 0 0 0 0 0 0 0 0 
9 0 0 0 0 0 0 0 0 0 0 0 0 0 0 0 0 0 0 0.75 0 0 0 0 0 0 0 0 0 0 0 0 0 0 0 0 0 0 0 0 0 0 0.25 0 0 0 0 0 0 0 0 0 0 0 0 0 0 0 0 0 0 0 0 0 0 0 0 0 0 0 0 0 0 0 0 0 0 0 0 0 0 0 0 0 0 0 0 0 0 0 0 0 0 0 0 0 0 0 0 0 0 0 0 0 0 0 0 0 0 0 0 0 0 0 0 0 0 0 0 0 0 0 0 0 0 0 0 0 0 0 0 0 0 0 0 0 0 0.125 0 0 0 0 0 0 0 0 0 0 0 0 0 0 0 0 0 0 0 0 0 0 0 0 0 0 0 0 0 0 0 0 0 0 0 0 0 0 0 0 0 0 0 0 0 0 0.625 0 0 0 0 0 0 0 0 0 0 0 0 0 0 0 0 0 0 0 0 0 0 0.25 0 0 0 0 0 0 0 0 0 0 0 0 0 0 0 0 0 0 0 0 0 0 0 0 0 0 0 0 0 0 0 0 0 
10 0 0 0 0 0 0.222222 0 0 0 0 0 0 0 0 0 0 0 0 0 0 0 0 0 0.222222 0 0.111111 0 0 0 0 0 0 0 0 0 0 0 0 0 0 0 0 0 0 0 0 0 0.111111 0 0 0 0 0 0 0 0.111111 0 0 0.111111 0 0 0 0 0 0 0 0 0 0 0.111111 0 0 0 0 0 0 0 0 0 0 0 0 0 0 0 0 0 0 0 0 0 0 0 0 0 0 0 0 0 0 0 0 0 0 0 0 0 0 0 0 0 0 0 0 0 0 0 0 0 0 0 0 0 0 0 0 0 0 0 0 0 0.111111 0 0 0 0 0 0 0 0 0 0 0 0 0 0 0 0 0 0 0 0 0 0 0 0 0 0 0.111111 0 0 0 0 0 0 0 0 0 0 0 0 0 0 0 0 0 0 0 0 0 0 0 0 0 0 0 0 0 0 0 0 0 0 0 0 0 0 0 0 0.222222 0 0.111111 0 0 0 0 0 0 0 0 0 0 0 0 0 0 0 0 0 0 0 0 0 0 0 0 0 0.111111 0 0.111111 0 0 0 0 0 0 0 0 0.111111 0.111111 
10 0 0 0.272727 0 0 0 0 0 0 0 0 0 0 0 0 0 0 0.0909091 0 0 0 0 0 0 0 0 0 0 0 0.0909091 0 0 0 0 0 0 0 0 0 0 0 0 0 0 0 0 0 0 0 0 0 0 0 0 0 0 0 0 0 0 0 0 0 0 0 0 0 0 0 0 0 0 0 0 0 0 0 0 0.181818 0 0 0 0 0 0 0 0.0909091 0 0 0 0 0 0 0 0 0 0 0 0 0 0 0 0 0 0 0 0 0 0.0909091 0 0 0 0 0 0.181818 0 0 0 0 0 0 0 0 0 0 0 0 0 0 0 0 0 0.0909091 0.0909091 0.0909091 0 0 0 0 0 0 0 0 0 0 0 0 0 0 0 0.0909091 0 0 0 0 0 0 0 0 0 0 0 0 0 0 0 0.0909091 0 0.0909091 0 0 0 0 0 0.0909091 0 0 0 0 0 0 0 0 0 0 0 0 0 0 0 0.0909091 0 0 0 0 0 0 0 0 0 0 0.0909091 0 0 0 0 0 0 0 0 0 0.0909091 0 0 0 0 0 0 0 0 0 0 0 0.0909091 0 0 0 0 0 0 0 0 0 0 0 0 0 0 0 0 
10 0 0 0 0 0 0.2 0 0 0 0 0 0 0 0 0 0 0 0 0 0.2 0 0.0666667 0 0 0 0 0 0 0 0 0 0 0.2 0 0 0.0666667 0.0666667 0 0 0 0 0 0 0 0 0 0 0 0 0 0 0 0.0666667 0 0 0 0 0 0 0.0666667 0 0 0 0 0 0 0 0 0 0 0 0 0 0 0 0 0 0 0.0666667 0 0 0 0 0 0 0 0 0 0 0 0 0 0 0 0 0 0 0 0 0 0 0 0 0 0 0 0 0 0 0 0 0 0 0 0 0 0 0 0 0 0 0 0 0 0 0 0 0 0 0.0666667 0 0 0 0 0 0 0 0.0666667 0 0 0 0 0 0 0 0 0 0 0 0 0.133333 0 0 0 0.0666667 0 0 0 0 0 0 0 0 0 0 0 0 0 0 0 0 0 0 0 0 0 0 0 0 0 0 0 0 0 0 0.133333 0 0 0 0.0666667 0 0 0 0 0 0 0 0 0 0.0666667 0 0 0 0 0 0 0 0 0 0 0 0 0.0666667 0 0 0.0666667 0 0 0 0 0 0 0 0.133333 0 0 0 0 0 0.0666667 0.0666667 0 0 0 0 0 0 0 0 0 
10 0 0 0 0 0 0 0.0227273 0 0 0 0.0227273 0 0.0227273 0.0227273 0.0454545 0.0909091 0 0 0 0 0 0 0 0 0 0 0 0 0 0 0 0 0 0 0 0 0 0.0909091 0 0 0 0 0 0 0 0 0 0 0.0454545 0 0 0 0 0 0 0 0 0 0 0.0454545 0.0681818 0 0.0227273 0 0.0227273 0 0 0 0.113636 0 0.0227273 0 0.0227273 0 0 0 0 0 0 0.0454545 0 0 0 0 0 0 0.0227273 0 0 0.0227273 0 0.159091 0 0 0 0 0 0 0 0 0 0 0 0 0 0 0 0 0.0227273 0 0 0 0 0 0 0 0.0227273 0.0227273 0 0 0 0 0.0454545 0 0 0 0 0 0.0227273 0 0 0 0 0 0 0.0227273 0 0 0.0227273 0 0.204545 0 0 0.0454545 0 0 0.0227273 0 0 0 0 0 0 0 0 0 0.0454545 0 0.0227273 0 0 0 0.0227273 0 0 0.0227273 0 0.0454545 0 0 0 0 0 0.0681818 0 0 0.0227273 0 0 0 0 0 0 0 0 0.0454545 0 0 0 0 0 0 0.0681818 0 0 0 0 0 0.0681818 0 0 0 0 0 0 0.0227273 0 0 0 0.0227273 0 0.0227273 0.0227273 0 0 0.0227273 0 0 0 0 0 0 0 0 0 0 0 0 0 0 0 0 0 0 0 0 0 0.0681818 0 0 
11 0 0 0 0 0 0 0 0 0 0 0 0 0 0 0 0 0 0 0.222222 0 0 0.111111 0 0 0 0.111111 0 0 0 0 0 0 0 0 0 0 0 0 0 0 0 0 0 0 0 0 0 0 0 0 0 0 0 0 0 0 0 0 0 0 0 0 0 0 0 0 0 0 0 0 0 0 0 0 0 0 0 0 0.111111 0 0 0.111111 0 0 0 0 0 0 0 0 0 0 0 0 0 0 0 0 0 0 0 0 0 0 0 0 0 0 0 0 0.333333 0 0 0 0 0 0 0 0 0 0 0 0 0 0 0 0 0 0 0.111111 0 0 0 0 0 0 0 0 0.111111 0 0 0 0 0 0 0 0 0 0 0 0 0.111111 0 0 0 0 0 0 0 0 0.111111 0 0 0 0 0 0 0 0.111111 0.111111 0 0 0 0 0 0 0 0 0.111111 0 0 0 0 0 0 0 0 0 0 0 0 0 0 0 0 0 0 0 0 0 0 0 0 0 0 0 0.111111 0 0 0 0 0 0 0 0 0 0 0 0.111111 0 0 0 0 0 0 0 0 0 0 0 0 0 0 0 0 0 0 0 0 0 
11 0 0 0 0 0 0 0 0 0 0 0 0 0 0 0 0 0 0.0909091 0.181818 0 0 0.0909091 0 0 0 0 0 0 0 0 0 0 0.0909091 0 0 0 0 0 0 0 0 0 0 0 0 0 0 0 0 0 0 0 0 0 0 0 0 0 0 0 0 0 0 0 0 0 0 0 0 0 0 0 0 0 0 0 0 0 0 0 0.545455 0 0 0 0 0 0 0 0 0 0 0 0 0 0 0 0 0 0 0 0 0 0 0 0 0 0 0 0 0 0 0 0 0 0 0 0 0 0 0 0 0 0 0 0 0 0 0 0 0 0 0 0 0 0 0 0 0 0 0 0 0 0 0 0 0 0 0.181818 0 0 0 0 0 0 0 0 0 0 0 0 0 0 0 0 0.181818 0 0 0 0 0 0 0 0 0 0 0 0 0 0.0909091 0 0 0 0 0 0 0 0 0 0 0 0 0 0 0 0 0 0 0 0 0.0909091 0 0.0909091 0 0 0 0 0.0909091 0 0 0 0 0 0 0 0 0 0 0 0 0 0 0 0.0909091 0 0 0 0 0 0 0 0 0 0 0 0 0 0 0 0 0.181818 
11 0 0 0 0 0 0.111111 0 0 0 0 0 0 0 0 0 0 0 0 0.111111 0 0 0.111111 0 0 0 0 0 0 0 0 0 0 0 0 0 0 0 0 0 0 0.111111 0 0 0 0 0 0 0 0 0 0.222222 0 0 0 0 0 0 0 0 0 0 0 0 0 0 0 0 0 0 0 0 0 0 0 0 0 0 0 0 0 0 0 0 0 0 0 0 0 0.222222 0 0 0 0 0 0 0 0 0 0 0 0 0 0 0 0 0 0 0 0.111111 0 0 0 0 0 0 0 0 0 0 0 0 0 0 0 0 0 0 0 0 0 0 0 0.111111 0 0 0 0 0 0 0 0 0 0 0 0 0 0 0.111111 0 0 0 0 0 0 0 0 0 0 0 0 0 0 0 0 0.111111 0 0 0 0 0 0 0 0 0 0 0 0 0 0 0 0 0 0 0 0.222222 0 0 0 0 0.222222 0 0 0 0 0 0 0 0 0 0 0 0 0 0 0 0 0.111111 0 0 0 0 0 0 0 0 0 0 0 0 0 0 0 0.111111 0 0 0 0 0 0 0 0 0 0 0 0 0 0 0 0 0 
11 0 0 0 0 0 0.272727 0 0 0 0 0 0 0 0 0 0 0 0.0909091 0 0.0909091 0 0 0 0 0 0.181818 0 0 0 0 0 0 0 0 0 0 0 0 0 0 0 0 0 0 0 0 0 0 0 0 0 0 0 0 0 0 0 0 0 0 0 0 0 0 0 0 0 0 0 0 0 0 0 0 0 0 0 0 0.0909091 0 0.0909091 0 0 0 0 0 0 0 0 0 0 0 0 0 0 0 0 0 0 0 0 0 0 0 0 0 0 0 0 0 0.0909091 0 0 0 0 0 0 0 0.0909091 0 0 0 0 0 0 0 0 0 0 0.0909091 0 0 0 0 0 0 0 0 0 0 0 0 0 0 0 0 0 0.181818 0 0 0 0 0 0 0 0 0 0 0 0 0 0 0 0 0.0909091 0 0 0.0909091 0.0909091 0.181818 0 0 0 0 0.0909091 0 0 0 0.0909091 0 0 0 0 0 0 0 0 0 0 0 0 0 0 0 0 0 0 0 0 0.0909091 0 0 0 0 0 0 0 0 0 0 0 0 0 0 0 0 0 0 0 0 0 0 0 0 0 0 0 0 0 0 0 0 0 0 0 0 0 0 0 0 
12 0 0 0 0 0 0 0 0 0 0 0 0 0 0 0 0.0851064 0 0.255319 0 0 0 0.0425532 0 0 0 0.0425532 0 0 0 0.0638298 0 0 0.0425532 0 0 0 0 0 0 0 0 0 0 0 0 0 0 0.0425532 0 0 0 0 0 0 0 0 0 0 0.0212766 0 0 0 0 0.12766 0 0 0 0 0.0212766 0 0 0 0 0 0 0 0.0638298 0 0.0212766 0 0 0 0 0 0 0 0 0 0.0212766 0 0 0 0 0 0 0 0 0 0 0 0 0 0 0 0.0212766 0 0.0638298 0 0.0425532 0 0.0212766 0 0 0 0 0 0 0 0 0 0 0.0212766 0 0 0 0 0 0 0 0.106383 0.0425532 0 0.0851064 0 0 0 0 0 0 0 0 0.0425532 0 0 0 0 0 0.0212766 0 0 0.0212766 0 0.0212766 0 0 0 0.0425532 0 0.0425532 0 0.12766 0 0.0212766 0 0 0 0.0425532 0 0 0 0 0.0212766 0 0 0 0 0 0 0 0 0 0 0.0212766 0 0 0.0638298 0 0 0 0 0 0 0.0425532 0 0 0 0 0 0 0 0 0 0 0 0 0.0212766 0 0 0 0.0212766 0.0212766 0.0212766 0 0 0 0 0 0 0 0 0 0 0 0 0 0 0 0 0.0212766 0 0.0425532 0 0 0 0 0.0425532 0 0 0 0.0212766 
12 0 0 0 0 0 0 0 0 0 0 0 0 0 0.0147059 0 0.0735294 0 0.279412 0 0 0 0 0 0 0 0 0 0.0147059 0 0 0 0 0.0147059 0 0 0 0 0 0 0 0 0 0 0.132353 0 0 0 0 0 0 0 0 0 0 0 0 0 0 0.0441176 0 0 0.0147059 0 0.0588235 0 0 0 0 0.0147059 0 0 0 0 0 0 0 0.102941 0 0 0 0 0 0.0147059 0 0 0 0 0 0 0 0 0 0 0 0.0294118 0 0 0 0 0 0 0 0.0588235 0.0588235 0 0 0.0588235 0 0 0 0.0147059 0 0 0 0 0 0 0 0 0 0 0.0147059 0 0.0294118 0 0.0294118 0 0 0 0.0147059 0 0 0.0588235 0.0147059 0.0147059 0.0441176 0 0 0.0147059 0 0 0 0 0 0.0441176 0.0294118 0.0147059 0.0147059 0 0 0 0 0.0294118 0 0 0 0 0 0 0 0.0882353 0.0147059 0 0 0 0.0147059 0.0294118 0.0147059 0 0.0147059 0 0 0 0 0 0 0 0 0 0 0 0 0.0147059 0 0 0.0294118 0.0441176 0 0 0 0 0 0.0294118 0 0 0 0 0 0 0 0 0.0147059 0 0.0147059 0.0147059 0.0147059 0 0 0.0441176 0.0147059 0 0.0441176 0 0.0147059 0 0.0147059 0.0147059 0 0 0 0 0.0147059 0 0 0.0588235 0 0 0 0 0 0.0147059 0 0 0 0 0.0147059 0.0147059 0 0 0.0147059 
12 0 0 0 0 0 0 0 0 0 0 0 0 0 0 0 0 0 0.0625 0.03125 0 0 0 0 0 0 0.09375 0 0.03125 0 0.125 0 0 0 0 0 0 0 0 0 0 0 0 0 0 0 0 0 0 0 0 0 0 0 0 0 0 0 0 0 0 0 0 0 0.375 0 0 0 0 0 0 0 0 0 0 0 0.03125 0 0 0 0 0.03125 0 0.0625 0 0 0 0 0 0 0 0 0 0 0 0 0.03125 0 0 0 0 0 0 0 0 0 0 0 0 0 0 0.03125 0 0 0 0 0 0.09375 0 0 0 0 0 0 0 0 0 0 0.03125 0 0.0625 0 0 0 0 0 0 0 0.03125 0 0 0 0 0 0 0 0 0.28125 0 0 0 0 0.03125 0 0 0 0 0.09375 0 0 0 0.09375 0 0 0 0 0 0 0 0 0 0 0 0 0 0 0 0 0 0 0 0 0 0 0 0 0 0 0.03125 0 0 0 0 0 0 0 0 0 0 0 0 0 0 0.03125 0 0 0 0 0 0.03125 0 0 0 0 0.03125 0.03125 0.03125 0 0 0 0.03125 0 0.09375 0 0 0 0 0 0 0.0625 0 0 0 0 0 0 0 0 0 0 0 
12 0 0.015625 0 0 0 0 0.015625 0 0 0 0.046875 0 0 0.03125 0.015625 0.03125 0 0 0.015625 0 0 0 0 0 0 0.046875 0 0 0.03125 0 0 0 0 0 0.03125 0 0.015625 0 0.03125 0 0 0 0 0.015625 0 0 0 0 0 0 0 0 0 0 0 0 0 0 0 0 0 0 0 0.203125 0.046875 0 0 0 0.015625 0 0.015625 0 0 0 0 0 0 0 0 0.015625 0 0.015625 0.015625 0 0.046875 0.015625 0 0 0 0 0 0 0 0.015625 0.03125 0.078125 0 0 0 0 0 0 0 0 0.015625 0 0 0 0 0 0 0 0 0.109375 0 0 0.015625 0 0 0 0 0.046875 0 0.015625 0.015625 0.046875 0 0 0 0.03125 0 0 0 0.015625 0 0 0 0 0 0 0 0 0 0.015625 0.0625 0 0.140625 0 0 0 0 0 0.015625 0 0 0 0.015625 0 0 0 0.03125 0 0.015625 0 0 0.015625 0 0.03125 0 0 0 0 0 0.046875 0.015625 0 0.109375 0 0 0 0 0 0.015625 0 0.015625 0 0 0 0 0 0 0 0.046875 0 0 0.078125 0 0 0 0 0 0.03125 0 0 0 0 0 0 0 0 0 0 0 0 0 0.015625 0 0.015625 0 0 0 0 0 0 0 0 0 0 0.015625 0 0 0 0 0.015625 0 0.046875 0.015625 0 0 0 
13 0.0486111 0 0 0.0625 0 0 0 0 0.0138889 0.00694444 0 0.0138889 0.00694444 0.00694444 0.0138889 0 0 0 0 0 0 0 0 0 0 0 0.00694444 0 0.00694444 0.0416667 0 0 0 0.125 0.0138889 0 0 0 0 0 0.00694444 0 0 0 0.0138889 0 0.00694444 0.00694444 0 0 0 0.0138889 0 0 0 0 0 0 0.00694444 0 0.0277778 0.00694444 0 0.00694444 0 0.0416667 0 0 0 0 0.0138889 0 0 0 0 0 0 0 0 0 0 0 0.00694444 0 0 0 0 0 0 0 0.0486111 0.0208333 0 0.0625 0 0.0347222 0 0 0.0138889 0 0.0416667 0 0.00694444 0.0138889 0 0 0.0208333 0 0.0277778 0 0 0 0 0 0 0 0 0 0 0.180556 0 0 0.0208333 0 0 0 0.00694444 0 0.00694444 0 0.00694444 0 0.00694444 0 0.0138889 0 0 0 0 0.0138889 0.118056 0.0277778 0.0416667 0.0208333 0.00694444 0 0 0 0 0 0 0 0.0208333 0 0 0.0208333 0.0138889 0 0 0.00694444 0 0.0138889 0 0 0 0.145833 0.00694444 0.0277778 0 0 0 0 0 0.0138889 0 0 0 0 0 0.0277778 0 0 0 0 0 0 0.0486111 0 0.0208333 0 0 0 0 0 0 0.00694444 0 0 0.0138889 0 0 0.0138889 0 0.00694444 0.00694444 0.00694444 0.00694444 0 0.0138889 0.00694444 0 0 0 0.00694444 0 0 0 0.0138889 0 0 0.0763889 0.00694444 0 0 0.0208333 0.0138889 0 0 0 0 0.00694444 0.0625 0.0416667 0 0 0 0 0 0 0.00694444 
13 0 0 0.0227273 0 0 0 0 0 0 0 0 0 0 0 0 0 0 0 0 0 0 0 0 0.159091 0 0.0227273 0.25 0 0 0 0 0 0 0 0 0 0 0 0 0 0 0 0 0 0 0 0 0.0227273 0 0 0 0 0 0 0 0 0 0 0.0227273 0 0 0 0 0 0 0 0 0 0 0.0454545 0 0 0 0 0 0 0 0 0 0 0 0.0227273 0 0 0 0 0 0 0 0 0 0 0 0 0 0 0.0227273 0 0 0 0 0 0 0 0 0 0 0.409091 0 0 0 0 0 0 0 0 0 0 0 0 0.0454545 0 0 0 0 0 0 0.204545 0 0 0.113636 0 0.0454545 0 0 0 0 0 0 0 0 0.0227273 0 0 0 0 0 0 0 0 0 0.0227273 0 0 0 0 0 0 0 0 0 0 0 0 0 0 0 0 0 0 0.159091 0 0 0 0 0 0 0 0 0 0 0 0 0 0 0.0227273 0 0 0 0 0 0 0 0 0.0227273 0 0.0227273 0 0 0 0 0 0.0454545 0 0 0 0 0 0.136364 0 0 0 0 0 0 0 0 0 0 0 0 0 0 0 0 0.113636 0 0.0227273 0 0 0 0 0 0 0 0 0 0 0 0 
13 0.0350877 0 0 0 0 0 0.0175439 0 0 0.0438596 0.0438596 0.00877193 0 0.00877193 0.00877193 0 0 0 0.0263158 0 0 0 0 0 0 0 0 0.00877193 0 0 0 0 0 0.315789 0.166667 0 0 0 0 0.0175439 0 0 0 0.0263158 0 0 0.0350877 0 0 0 0 0 0.00877193 0 0 0.0263158 0.0350877 0 0 0 0 0 0 0 0.00877193 0 0 0 0 0 0 0 0.00877193 0 0 0 0 0 0 0.0175439 0 0 0.00877193 0 0 0 0 0 0 0 0.00877193 0.00877193 0 0.0263158 0.0175439 0 0 0 0 0 0.00877193 0 0 0 0 0.0175439 0 0 0 0 0 0 0 0.0263158 0 0 0.00877193 0 0 0 0.00877193 0 0 0 0 0 0.0175439 0 0.0789474 0 0 0 0 0 0.00877193 0 0 0 0 0.00877193 0.0877193 0 0 0.0175439 0.00877193 0 0 0 0 0 0 0 0 0.00877193 0 0.0175439 0 0 0.0789474 0 0 0.0175439 0 0 0.00877193 0.175439 0.0175439 0.0263158 0 0 0 0.00877193 0 0.00877193 0 0 0.00877193 0 0 0.0350877 0 0 0 0.0175439 0 0 0 0 0 0 0 0 0 0 0 0.00877193 0 0 0 0 0 0 0 0 0 0 0 0 0 0.0175439 0 0 0 0 0.0263158 0 0 0.00877193 0 0.0263158 0.0877193 0 0 0 0 0.0175439 0 0 0 0 0 0.0263158 0.0964912 0 0 0 0 0.0175439 0 0 
13 0 0 0 0 0 0 0 0 0.0238095 0 0 0 0 0.0238095 0 0 0 0 0.0238095 0 0 0 0.0238095 0 0.119048 0 0 0.166667 0 0 0 0 0 0 0 0 0 0 0 0 0 0 0 0 0.0238095 0 0 0 0 0 0 0 0 0 0 0 0 0 0 0 0 0 0 0 0 0 0 0 0 0.0238095 0 0 0 0 0 0.047619 0 0 0 0 0 0 0 0 0 0 0 0 0 0 0 0 0 0 0.0238095 0 0.261905 0 0 0 0 0 0 0 0 0 0 0.238095 0 0 0 0 0 0 0 0 0 0 0 0 0.285714 0 0 0 0 0 0 0.0952381 0 0 0.047619 0 0 0 0 0 0 0.047619 0 0 0 0 0 0.0238095 0 0 0 0 0 0 0 0 0 0 0 0 0 0 0 0 0 0 0 0.0238095 0 0 0.0238095 0 0 0 0.0238095 0 0 0 0 0 0 0 0 0 0 0 0 0 0 0.0238095 0 0 0 0 0 0 0 0 0 0 0 0 0 0 0 0 0 0 0 0 0 0 0.119048 0 0 0 0 0.0238095 0 0 0.0238095 0 0 0 0 0.0238095 0 0 0 0.214286 0 0 0 0 0 0 0 0 0 0 0 0 0 0 
14 0 0 0 0 0 0 0 0 0 0 0 0 0 0 0 0 0 0 0 0 0 0 0 0 0 0.444444 0 0 0 0 0 0 0 0 0 0 0 0 0 0 0 0 0 0 0 0 0 0 0 0 0 0 0 0 0 0 0 0 0 0 0 0 0 0 0 0 0.222222 0 0 0 0 0 0 0 0 0 0 0 0.111111 0 0 0.111111 0 0 0 0 0 0 0 0 0 0 0.111111 0 0 0 0 0 0 0 0 0 0 0 0 0 0 0 0 0 0 0 0 0 0 0 0 0 0 0 0 0 0 0 0 0 0 0 0 0 0 0 0 0 0 0 0 0 0 0 0 0 0 0 0 0 0 0 0 0 0 0 0 0 0 0 0 0 0 0 0 0 0 0 0 0 0 0 0 0 0 0 0 0 0 0 0 0 0.111111 0 0 0 0 0 0 0 0 0 0 0 0 0 0 0 0.111111 0 0.666667 0 0 0.111111 0 0 0 0 0 0 0 0 0 0 0 0 0 0 0 0 0 0 0 0 0 0 0 0 0 0 0 0 0 0 0 0 0 0 0 0 0 0 0 0 
14 0 0 0 0 0 0 0 0 0 0 0 0 0 0 0 0 0 0 0 0 0 0 0 0.125 0 0 0 0 0 0 0 0 0 0 0 0 0 0 0 0 0 0 0 0 0 0 0 0 0 0 0 0 0 0 0 0 0 0 0 0 0 0 0 0 0 0 0 0 0 0 0 0 0 0 0 0 0 0 0.125 0 0 0 0 0 0 0 0 0 0 0 0 0 0 0 0 0 0 0 0 0 0 0 0 0 0 0 0 0 0 0 0.625 0.125 0 0 0 0 0 0 0 0 0 0 0 0 0 0 0 0 0 0 0 0 0 0 0 0 0 0 0 0 0 0 0 0 0 0 0 0 0 0 0 0.375 0 0 0 0 0 0 0 0 0 0 0 0 0 0 0 0 0.125 0 0 0 0 0 0 0 0 0 0.25 0 0 0 0 0 0 0 0 0 0 0 0 0 0 0 0 0 0 0 0 0 0 0.125 0 0 0 0 0 0 0 0 0 0.125 0 0 0 0 0 0 0 0 0 0 0 0 0 0 0 0 0 0 0 0 0 0 0 0 0 0 0 0 
14 0 0 0 0 0 0 0 0 0 0 0 0 0 0 0 0 0 0 0.5 0 0 0 0 0 0 0.1 0 0 0 0 0 0 0 0 0 0 0 0 0 0 0 0 0 0 0 0 0 0 0 0 0.1 0 0 0 0 0 0 0 0 0 0 0 0 0 0 0 0 0 0 0 0 0 0 0 0 0 0 0 0 0 0.2 0 0 0 0 0 0 0 0 0 0 0 0 0 0 0 0 0 0 0 0 0 0 0 0 0 0 0 0.1 0 0 0 0 0 0 0 0 0 0 0 0 0 0 0 0.1 0 0 0 0 0 0 0.1 0 0 0 0 0.1 0 0 0 0 0 0 0 0 0 0 0.1 0 0.1 0 0 0 0 0 0 0 0 0 0 0 0 0 0 0 0 0 0 0 0 0 0 0 0 0 0 0 0 0.2 0 0 0 0 0 0 0 0 0 0 0.1 0 0 0 0 0 0 0 0 0 0 0 0 0 0 0 0 0.1 0 0 0 0 0 0 0 0 0 0 0 0 0.1 0 0 0 0 0 0 0 0 0 0 0 0 0 0 0 0 0 0 0 0 
14 0 0 0 0 0 0 0 0 0 0 0 0 0 0 0 0 0 0.1 0 0 0 0 0 0 0 0 0 0 0 0 0 0 0 0 0 0 0 0 0 0 0 0 0 0 0 0 0 0 0 0 0 0 0 0 0 0 0 0 0 0 0 0 0 0 0 0 0 0 0 0 0 0 0 0 0 0 0 0 0.5 0 0.3 0 0 0 0 0 0 0 0 0 0 0 0 0 0 0 0 0 0 0 0 0 0 0 0 0 0 0 0 0 0 0 0 0 0 0 0 0 0.1 0 0 0 0 0 0 0 0 0 0 0 0 0 0 0.1 0 0 0 0 0 0 0 0 0 0 0 0 0 0 0 0 0 0 0 0 0 0 0 0 0 0 0 0 0 0 0 0 0 0 0.2 0 0 0 0 0 0 0 0 0 0 0 0 0 0 0 0 0 0 0 0 0.2 0 0 0 0 0 0 0 0 0 0.1 0 0.2 0 0 0 0 0 0 0 0 0 0 0 0 0 0 0 0 0 0 0 0 0.1 0 0 0 0 0 0 0 0 0 0 0 0 0 0 0 0 0.1 
15 0 0 0 0 0 0 0 0 0 0 0 0 0.016129 0 0 0.0322581 0 0 0 0 0 0 0 0 0 0 0 0 0 0 0 0 0 0 0 0 0 0.016129 0 0.16129 0 0 0 0.0483871 0 0 0 0 0 0 0 0.016129 0.0322581 0 0 0 0 0 0 0 0.0806452 0 0 0 0 0 0 0 0.0645161 0 0 0.0806452 0 0 0 0 0.016129 0 0 0 0 0 0 0 0 0.016129 0 0 0.016129 0 0.145161 0.0645161 0 0 0 0 0 0 0 0 0 0 0.0483871 0.0967742 0 0.016129 0 0 0.016129 0 0 0 0 0 0 0 0 0.016129 0 0 0 0 0 0 0 0 0 0 0 0.0322581 0.0322581 0 0 0 0.0967742 0.016129 0 0 0 0 0 0.0322581 0 0 0 0 0 0 0 0 0 0 0 0 0 0 0 0 0 0 0 0 0 0 0 0.0483871 0 0 0 0 0.016129 0 0 0 0 0 0 0 0 0 0 0 0 0 0 0 0.580645 0 0 0 0 0 0 0 0 0 0 0 0 0 0 0 0 0 0 0 0 0 0.016129 0 0.0322581 0 0 0 0 0.0483871 0 0 0 0 0 0.016129 0 0 0.016129 0 0 0 0 0 0.016129 0 0 0 0 0 0 0 0 0 
15 0.0140845 0 0 0 0 0 0 0 0.0140845 0.028169 0 0 0.0140845 0 0 0.0704225 0 0.0422535 0.0140845 0 0 0 0 0.0140845 0 0 0 0 0 0.056338 0.0140845 0 0.0140845 0.056338 0 0 0 0 0 0.0140845 0 0 0 0.0140845 0 0 0 0.0140845 0 0 0 0 0 0 0 0 0 0 0 0 0.140845 0 0 0 0 0 0 0 0.028169 0 0.0140845 0 0 0 0 0 0 0 0 0 0 0 0 0 0 0 0 0 0 0 0.112676 0.169014 0 0 0.0140845 0 0 0 0 0 0 0 0.056338 0.0140845 0 0.0140845 0.0140845 0 0.0140845 0 0 0 0 0 0 0 0 0.0140845 0 0 0 0 0 0.0140845 0 0.0140845 0 0 0 0 0 0.0704225 0 0 0.028169 0 0 0 0 0 0 0 0 0 0 0 0 0 0 0 0.028169 0 0 0 0 0.0704225 0 0 0 0.0140845 0 0 0.028169 0 0 0.0140845 0 0 0 0 0.0140845 0 0 0 0 0.0704225 0 0 0 0 0 0 0 0 0 0 0.323944 0.028169 0 0 0 0 0 0 0 0 0 0 0 0 0 0 0.028169 0.0140845 0 0.028169 0 0 0 0 0.028169 0 0 0 0 0 0 0.0140845 0 0.028169 0.0422535 0 0 0 0.0140845 0 0 0 0 0 0.028169 0.028169 0 0 0 0 0 0.028169 0 0 
15 0.0232558 0 0 0 0 0 0 0 0 0 0 0 0.116279 0 0 0 0 0 0 0 0 0 0 0 0 0 0 0 0 0 0 0 0.0232558 0 0.0930233 0 0 0 0 0.116279 0 0.0232558 0 0 0 0.0232558 0.0697674 0 0 0 0 0 0.0465116 0 0 0 0 0 0 0 0.0930233 0 0 0 0.116279 0.0930233 0 0 0.0232558 0 0 0.0232558 0 0 0 0 0 0 0 0 0 0 0 0 0 0 0 0 0 0 0.0232558 0.0697674 0 0 0 0 0 0 0 0 0 0 0 0 0 0 0 0 0.0232558 0 0 0 0 0 0 0 0 0 0 0 0.0697674 0 0.116279 0 0 0 0 0 0 0 0 0 0 0 0.0232558 0 0 0 0 0.0697674 0.162791 0 0 0 0 0 0 0 0 0 0.0465116 0 0 0 0 0 0 0 0 0 0 0 0.0697674 0 0 0.0465116 0 0 0 0 0 0 0 0 0 0 0 0 0 0.0232558 0 0 0 0.0232558 0 0 0 0 0.0232558 0 0 0 0.0232558 0 0 0 0 0.0232558 0.116279 0 0 0 0 0 0 0 0 0 0 0.0232558 0 0 0 0 0 0 0 0 0 0 0.0232558 0 0 0 0 0 0 0.0232558 0 0 0.0232558 0 0.0697674 0 0 0 0 0 0 0 
15 0 0 0 0 0 0 0 0 0 0 0 0 0 0 0.05 0.175 0 0 0 0.075 0 0 0 0 0 0 0 0 0 0 0 0 0.025 0 0 0 0 0 0.05 0.025 0 0 0 0 0 0 0 0 0 0 0 0 0 0 0 0 0 0 0 0.025 0 0 0 0 0.2 0 0 0 0.05 0 0 0 0 0 0 0 0 0.05 0 0 0 0 0 0 0.2 0 0.025 0 0 0 0 0 0 0 0 0 0 0 0 0 0 0 0 0 0 0 0 0 0.05 0 0 0 0 0 0 0 0 0 0 0 0 0 0 0 0 0 0 0.025 0 0 0 0 0 0 0 0 0 0 0 0 0.15 0.025 0 0 0 0 0 0 0 0 0.125 0 0 0 0 0 0.025 0 0 0 0 0 0.025 0 0 0 0.1 0.025 0 0 0 0 0 0.05 0 0 0 0 0 0 0 0 0 0 0 0 0 0 0 0 0 0 0.175 0 0 0 0 0 0 0 0 0 0 0 0 0 0 0 0.025 0.1 0 0 0 0 0 0.025 0.025 0 0 0 0 0 0 0 0 0 0 0 0 0 0 0.05 0 0 0 0 0 0.05 0 0 
16 0 0 0 0 0 0.0166667 0 0 0 0 0.0166667 0 0 0 0.0166667 0.0166667 0 0.0166667 0.0166667 0 0 0 0 0 0 0.05 0 0 0 0 0 0 0 0 0 0 0.05 0 0 0 0 0 0 0 0 0.0333333 0 0.15 0 0 0 0 0 0 0 0 0.0166667 0 0.05 0 0 0.0833333 0 0 0 0 0 0 0 0 0 0 0 0 0 0 0.0333333 0 0 0 0 0 0 0 0 0 0 0 0 0 0.0833333 0 0 0 0.15 0 0 0 0 0 0 0 0.0833333 0.0333333 0 0 0.0833333 0 0 0 0 0 0 0 0 0 0 0 0 0 0 0 0.0666667 0.0166667 0 0 0 0 0 0 0.05 0 0 0.0333333 0 0.0333333 0 0 0 0 0 0 0 0.0666667 0 0 0.0166667 0 0 0 0 0 0 0 0 0 0.05 0 0.0166667 0 0 0.0666667 0.0166667 0 0 0.0333333 0 0.05 0 0 0 0 0 0.05 0 0 0.0666667 0 0.0166667 0.0166667 0 0 0 0.0166667 0 0 0.05 0 0 0 0.0166667 0 0.0333333 0 0 0.0666667 0 0 0 0 0 0.0166667 0 0 0 0 0 0 0 0.0333333 0 0 0 0 0 0.0166667 0 0 0 0 0.0333333 0.0166667 0 0 0 0 0 0 0 0 0 0 0 0 0 0 0.0166667 0.0166667 0 0 
16 0.0632911 0 0 0 0.0632911 0 0 0.113924 0 0 0.0126582 0 0 0.0126582 0 0.0506329 0 0.0253165 0 0.0126582 0 0.0126582 0 0 0 0 0 0 0 0 0 0 0.0126582 0.0379747 0 0 0 0 0 0 0 0 0 0.0126582 0 0 0 0.0126582 0 0 0 0 0 0 0 0 0 0 0 0 0 0.101266 0 0 0 0 0 0 0 0 0 0 0 0 0 0 0.0506329 0 0 0 0 0 0 0 0 0 0 0 0 0 0.113924 0 0.0253165 0.0126582 0.0759494 0 0 0 0 0 0.0126582 0 0.0759494 0 0.0253165 0 0.0506329 0 0 0 0 0 0.0126582 0 0 0 0 0 0 0 0 0 0 0.0126582 0 0.0126582 0 0 0 0 0 0 0.0253165 0.0253165 0 0 0 0 0 0 0.0253165 0 0 0 0 0.0506329 0 0.0379747 0 0 0 0 0 0 0 0.0253165 0.0506329 0 0 0 0.0506329 0.0126582 0.0126582 0 0 0.0126582 0.0253165 0 0 0 0 0 0 0.126582 0 0.0379747 0.0759494 0 0 0 0 0 0 0.0126582 0 0.0379747 0 0 0.0126582 0.0126582 0 0 0.0506329 0 0 0 0 0 0 0 0 0 0 0 0.0379747 0.0126582 0.0506329 0.0126582 0 0.0253165 0 0 0 0.0126582 0 0 0.0126582 0 0 0 0.0253165 0 0 0 0 0 0 0 0.0126582 0 0.0126582 0.0126582 0 0 0 0 0 0.0253165 0 0 
16 0 0 0 0 0 0 0 0 0 0 0 0 0 0 0.130435 0 0 0 0 0.173913 0 0 0 0 0 0 0 0.0434783 0 0 0 0 0 0 0 0 0 0 0 0.0434783 0 0 0 0 0 0 0 0 0 0 0 0 0.130435 0 0 0 0.0434783 0 0 0 0 0 0 0 0 0 0 0 0.0434783 0 0 0 0 0 0 0 0 0 0 0 0 0 0 0 0 0 0.0434783 0.0434783 0 0 0 0 0 0 0 0.26087 0 0 0 0 0 0 0 0 0 0 0 0 0 0 0 0 0 0 0.0434783 0 0 0 0 0 0 0.0434783 0 0 0 0.0434783 0 0 0 0 0 0 0.0434783 0.0434783 0 0 0 0 0 0 0 0 0 0 0 0 0 0 0 0 0 0 0 0 0 0 0.130435 0 0 0 0.0434783 0.0434783 0 0 0.0434783 0 0.0869565 0.217391 0 0 0 0 0 0 0 0 0 0 0 0 0 0 0 0 0 0 0 0 0 0 0 0 0.0434783 0 0 0 0 0 0 0 0 0.0434783 0 0 0 0 0 0 0 0.0434783 0 0 0 0.0434783 0 0 0 0 0 0 0 0.0869565 0 0 0 0 0 0 0 0 0 0 0 0 0 0 0 0 0 0 
16 0 0 0 0 0 0 0 0 0 0 0.103448 0 0 0 0.0689655 0.0344828 0.0689655 0 0 0.0344828 0 0 0.0344828 0.0344828 0 0 0 0 0 0 0 0 0.0689655 0.0689655 0 0 0.0344828 0 0 0 0 0.0344828 0 0 0 0.0344828 0 0 0 0 0 0 0 0 0 0 0 0 0 0 0 0 0 0 0.0689655 0 0 0 0 0 0 0 0.0344828 0 0 0 0 0 0.0344828 0 0 0 0 0 0 0 0 0 0 0 0 0 0 0 0.0344828 0 0 0 0 0 0 0 0 0 0 0.206897 0 0 0 0 0 0 0 0 0 0 0 0 0 0 0 0 0 0 0 0 0 0 0.0344828 0 0 0 0 0.0344828 0 0 0 0 0 0 0 0 0 0.0689655 0 0 0 0.0344828 0 0 0 0 0 0 0 0 0 0 0 0 0 0.206897 0 0 0 0 0.0344828 0.0689655 0 0 0.0344828 0 0 0.0344828 0 0.103448 0 0 0 0 0 0 0 0.0344828 0 0 0 0 0 0 0 0 0 0 0 0 0 0.103448 0 0.0689655 0 0 0 0 0 0 0 0 0 0.0344828 0 0 0 0 0 0 0 0 0 0 0 0 0 0 0 0 0 0 0 0 0 0 0 0 0 0 0 0.103448 0 0 
