1 0 0 0 0 0 0 0.125 0 0 0 0 0 0 0 0.125 0 0 0 0 0 0 0 0 0 0 0 0 0 0 0 0 0 0 0 0 0 0 0 0 0 0 0 0 0 0 0 0 0.125 0 0 0 0 0 0 0 0 0 0.125 0 0 0 0 0 0 0 0 0 0 0 0 0.25 0 0 0 0 0 0 0 0 0 0 0 0 0 0 0 0 0 0 0 0 0 0 0 0 0 0 0 0 0 0 0 0 0 0 0 0 0 0 0.25 0 0 0 0 0 0 0 0 0 0 
1 0 0 0 0 0 0 0 0 0 0 0 0 0 0 0.166667 0 0 0 0 0 0 0 0 0 0 0 0 0.25 0 0 0 0 0 0 0.0833333 0 0 0 0 0 0 0 0 0.0833333 0 0 0 0 0 0 0 0 0 0 0 0 0 0 0 0 0 0 0 0 0 0 0 0 0 0 0.25 0 0 0 0 0 0 0 0 0 0 0 0 0 0 0 0 0 0 0 0 0 0 0 0 0 0 0 0 0 0 0 0 0 0 0 0 0 0 0.0833333 0 0.0833333 0 0 0 0 0 0 0 0 
1 0 0 0 0 0 0 0 0 0 0 0 0.142857 0 0 0.285714 0 0 0 0 0 0 0 0.142857 0 0 0.285714 0 0 0 0 0 0 0 0 0 0 0 0 0 0 0 0 0 0 0 0 0 0 0 0 0 0 0 0 0 0 0 0 0 0 0 0 0 0 0 0 0 0.142857 0 0 0 0 0 0 0 0 0 0 0 0 0 0 0 0 0 0 0 0 0 0 0 0 0 0 0 0 0 0 0 0 0 0 0 0 0 0 0 0 0 0 0 0 0 0 0 0 0 0 0 0 
1 0 0 0 0 0 0 0 0 0 0 0 0.08 0 0 0 0 0 0 0.04 0 0 0 0 0 0 0 0 0 0 0 0 0 0 0 0 0 0 0.24 0 0 0 0 0 0 0 0 0.08 0.04 0 0.08 0 0 0 0 0 0 0 0 0 0 0 0 0 0 0 0 0 0 0 0 0 0.04 0 0.08 0 0 0 0 0 0 0 0.04 0 0 0 0 0 0 0 0 0 0 0 0 0 0 0 0 0 0 0 0 0 0 0 0 0.24 0 0 0 0 0.04 0 0 0 0 0 0 0 0 
2 0 0 0 0 0 0 0 0 0 0.1 0 0 0 0 0.1 0 0 0 0 0 0 0 0 0 0 0 0 0.3 0 0 0 0 0 0.1 0.1 0 0 0.1 0 0 0 0 0 0.1 0 0 0 0 0 0 0 0 0 0 0 0 0 0 0 0 0 0 0 0 0 0 0 0 0 0 0 0 0 0 0 0 0 0 0 0 0 0 0 0 0 0 0 0 0 0 0 0 0 0 0 0 0.1 0 0 0 0 0 0 0 0 0 0 0 0 0 0 0 0 0 0 0 0 0 0 0 
2 0 0 0 0 0 0.037037 0 0 0.037037 0 0 0 0.037037 0 0 0 0 0 0 0.037037 0.111111 0 0.037037 0.037037 0 0 0 0.037037 0 0 0 0 0 0 0 0 0 0.0740741 0 0 0 0 0 0 0.0740741 0 0 0.111111 0 0 0 0 0 0 0 0 0 0.037037 0 0 0 0.111111 0 0 0 0 0 0 0 0 0.037037 0 0.037037 0 0 0 0 0 0 0 0 0 0 0 0.0740741 0 0 0 0 0 0 0 0 0 0 0 0.0740741 0 0 0 0 0 0 0 0 0 0 0 0 0 0 0 0 0 0 0 0 0 0 0 
2 0 0.0666667 0.0666667 0 0 0 0 0 0.0666667 0 0 0 0 0 0 0 0 0 0 0 0.0666667 0 0.0666667 0 0 0 0 0 0 0 0 0 0 0 0.0666667 0 0 0 0 0 0 0 0 0 0.133333 0 0.0666667 0 0 0 0 0 0 0 0 0 0 0 0 0 0 0 0.0666667 0 0 0 0 0 0 0 0 0 0 0 0 0 0 0 0 0 0 0 0 0.0666667 0.133333 0 0 0 0 0.0666667 0 0 0 0 0 0 0 0 0 0 0 0 0 0 0 0 0 0 0 0 0 0 0.0666667 0 0 0 0 0 0 0 
2 0 0 0 0 0 0 0 0 0 0 0 0.047619 0 0 0 0 0 0 0 0 0.142857 0 0 0 0 0 0 0 0 0 0 0 0 0 0 0.047619 0 0 0 0 0 0 0 0.142857 0.0952381 0 0 0 0 0 0 0 0 0 0 0 0 0 0 0 0 0 0 0 0 0 0 0 0 0 0 0 0 0.047619 0 0 0 0 0.142857 0 0 0 0 0 0 0 0 0 0 0 0 0 0 0 0 0.047619 0.238095 0 0 0 0 0 0 0 0 0 0 0 0 0 0 0.047619 0 0 0 0 0 0 0 0 
3 0 0 0 0 0 0 0 0 0.181818 0 0 0 0 0 0 0 0 0 0 0 0 0 0 0 0 0.0909091 0 0 0.181818 0 0 0 0 0 0.0909091 0 0 0 0.0909091 0 0 0 0 0 0 0.0909091 0 0 0 0 0 0 0 0 0 0 0 0 0 0 0 0 0 0 0 0 0 0.0909091 0 0 0 0 0 0 0 0 0 0 0 0 0 0 0 0 0 0 0 0 0.181818 0 0 0 0 0 0 0 0 0 0 0 0 0 0 0 0 0 0 0 0 0 0 0 0 0 0 0 0 0 0 0 
3 0 0 0 0 0 0 0 0 0.1 0.1 0 0 0 0 0 0 0 0 0 0 0 0 0 0 0 0 0 0 0 0 0 0 0 0 0.2 0 0 0 0.1 0 0 0 0 0 0 0.1 0 0 0 0 0 0 0 0 0 0.1 0 0.1 0 0 0.1 0 0 0 0 0 0 0 0 0.1 0 0 0 0 0 0 0 0 0 0 0 0 0 0 0 0 0 0 0 0 0 0 0 0 0 0 0 0 0 0 0 0 0 0 0 0 0 0 0 0 0 0 0 0 0 0 0 0 0 0 
3 0 0 0 0 0 0 0 0 0 0 0 0 0 0 0 0 0 0 0 0 0 0 0 0 0 0 0 0.0769231 0.0769231 0 0 0 0 0 0 0 0 0 0 0 0 0 0 0 0 0 0 0 0 0 0 0 0 0 0 0 0 0 0 0 0.230769 0 0 0 0 0 0 0.307692 0 0.0769231 0 0 0 0 0 0 0 0 0 0 0 0 0 0 0 0 0 0 0.153846 0 0 0 0.0769231 0 0 0 0 0 0 0 0 0 0 0 0 0 0 0 0 0 0 0 0 0 0 0 0 0 0 0 
3 0 0 0 0 0 0 0 0 0 0.0588235 0.0588235 0 0 0 0 0 0 0 0 0.0588235 0.0588235 0 0 0 0 0 0 0 0.0588235 0 0 0 0 0 0 0 0 0 0 0 0 0 0 0 0 0 0 0.0588235 0 0.117647 0 0 0 0 0 0.0588235 0 0 0 0 0 0 0 0 0 0.235294 0 0.0588235 0 0 0 0.0588235 0 0 0 0 0 0 0 0 0 0 0 0 0 0 0 0 0 0 0 0 0.117647 0 0 0 0 0 0 0 0 0 0 0 0 0 0 0 0 0 0 0 0 0 0 0 0 0 0 0 
4 0 0 0 0 0 0 0.142857 0 0 0 0 0 0 0 0 0 0 0 0 0 0 0 0 0 0 0 0 0.285714 0 0 0 0 0 0 0 0 0 0 0 0 0 0 0 0.142857 0 0 0 0 0 0 0 0 0 0 0 0 0 0 0 0 0 0 0.142857 0 0 0 0 0 0 0.142857 0 0 0 0 0 0 0 0 0 0 0 0 0 0.142857 0 0 0 0 0 0 0 0 0 0 0 0 0 0 0 0 0 0 0 0 0 0 0 0 0 0 0 0 0 0 0 0 0 0 0 0 
4 0 0 0 0 0 0 0.0833333 0 0.0833333 0 0 0.0833333 0 0 0 0 0 0 0 0 0 0 0 0 0 0.0833333 0 0.0833333 0 0 0 0 0 0 0.0833333 0 0 0 0 0 0 0 0 0 0 0 0 0.166667 0 0 0 0 0 0 0 0 0 0.25 0 0 0 0 0 0 0 0 0 0 0 0.0833333 0 0 0 0 0 0 0 0 0 0 0 0 0 0 0 0 0 0 0 0 0 0 0 0 0 0 0 0 0 0 0 0 0 0 0 0 0 0 0 0 0 0 0 0 0 0 0 0 0 0 
4 0 0 0 0 0 0 0 0 0 0 0 0.0555556 0 0 0.0555556 0 0 0 0 0 0.0555556 0 0 0 0 0.111111 0 0 0 0 0 0 0 0 0.0555556 0 0 0 0 0 0 0 0 0.0555556 0.222222 0 0 0.0555556 0 0 0 0 0 0 0 0 0 0 0 0 0 0 0 0 0 0 0 0 0 0 0 0 0 0 0 0 0 0 0 0 0 0 0 0.0555556 0.0555556 0 0 0 0 0 0 0 0 0 0 0.0555556 0.0555556 0 0 0 0 0 0 0 0 0 0 0 0 0 0 0 0.0555556 0 0 0 0 0 0 0.0555556 
4 0 0.036036 0 0 0 0.00900901 0 0 0 0 0 0 0 0 0 0 0 0 0.036036 0 0.027027 0 0 0 0 0 0 0 0 0 0.0540541 0 0 0 0 0 0 0.045045 0 0.0810811 0 0.00900901 0 0 0.018018 0 0 0.027027 0 0.036036 0 0 0 0 0 0 0 0 0 0 0 0 0 0 0 0.027027 0 0 0.108108 0 0 0 0 0.018018 0.036036 0 0 0 0.018018 0 0 0.018018 0 0 0 0.036036 0.018018 0.027027 0 0 0 0 0 0 0.045045 0 0 0 0 0.117117 0 0 0 0.00900901 0.126126 0 0 0 0 0 0.00900901 0 0 0 0.00900901 0 0 0 0 0 
5 0 0 0 0 0 0 0 0 0 0 0 0.111111 0 0 0 0 0 0 0 0 0 0 0 0 0 0.111111 0 0 0.111111 0 0 0 0 0 0 0 0 0 0.222222 0 0 0 0 0.111111 0 0 0 0 0 0 0 0 0 0 0 0 0 0.222222 0 0 0 0 0 0 0 0 0 0 0 0 0 0 0 0 0 0 0 0 0 0 0 0 0 0 0 0 0 0 0 0 0 0 0 0 0 0 0 0 0 0 0 0 0 0 0 0 0.111111 0 0 0 0 0 0 0 0 0 0 0 0 0 
5 0 0 0 0 0 0 0 0 0 0.2 0 0 0 0 0 0 0 0 0 0 0 0 0 0 0 0 0 0.1 0 0 0 0 0 0 0 0 0 0 0 0 0 0 0 0 0 0 0 0.1 0 0 0 0 0 0 0 0 0 0.3 0 0 0 0 0 0 0 0 0 0 0 0 0 0.1 0 0 0 0 0 0 0 0 0 0 0 0 0 0 0 0 0 0 0 0 0.1 0 0 0 0 0 0 0 0 0 0.1 0 0 0 0 0 0 0 0 0 0 0 0 0 0 0 0 0 
5 0 0 0 0 0 0 0 0 0.111111 0 0 0 0 0 0 0 0 0 0 0 0 0 0 0 0 0 0 0.333333 0 0 0 0 0 0 0 0 0 0 0.111111 0 0 0 0 0 0 0 0 0.111111 0 0 0 0 0 0 0 0 0 0 0 0 0 0 0 0 0 0 0 0 0 0 0 0 0 0.111111 0 0 0 0 0 0 0 0 0 0 0 0 0 0 0 0 0 0 0 0 0 0 0 0 0 0 0 0 0 0 0 0 0 0 0 0 0 0.222222 0 0 0 0 0 0 0 0 
5 0 0 0 0 0 0 0 0 0.416667 0 0 0 0 0 0 0 0 0 0 0 0 0 0 0 0 0 0 0 0 0 0 0 0 0 0.25 0 0 0 0 0 0 0 0 0.0833333 0 0 0 0 0 0 0 0 0 0 0 0 0 0 0 0 0 0 0 0 0 0 0 0 0 0 0 0 0 0 0 0 0 0 0 0 0 0 0 0 0 0 0 0 0 0 0 0 0 0 0 0 0.25 0 0 0 0 0 0 0 0 0 0 0 0 0 0 0 0 0 0 0 0 0 0 0 
6 0 0 0 0 0 0 0.1 0 0 0 0 0 0 0 0 0 0 0 0 0 0 0 0 0 0.6 0 0 0 0.1 0 0 0 0 0 0 0 0 0 0 0 0 0 0 0 0 0 0 0 0 0 0 0 0 0 0 0 0 0 0 0 0 0 0.1 0 0 0 0 0 0 0.1 0 0 0 0 0 0 0 0 0 0 0 0 0 0 0 0 0 0 0 0 0 0 0 0 0 0 0 0 0 0 0 0 0 0 0 0 0 0 0 0 0 0 0 0 0 0 0 0 0 0 
6 0 0 0 0.016129 0 0 0 0 0 0 0 0 0 0 0 0.0645161 0 0 0.0322581 0 0 0 0 0.0322581 0 0 0 0 0 0 0 0 0 0 0 0.209677 0 0 0.016129 0 0 0.0483871 0.0483871 0.0322581 0 0 0 0 0 0 0 0 0 0 0 0 0 0.016129 0 0 0 0 0 0.016129 0 0.0322581 0 0 0.0806452 0 0 0 0.0322581 0 0 0.0645161 0 0.016129 0 0 0 0 0 0 0 0.016129 0.0806452 0 0 0 0 0 0 0.0806452 0.0322581 0.016129 0 0 0 0 0 0 0.016129 0 0 0 0 0 0 0 0 0 0 0 0 0 0 0 0 0 
6 0 0 0 0 0 0 0.181818 0 0 0 0 0 0 0 0 0 0 0 0 0 0 0 0 0 0 0 0 0 0 0 0 0 0 0.181818 0 0 0 0 0 0 0 0 0 0 0 0 0 0 0 0 0 0 0 0 0 0 0 0 0 0 0 0 0.0909091 0 0 0 0 0 0 0.545455 0 0 0 0 0 0 0 0 0 0 0 0 0 0 0 0 0 0 0 0 0 0 0 0 0 0 0 0 0 0 0 0 0 0 0 0 0 0 0 0 0 0 0 0 0 0 0 0 0 0 
6 0 0 0 0 0 0 0 0 0 0 0 0 0 0 0 0 0 0 0 0 0.142857 0 0 0 0 0 0 0 0.0714286 0 0 0 0 0 0 0 0 0.0714286 0 0 0 0 0 0.357143 0 0 0 0 0 0 0 0 0 0 0 0 0 0.0714286 0 0 0 0 0 0 0 0 0 0 0 0 0 0 0 0 0 0 0 0 0.214286 0 0 0 0 0 0 0 0 0 0 0 0 0 0 0 0 0 0.0714286 0 0 0 0 0 0 0 0 0 0 0 0 0 0 0 0 0 0 0 0 0 0 0 
7 0 0 0 0 0 0.371429 0 0 0 0 0 0 0 0 0 0 0 0 0 0 0 0 0 0 0 0.0285714 0 0 0 0 0 0 0 0 0 0 0 0.0285714 0 0 0 0 0 0 0.0142857 0.128571 0 0.0285714 0 0 0 0 0 0 0 0 0 0 0 0 0 0 0 0 0 0 0 0 0 0 0 0 0 0.0285714 0 0 0 0 0 0 0 0 0 0 0.0142857 0 0 0 0 0.2 0 0 0 0 0 0 0 0 0 0 0 0 0 0 0 0 0.0142857 0 0 0 0 0.0142857 0 0 0.128571 0 0 0 0 0 
7 0.0289855 0 0 0 0 0 0 0 0 0 0 0 0.0434783 0.0144928 0 0.188406 0 0 0 0.0434783 0.0144928 0 0 0 0 0 0 0.0434783 0 0 0 0 0 0 0 0 0.0144928 0.057971 0 0 0 0 0 0 0.0144928 0 0 0.0869565 0 0.0144928 0 0 0 0 0 0 0 0 0 0.0289855 0 0 0 0 0 0 0 0 0 0 0.0144928 0 0.0724638 0 0 0.0144928 0 0 0 0 0 0 0 0 0 0 0 0 0 0 0 0 0.0144928 0.0144928 0 0.0289855 0.0144928 0 0 0 0.0289855 0 0.0724638 0 0 0.0724638 0 0 0 0 0 0 0.0289855 0 0.0289855 0 0 0 0 0 
7 0 0 0.111111 0 0 0 0 0 0 0 0 0 0 0 0 0 0 0 0 0 0 0 0 0 0 0 0 0 0 0 0 0 0 0 0 0 0 0 0 0 0 0 0 0.111111 0 0 0 0.111111 0 0 0.111111 0 0 0 0 0 0 0 0.111111 0 0 0 0 0 0 0 0 0 0 0 0 0 0 0 0 0 0 0 0 0 0 0 0 0 0.111111 0 0 0 0 0 0 0 0 0 0 0 0.111111 0 0 0 0 0 0 0 0 0 0 0 0 0 0 0 0 0 0 0 0 0 0 0.222222 
7 0 0.030303 0.030303 0 0 0 0 0 0 0 0 0.030303 0 0.0606061 0 0 0 0 0 0 0.030303 0 0.030303 0 0 0 0 0 0 0 0 0 0 0 0 0 0 0 0 0 0 0 0.030303 0 0.0606061 0 0 0 0 0 0.121212 0 0 0 0 0 0 0 0 0 0 0 0 0 0 0.121212 0 0 0.151515 0 0 0 0 0 0 0 0.0909091 0 0.030303 0 0 0 0 0 0.0909091 0 0 0 0 0 0 0 0 0 0.0606061 0 0 0 0 0 0 0 0 0 0 0 0 0 0 0 0.030303 0 0 0 0 0 0 0 0 0 
8 0.0416667 0 0 0 0 0 0 0 0 0 0 0 0.0208333 0 0 0.0208333 0 0 0 0 0 0 0 0 0 0 0 0.0625 0 0 0 0 0 0 0 0 0 0.125 0 0 0 0 0 0 0 0 0 0.0208333 0 0 0 0 0 0 0 0 0 0 0 0 0 0 0 0.0625 0 0 0 0 0 0 0 0 0.104167 0.0833333 0 0 0 0 0 0 0 0 0 0 0 0 0 0 0 0 0 0 0 0 0 0 0 0 0 0 0.0208333 0 0 0 0 0 0 0 0 0 0 0 0 0 0.395833 0.0416667 0 0 0 0 
8 0.169935 0 0 0 0 0 0 0 0 0.00653595 0 0 0 0 0 0.00653595 0.0980392 0 0 0 0 0.0392157 0 0 0 0 0 0 0 0 0 0 0 0 0 0 0 0.0326797 0 0 0 0 0 0 0 0 0 0.00653595 0.0130719 0.00653595 0 0.169935 0 0.0196078 0 0 0 0 0 0.0130719 0 0 0 0.00653595 0 0 0.0196078 0 0 0 0 0 0.00653595 0.0196078 0 0.0130719 0 0 0 0.0196078 0.0261438 0 0 0 0 0 0 0 0 0 0 0.0130719 0 0.00653595 0.00653595 0 0 0 0 0 0.00653595 0 0 0 0 0.0522876 0 0 0 0 0 0 0 0 0 0.196078 0 0 0.0261438 0 
8 0 0 0 0 0 0 0 0 0 0 0 0 0 0 0 0 0 0 0.0344828 0 0 0 0 0 0 0 0 0 0 0 0 0 0 0 0 0 0 0.172414 0 0 0 0 0 0 0 0 0 0 0 0.206897 0 0 0 0 0 0 0 0 0 0 0 0 0 0.0344828 0 0 0 0 0 0 0 0 0 0.275862 0 0 0 0 0 0 0 0.137931 0 0 0 0 0 0 0 0 0 0 0 0.0344828 0 0 0.0344828 0 0.0344828 0 0 0 0 0 0 0 0 0 0 0 0 0.0344828 0 0 0 0 0 0 0 0 
8 0.0205479 0 0 0 0 0 0 0 0 0 0 0 0 0 0 0 0 0 0 0 0 0 0 0 0 0 0 0 0 0 0.0342466 0 0 0 0 0 0 0 0 0.0684932 0.0136986 0 0 0 0 0 0 0 0.157534 0 0 0.0136986 0.0205479 0 0 0 0.00684932 0 0 0 0 0 0 0.0547945 0 0 0.0753425 0 0 0 0 0 0 0 0 0 0 0 0 0.0273973 0.178082 0 0 0 0 0 0 0 0 0 0 0.0205479 0 0 0.00684932 0 0 0 0.00684932 0.0342466 0 0 0 0 0.00684932 0.0479452 0 0 0.157534 0 0 0 0 0 0 0.0273973 0 0 0.0205479 0 
9 0 0 0 0 0 0 0 0 0 0 0 0 0 0 0 0 0 0 0 0 0 0 0 0 0.25 0 0 0 0 0 0 0 0 0 0 0 0 0 0 0 0 0 0 0 0 0 0 0 0 0 0 0 0 0 0 0 0 0 0 0 0 0 0 0 0 0 0 0 0 0 0 0 0 0 0 0 0 0 0 0 0 0 0 0 0 0 0 0 0 0 0 0 0 0 0 0 0 0.75 0 0 0 0 0 0 0 0 0 0 0 0 0 0 0 0 0 0 0 0 0 0 
9 0 0 0 0 0 0 0.125 0 0 0 0 0 0 0 0 0 0 0 0 0 0 0 0 0 0 0 0 0 0 0 0 0 0 0.125 0 0 0 0 0 0 0 0 0 0 0 0 0 0 0 0 0 0 0 0 0 0 0 0 0 0 0 0 0 0 0 0 0 0 0 0.625 0 0 0 0 0 0 0 0 0 0 0 0 0 0 0 0 0 0 0 0 0 0 0 0 0 0 0 0 0 0 0 0 0 0 0 0 0 0 0 0 0 0 0 0 0 0 0 0 0 0.125 
9 0 0 0 0 0 0 0 0 0 0 0 0 0 0 0 0 0 0 0 0 0 0 0 0 0 0 0 0 0 0 0 0 0 0 0 0 0 0 0 0 0 0 0 0 0 0 0 0 0 0 0 0 0 0 0 0 0 0 0 0 0 0 0 0 0 0 0 0 0 0.714286 0 0 0 0 0 0 0 0 0 0 0 0 0 0 0 0 0 0 0 0 0 0 0 0 0 0 0 0.142857 0 0 0 0 0 0 0 0 0 0 0 0 0 0 0 0 0 0 0 0 0 0.142857 
9 0 0 0 0 0 0 0 0 0 0 0 0 0 0 0 0 0 0 0 0 0 0 0 0 0 0 0 0 0 0 0 0 0 0.125 0.375 0 0 0 0 0 0 0 0 0 0 0 0 0 0 0 0 0 0 0 0 0 0 0 0 0 0 0 0 0 0 0 0 0 0 0.375 0 0 0 0 0 0 0 0 0 0 0 0 0 0.125 0 0 0 0 0 0 0 0 0 0 0 0 0 0 0 0 0 0 0 0 0 0 0 0 0 0 0 0 0 0 0 0 0 0 0 0 
10 0 0 0 0 0 0 0 0 0 0 0 0 0 0 0 0 0 0 0 0 0 0 0 0 0 0 0 0.333333 0 0 0 0 0 0 0 0 0 0.111111 0 0 0 0 0 0 0.111111 0 0 0.111111 0 0 0 0 0 0 0 0 0 0 0 0 0 0 0 0 0 0 0 0 0 0 0 0 0 0 0 0 0 0 0 0 0 0 0 0.111111 0 0 0 0 0 0 0 0 0 0 0 0 0.111111 0 0 0 0 0 0 0 0 0 0 0 0 0 0 0 0 0 0.111111 0 0 0 0 0 
10 0 0 0 0 0 0 0 0 0 0 0 0 0 0 0 0.0909091 0 0 0 0 0.0909091 0 0 0 0 0 0 0.181818 0 0 0 0 0 0 0 0 0 0.0909091 0 0 0 0 0 0 0 0 0 0.272727 0 0 0 0 0 0 0 0 0 0 0 0 0 0 0 0 0 0 0 0 0 0 0.0909091 0 0 0 0 0 0 0 0 0 0 0 0 0 0 0 0 0 0 0 0 0 0 0 0 0 0 0 0 0 0 0 0.0909091 0 0 0 0 0 0 0 0 0.0909091 0 0 0 0 0 0 0 0 
10 0 0 0 0 0 0 0 0 0 0.0666667 0 0 0 0 0 0 0 0 0.133333 0.0666667 0.0666667 0 0 0 0 0 0 0 0 0 0 0 0 0 0 0 0 0 0 0 0 0 0 0 0.2 0 0 0.133333 0 0 0 0 0 0 0 0 0 0 0 0 0 0 0 0 0 0 0 0 0 0 0 0 0 0 0 0 0 0.0666667 0 0 0 0.2 0 0 0 0 0 0 0 0 0 0 0 0 0 0 0.0666667 0 0 0 0 0 0 0 0 0 0 0 0 0 0 0 0 0 0 0 0 0 0 0 
10 0 0.0227273 0 0 0 0 0 0 0 0 0 0 0 0 0 0 0 0 0.113636 0 0 0 0.0227273 0 0 0 0 0 0 0 0.181818 0 0 0 0 0 0 0 0 0 0 0 0 0 0 0 0.0227273 0 0 0.113636 0 0 0 0 0 0 0 0 0 0 0 0 0 0.0454545 0 0.0227273 0 0 0.0227273 0 0 0 0 0 0 0 0 0 0 0 0 0.0227273 0 0 0 0.0227273 0 0.0681818 0 0 0 0 0 0 0.0454545 0 0 0 0.0681818 0 0 0 0 0 0.0681818 0 0 0.136364 0 0 0 0 0 0 0 0 0 0 0 0 
11 0 0 0 0 0 0 0 0 0 0.111111 0 0 0 0 0 0 0 0 0 0 0 0 0 0 0 0 0 0.222222 0 0 0 0 0 0 0 0 0 0 0 0 0 0 0 0.111111 0 0 0 0.111111 0 0 0 0 0 0 0 0 0 0.111111 0 0 0 0 0 0 0 0 0 0 0 0 0 0 0 0 0 0 0 0 0 0 0 0 0 0 0 0 0 0 0 0 0 0 0 0 0 0 0 0 0 0 0 0 0 0 0 0 0 0 0 0 0 0.333333 0 0 0 0 0 0 0 0 
11 0 0 0 0 0 0 0 0 0 0.0909091 0 0 0 0 0 0 0 0 0 0 0 0 0 0 0 0 0 0 0 0 0 0 0 0 0 0 0 0.272727 0 0 0 0 0 0.0909091 0 0 0.0909091 0 0 0 0 0 0 0 0 0 0 0.454545 0 0 0 0 0 0 0 0 0 0 0 0 0 0 0 0 0 0 0 0 0 0 0 0 0 0 0 0 0 0 0 0 0 0 0 0 0 0 0 0 0 0 0 0 0 0 0 0 0 0 0 0 0 0 0 0 0 0 0 0 0 0 
11 0 0 0 0 0 0 0 0 0 0.111111 0 0 0 0 0 0 0 0 0 0 0 0 0 0 0 0 0 0 0.222222 0 0 0 0 0 0 0 0 0 0.222222 0 0 0 0 0 0.111111 0 0 0 0 0 0 0 0 0 0 0.111111 0 0.111111 0 0 0 0 0 0 0 0 0 0 0 0 0 0 0 0 0 0 0 0 0 0 0 0 0 0 0 0 0 0 0 0 0 0 0 0 0 0 0 0 0 0 0 0 0 0 0 0 0.111111 0 0 0 0 0 0 0 0 0 0 0 0 0 
11 0 0 0 0 0 0 0 0 0 0 0 0 0 0 0 0 0 0 0 0 0 0 0 0 0 0 0 0 0 0 0 0 0 0 0 0 0 0.0909091 0.0909091 0 0 0 0 0.272727 0.0909091 0 0 0.0909091 0 0 0 0 0 0 0 0 0 0 0 0 0 0 0 0 0 0 0 0 0 0 0 0 0 0 0 0 0 0 0 0 0 0 0 0 0 0 0 0 0 0 0 0 0.181818 0 0 0 0.181818 0 0 0 0 0 0 0 0 0 0 0 0 0 0 0 0 0 0 0 0 0 0 0 
12 0 0 0 0 0 0 0 0 0 0.0212766 0 0 0.0212766 0 0 0.0425532 0 0 0 0 0 0 0 0 0 0 0 0 0 0 0 0 0 0 0 0 0 0.170213 0.0425532 0 0 0 0 0 0 0 0 0.0425532 0 0.12766 0 0 0 0 0 0 0 0 0 0.0212766 0 0 0 0 0 0 0 0 0 0 0 0.212766 0 0 0 0 0 0 0 0 0 0 0 0 0 0 0 0 0 0 0 0 0.0851064 0 0 0 0 0 0 0 0.0212766 0 0.0851064 0 0 0 0.0212766 0 0 0 0 0 0 0 0.0851064 0 0 0 0 0 
12 0.161765 0 0 0 0 0 0 0.0147059 0 0 0 0 0 0 0 0.0441176 0 0 0 0.0294118 0 0 0 0 0 0 0 0 0 0 0 0 0 0 0 0 0 0.132353 0 0 0 0 0 0 0 0 0 0.0147059 0 0 0 0.0294118 0 0 0 0 0 0 0 0.0147059 0 0 0 0 0 0 0 0 0 0 0 0.0735294 0.0294118 0.0294118 0 0.0294118 0 0 0 0 0 0 0 0 0 0 0 0 0 0 0 0 0.0588235 0 0 0 0 0 0 0 0 0.0147059 0.132353 0 0 0 0.0294118 0 0 0 0 0 0 0 0.0882353 0.0735294 0 0 0 0 
12 0 0 0 0.0625 0 0 0 0.09375 0 0 0 0.03125 0 0.03125 0 0 0 0 0 0 0.03125 0 0 0 0 0 0 0 0 0 0 0 0 0 0 0 0 0 0 0 0 0 0 0 0 0 0 0 0 0.03125 0 0 0 0 0 0 0 0 0 0 0 0 0.03125 0 0 0 0 0.0625 0 0 0 0.375 0 0 0 0 0 0.09375 0 0 0 0 0 0 0 0 0 0.03125 0 0 0 0 0.0625 0 0 0 0 0 0 0 0 0 0 0 0 0 0.0625 0 0 0 0 0 0 0 0 0 0 0 0 0 
12 0 0 0 0.03125 0 0 0 0.046875 0 0.015625 0.03125 0 0 0 0 0 0 0 0 0.015625 0 0 0 0 0 0 0 0 0 0.046875 0.046875 0 0 0 0 0.015625 0 0 0 0.015625 0 0 0 0 0 0 0 0 0.0625 0.0625 0.015625 0 0 0.015625 0 0 0 0 0 0.015625 0 0.03125 0 0 0 0 0.03125 0.015625 0 0 0 0.15625 0.015625 0 0 0 0 0.03125 0 0 0 0 0 0 0 0 0.046875 0.03125 0.015625 0 0 0 0.03125 0 0 0 0 0 0.03125 0.03125 0 0.015625 0 0 0.015625 0 0 0.0625 0 0 0 0 0 0 0 0 0 0 0 0 
13 0.0347222 0 0.00694444 0 0 0.00694444 0 0 0 0 0 0 0.00694444 0 0 0.0138889 0.0555556 0 0 0 0 0.00694444 0 0.0347222 0 0 0 0 0 0 0 0 0 0 0 0 0 0 0 0 0 0 0 0 0 0 0 0 0.00694444 0.0416667 0.00694444 0.0833333 0 0.0555556 0 0 0 0 0 0.0138889 0 0.00694444 0 0.0208333 0.00694444 0 0 0 0 0 0 0 0 0 0 0.0138889 0 0.0208333 0 0 0.0763889 0 0 0 0 0 0 0 0 0 0 0.159722 0 0.0138889 0.0416667 0 0 0 0 0 0 0 0.0277778 0 0 0.104167 0 0 0.00694444 0 0 0 0 0 0.0138889 0.0416667 0.0416667 0.00694444 0.0208333 0 
13 0 0 0.0681818 0 0 0 0 0 0 0 0 0.0227273 0.181818 0.0227273 0 0 0 0 0 0 0 0 0 0 0 0 0 0.0681818 0 0 0 0 0 0 0 0 0.454545 0 0 0 0 0 0 0 0 0 0 0 0 0 0 0 0 0 0 0 0 0 0.0227273 0 0 0 0 0 0.0909091 0 0 0 0 0 0 0 0 0 0 0 0.0454545 0 0 0 0 0 0 0 0 0 0 0 0 0 0 0 0 0 0 0 0 0 0 0 0 0 0 0 0 0 0 0 0 0 0 0 0.0227273 0 0 0 0 0 0 0 
13 0 0 0 0 0 0 0 0 0 0 0 0 0 0 0 0 0.122807 0.00877193 0 0 0 0 0.00877193 0.00877193 0.00877193 0 0 0 0 0.0526316 0 0 0 0.00877193 0 0.0175439 0 0 0 0.00877193 0 0 0.0175439 0 0 0 0 0 0.0789474 0 0.00877193 0 0 0 0 0 0.114035 0 0 0 0 0.00877193 0.00877193 0 0 0 0 0 0.00877193 0 0 0 0.00877193 0 0 0.0350877 0.0175439 0.00877193 0 0.00877193 0.0526316 0 0 0.00877193 0 0.00877193 0 0.00877193 0 0 0 0 0 0 0.0614035 0 0 0.00877193 0 0 0 0 0 0 0 0.263158 0 0.0175439 0 0 0 0 0 0 0 0 0 0 0 0 
13 0 0 0 0 0 0 0 0 0 0 0 0 0 0.0238095 0 0 0 0 0 0.0238095 0 0 0 0 0 0 0 0 0 0 0 0 0 0 0 0 0.380952 0 0 0 0 0 0 0 0 0 0 0 0 0 0 0 0 0 0 0 0 0 0.357143 0 0 0 0 0 0.0238095 0 0 0 0 0 0 0 0 0 0 0 0.0952381 0 0.0238095 0 0 0 0 0 0.047619 0 0 0 0 0 0 0 0 0 0 0 0 0 0 0 0 0 0 0 0 0 0 0 0 0 0.0238095 0 0 0 0 0 0 0 0 0 
14 0 0 0 0 0 0 0 0 0 0 0 0 0 0 0 0 0 0 0 0 0 0 0 0 0 0.333333 0 0 0 0 0 0 0 0 0 0 0 0 0 0 0 0 0 0 0 0 0 0.111111 0 0 0 0 0 0 0 0 0 0 0 0 0 0 0 0 0 0 0 0 0 0 0 0 0 0.111111 0 0 0 0 0 0 0 0 0 0 0 0 0 0 0.333333 0 0 0 0 0 0 0 0 0 0 0 0 0 0 0 0 0 0 0 0 0 0 0.111111 0 0 0 0 0 0 0 0 
14 0 0 0 0 0 0 0 0 0 0 0 0 0 0 0 0 0 0 0 0 0 0 0 0 0 0 0 0 0 0 0 0 0 0 0 0 0 0 0.125 0 0 0 0 0.125 0 0 0 0.25 0 0 0 0 0 0 0 0 0 0 0 0 0 0 0 0 0 0 0 0 0 0 0 0 0 0 0 0 0 0 0 0 0 0 0 0 0 0 0 0 0 0 0 0 0 0 0 0 0 0 0 0 0 0 0 0 0 0 0 0 0 0 0 0.5 0 0 0 0 0 0 0 0 
14 0 0 0 0 0 0 0 0 0 0.1 0 0 0 0 0 0 0 0 0 0 0 0 0 0 0 0 0 0.1 0 0 0 0 0 0.1 0 0 0 0 0.2 0 0 0 0 0.3 0 0 0 0 0 0 0 0 0 0 0 0 0 0.1 0 0 0 0 0 0 0 0 0 0 0 0 0 0 0 0 0 0 0 0 0 0.1 0 0 0 0 0 0 0 0 0 0 0 0 0 0 0 0 0 0 0 0 0 0 0 0 0 0 0 0 0 0 0 0 0 0 0 0 0 0 0 0 
14 0 0 0 0 0 0 0 0 0 0.1 0 0 0 0 0 0 0 0 0 0 0 0 0 0 0 0 0 0 0 0 0 0 0 0 0 0 0 0.1 0 0 0 0 0 0.2 0 0 0 0 0 0 0 0 0 0 0 0 0 0.1 0 0 0 0 0 0 0 0 0 0 0 0 0 0 0 0 0 0 0 0 0 0 0 0 0 0 0 0 0 0 0 0 0 0 0 0 0 0 0 0 0 0 0 0 0 0 0 0 0 0 0 0 0 0.5 0 0 0 0 0 0 0 0 
15 0.435484 0 0 0 0 0 0 0 0 0 0 0 0 0 0 0.0322581 0 0 0.016129 0 0 0 0 0 0 0 0 0 0 0 0 0 0 0 0 0 0 0.0967742 0 0 0 0 0 0 0 0 0 0 0 0 0 0.0645161 0 0 0 0.016129 0 0 0 0 0 0 0 0.0322581 0 0 0 0 0 0 0 0 0 0 0 0.0483871 0 0 0 0 0 0.0322581 0 0 0 0 0 0 0 0 0 0 0 0.016129 0 0 0 0 0 0 0 0.016129 0.016129 0 0 0 0 0 0 0 0 0 0 0 0.016129 0.16129 0 0 0 0 
15 0.028169 0 0.028169 0 0.0140845 0 0 0 0 0 0 0 0.0140845 0 0 0.028169 0.028169 0 0.028169 0 0 0.028169 0 0 0 0 0 0.0140845 0 0 0 0 0 0 0 0 0 0.056338 0 0 0 0 0 0 0 0 0 0 0.028169 0.0140845 0 0.225352 0 0 0 0 0 0 0 0 0 0 0.0140845 0 0 0 0.0140845 0 0 0 0 0 0 0 0 0.0422535 0 0 0 0 0.084507 0 0 0 0 0 0 0 0 0 0 0 0.0422535 0 0 0 0 0 0 0 0 0 0.0422535 0 0 0 0.028169 0 0 0 0 0 0 0 0 0.0985916 0 0 0.0985916 0 
15 0 0 0 0 0.0465116 0 0 0 0 0 0 0 0 0 0 0 0 0 0 0.0232558 0 0.0232558 0 0 0 0 0 0 0 0 0.0465116 0 0 0 0 0 0 0 0 0.0697674 0 0 0 0 0 0 0.0232558 0 0.0232558 0 0 0 0 0 0 0 0.0697674 0 0 0 0 0 0 0.0232558 0 0 0 0 0.0232558 0.0232558 0 0 0 0 0.0465116 0 0 0 0 0 0 0.0232558 0 0 0 0 0.0697674 0.0697674 0 0 0 0 0 0 0.139535 0.0232558 0 0 0 0 0 0 0 0 0.116279 0 0 0.0930233 0 0 0 0 0 0 0 0 0 0.0232558 0 0 
15 0 0 0.025 0 0.075 0 0 0 0 0 0 0 0 0 0 0 0 0 0.075 0.025 0 0 0 0 0 0 0 0 0 0 0 0 0 0 0 0 0 0 0 0 0 0 0.05 0 0 0 0 0 0 0 0 0 0 0 0 0 0 0 0 0 0 0 0 0.05 0 0 0 0 0.05 0 0 0 0 0 0 0 0 0 0 0 0 0.25 0 0 0 0 0.025 0 0 0 0 0 0 0.025 0 0 0 0 0.025 0 0 0 0 0.15 0.15 0 0 0 0 0 0.025 0 0 0 0 0 0 0 0 0 
16 0.0333333 0 0 0 0 0 0 0 0 0 0 0 0 0 0 0.0166667 0 0 0 0 0 0 0.0333333 0 0 0 0 0.0166667 0 0.0166667 0 0 0 0 0.0166667 0 0 0.05 0 0 0 0 0 0 0 0 0.0333333 0 0 0 0 0.05 0 0 0 0 0 0 0 0 0 0 0 0.0333333 0 0 0 0 0 0 0 0 0.25 0 0 0.116667 0 0 0 0 0.0333333 0 0 0 0 0 0 0 0 0 0 0 0 0 0 0 0.0166667 0 0 0 0.0333333 0 0 0 0 0 0 0 0 0 0 0 0 0 0.0833333 0.15 0 0 0.0166667 0 
16 0.189873 0 0 0 0 0.0126582 0 0 0 0 0 0 0 0 0 0.0126582 0 0 0 0.0253165 0 0 0 0 0 0 0 0 0 0 0 0.0886076 0 0 0 0.0253165 0 0.0506329 0 0 0 0 0 0 0 0 0 0 0 0.0126582 0 0 0 0 0 0 0 0 0 0 0 0 0 0 0 0 0 0 0.0126582 0 0 0 0.0632911 0.0379747 0 0.0759494 0 0 0 0.0632911 0 0 0 0 0 0 0 0 0 0.0759494 0 0 0 0 0 0 0 0 0 0 0 0 0 0 0 0.0379747 0 0 0 0 0 0 0 0 0.0632911 0.113924 0.0379747 0 0 0 
16 0 0 0 0 0 0 0 0 0 0 0 0 0 0 0 0 0 0 0 0.0869565 0.0434783 0 0 0 0 0 0 0 0 0 0 0 0 0 0 0 0 0 0 0 0 0 0 0 0 0 0.0869565 0 0 0.0869565 0 0 0 0 0 0 0 0 0 0 0 0.0434783 0 0.0869565 0 0.0434783 0 0 0 0 0 0 0 0 0.0869565 0 0 0 0 0 0 0.173913 0 0 0 0.0434783 0 0 0 0 0 0 0 0 0.0434783 0 0 0 0.0434783 0 0 0 0 0 0 0 0.0869565 0 0 0 0 0 0 0 0 0 0 0 0 0.0434783 
16 0 0 0 0 0 0 0 0 0 0 0 0 0 0 0 0 0 0 0 0 0.0344828 0 0 0 0 0.0344828 0 0 0 0.0344828 0 0 0 0 0 0 0 0 0 0.172414 0 0 0 0 0.0344828 0 0.103448 0 0 0 0 0 0 0 0 0 0 0 0 0 0 0 0 0.0689655 0 0 0 0 0.0344828 0 0 0 0.0344828 0 0 0 0 0 0 0 0.103448 0.103448 0 0.0344828 0 0 0.103448 0.0344828 0 0 0 0 0 0 0.0344828 0 0.0344828 0 0 0 0 0 0 0 0 0 0 0 0 0 0 0 0 0 0 0 0 0 0 0 
